(2,1) 0.0381
(3,1) 0.0334
(4,1) 0.0339
(5,1) 0.0461
(6,1) 0.0428
(7,1) 0.0384
(8,1) 0.0376
(30,1) 0.0364
(37,1) 0.0357
(41,1) 0.0427
(84,1) 0.0999
(85,1) 0.0314
(86,1) 0.0401
(89,1) 0.0399
(1,2) 0.0381
(439,2) 0.31
(454,2) 0.2193
(1,3) 0.0334
(1,4) 0.0339
(461,4) 0.3186
(463,4) 0.8584
(1,5) 0.0461
(405,5) 0.9017
(462,5) 0.6609
(1,6) 0.0428
(9,6) 0.2362
(411,6) 0.8361
(1,7) 0.0384
(30,7) 0.5744
(34,7) 0.37
(1,8) 0.0376
(86,8) 0.7326
(87,8) 0.2742
(6,9) 0.2362
(10,9) 1.0952
(11,9) 0.6863
(9,10) 1.0952
(9,11) 0.6863
(12,11) 0.3495
(13,11) 0.1722
(20,11) 0.6357
(11,12) 0.3495
(13,12) 0.7994
(16,12) 0.5225
(11,13) 0.1722
(12,13) 0.7994
(14,13) 0.1252
(13,14) 0.1252
(15,14) 0.6369
(19,14) 0.4006
(14,15) 0.6369
(17,15) 0.7582
(23,15) 0.9183
(12,16) 0.5225
(17,16) 0.511
(18,16) 0.4541
(408,16) 0.1431
(15,17) 0.7582
(16,17) 0.511
(18,17) 0.9355
(16,18) 0.4541
(17,18) 0.9355
(326,18) 0.6873
(14,19) 0.4006
(20,19) 1.7787
(22,19) 1.7091
(11,20) 0.6357
(19,20) 1.7787
(21,20) 1.125
(20,21) 1.125
(22,21) 0.6532
(29,21) 0.1582
(36,21) 0.2666
(19,22) 1.7091
(21,22) 0.6532
(23,22) 0.5165
(15,23) 0.9183
(22,23) 0.5165
(24,23) 0.5498
(287,23) 0.3429
(23,24) 0.5498
(25,24) 0.098
(26,24) 0.1202
(24,25) 0.098
(24,26) 0.1202
(27,26) 0.2002
(29,26) 0.4055
(26,27) 0.2002
(28,27) 0.1213
(273,27) 1.8288
(27,28) 0.1213
(29,28) 0.1794
(47,28) 0.8078
(50,28) 0.8985
(21,29) 0.1582
(26,29) 0.4055
(28,29) 0.1794
(1,30) 0.0364
(7,30) 0.5744
(31,30) 0.7593
(35,30) 0.9107
(37,30) 0.5754
(30,31) 0.7593
(32,31) 0.3836
(34,31) 1.1331
(35,31) 0.7018
(31,32) 0.3836
(33,32) 1.2213
(34,32) 0.5501
(32,33) 1.2213
(7,34) 0.37
(31,34) 1.1331
(32,34) 0.5501
(30,35) 0.9107
(31,35) 0.7018
(36,35) 1.1305
(37,35) 0.6812
(21,36) 0.2666
(35,36) 1.1305
(37,36) 0.821
(38,36) 0.834
(1,37) 0.0357
(30,37) 0.5754
(35,37) 0.6812
(36,37) 0.821
(36,38) 0.834
(39,38) 1.6258
(42,38) 0.516
(55,38) 0.5342
(38,39) 1.6258
(40,39) 0.9141
(56,39) 0.7587
(39,40) 0.9141
(41,40) 1.1112
(56,40) 0.431
(1,41) 0.0427
(40,41) 1.1112
(57,41) 0.2163
(38,42) 0.516
(43,42) 2.0109
(46,42) 1.4186
(42,43) 2.0109
(44,43) 1.1555
(45,43) 1.1662
(43,44) 1.1555
(43,45) 1.1662
(42,46) 1.4186
(47,46) 1.054
(49,46) 1.1582
(58,46) 0.7675
(28,47) 0.8078
(46,47) 1.054
(48,47) 1.0217
(59,47) 0.2749
(47,48) 1.0217
(46,49) 1.1582
(28,50) 0.8985
(51,50) 0.2034
(60,50) 0.7855
(61,50) 0.9042
(50,51) 0.2034
(52,51) 0.3837
(69,51) 0.1615
(51,52) 0.3837
(53,52) 0.6549
(54,52) 0.7716
(72,52) 0.5519
(52,53) 0.6549
(75,53) 1.2271
(77,53) 0.6716
(52,54) 0.7716
(38,55) 0.5342
(57,55) 1.3835
(58,55) 1.4522
(39,56) 0.7587
(40,56) 0.431
(57,56) 1.5389
(41,57) 0.2163
(55,57) 1.3835
(56,57) 1.5389
(65,57) 0.2917
(46,58) 0.7675
(55,58) 1.4522
(59,58) 1.0655
(64,58) 0.5814
(47,59) 0.2749
(58,59) 1.0655
(60,59) 0.7225
(50,60) 0.7855
(59,60) 0.7225
(61,60) 1.2338
(63,60) 0.7622
(50,61) 0.9042
(60,61) 1.2338
(62,61) 1.9654
(61,62) 1.9654
(63,62) 0.5302
(67,62) 0.4621
(91,62) 0.7825
(60,63) 0.7622
(62,63) 0.5302
(65,63) 0.8673
(66,63) 0.2413
(58,64) 0.5814
(57,65) 0.2917
(63,65) 0.8673
(66,65) 0.2855
(63,66) 0.2413
(65,66) 0.2855
(90,66) 0.7413
(91,66) 0.1261
(62,67) 0.4621
(68,67) 0.6184
(91,67) 0.6373
(67,68) 0.6184
(69,68) 0.6873
(70,68) 0.9862
(92,68) 0.5043
(93,68) 0.319
(51,69) 0.1615
(68,69) 0.6873
(70,69) 1.2945
(71,69) 0.8197
(68,70) 0.9862
(69,70) 1.2945
(71,70) 0.7893
(69,71) 0.8197
(70,71) 0.7893
(72,71) 0.545
(74,71) 0.8403
(52,72) 0.5519
(71,72) 0.545
(73,72) 1.6703
(72,73) 1.6703
(74,73) 0.4239
(75,73) 0.9425
(71,74) 0.8403
(73,74) 0.4239
(79,74) 0.1981
(98,74) 0.2757
(53,75) 1.2271
(73,75) 0.9425
(76,75) 1.2989
(75,76) 1.2989
(77,76) 1.2047
(104,76) 0.1657
(53,77) 0.6716
(76,77) 1.2047
(78,77) 0.1519
(113,77) 0.3053
(114,77) 0.4211
(77,78) 0.1519
(74,79) 0.1981
(80,79) 0.4914
(96,79) 0.6418
(79,80) 0.4914
(81,80) 0.2921
(97,80) 0.4978
(80,81) 0.2921
(82,81) 1.5361
(84,81) 0.3623
(81,82) 1.5361
(83,82) 0.6954
(95,82) 0.4773
(82,83) 0.6954
(84,83) 1.1111
(87,83) 0.8058
(88,83) 0.4829
(1,84) 0.0999
(81,84) 0.3623
(83,84) 1.1111
(85,84) 0.6068
(1,85) 0.0314
(84,85) 0.6068
(86,85) 0.8613
(87,85) 0.5269
(1,86) 0.0401
(8,86) 0.7326
(85,86) 0.8613
(8,87) 0.2742
(83,87) 0.8058
(85,87) 0.5269
(88,87) 1.1795
(89,87) 0.4721
(90,87) 1.1279
(83,88) 0.4829
(87,88) 1.1795
(94,88) 1.1098
(1,89) 0.0399
(87,89) 0.4721
(90,89) 0.1465
(66,90) 0.7413
(87,90) 1.1279
(89,90) 0.1465
(62,91) 0.7825
(66,91) 0.1261
(67,91) 0.6373
(92,91) 1.0305
(68,92) 0.5043
(91,92) 1.0305
(93,92) 0.7541
(94,92) 0.0624
(68,93) 0.319
(92,93) 0.7541
(95,93) 0.109
(88,94) 1.1098
(92,94) 0.0624
(95,94) 1.3463
(82,95) 0.4773
(93,95) 0.109
(94,95) 1.3463
(79,96) 0.6418
(80,97) 0.4978
(98,97) 0.0284
(100,97) 0.7097
(74,98) 0.2757
(97,98) 0.0284
(99,98) 0.1336
(98,99) 0.1336
(97,100) 0.7097
(101,100) 0.0531
(102,100) 0.3879
(100,101) 0.0531
(102,101) 1.5191
(104,101) 0.1821
(100,102) 0.3879
(101,102) 1.5191
(103,102) 0.232
(102,103) 0.232
(76,104) 0.1657
(101,104) 0.1821
(105,104) 0.3397
(113,104) 0.2272
(104,105) 0.3397
(106,105) 0.7722
(122,105) 1.0837
(105,106) 0.7722
(107,106) 1.4116
(121,106) 0.6165
(122,106) 0.7013
(106,107) 1.4116
(108,107) 1.3252
(121,107) 0.591
(107,108) 1.3252
(109,108) 0.8913
(121,108) 0.485
(108,109) 0.8913
(110,109) 1.3373
(125,109) 1.0993
(109,110) 1.3373
(111,110) 0.6729
(128,110) 1.0104
(110,111) 0.6729
(112,111) 0.7087
(126,111) 0.771
(111,112) 0.7087
(127,112) 0.4179
(132,112) 0.4433
(139,112) 0.1056
(77,113) 0.3053
(104,113) 0.2272
(120,113) 1.0432
(122,113) 0.4405
(77,114) 0.4211
(115,114) 0.24
(117,114) 0.1491
(114,115) 0.24
(116,115) 0.2182
(117,115) 0.2177
(120,115) 0.504
(123,115) 0.7375
(115,116) 0.2182
(114,117) 0.1491
(115,117) 0.2177
(118,117) 0.4433
(184,117) 0.9372
(117,118) 0.4433
(119,118) 0.1193
(148,118) 0.366
(118,119) 0.1193
(113,120) 1.0432
(115,120) 0.504
(121,120) 0.9579
(106,121) 0.6165
(107,121) 0.591
(108,121) 0.485
(120,121) 0.9579
(124,121) 0.7536
(105,122) 1.0837
(106,122) 0.7013
(113,122) 0.4405
(115,123) 0.7375
(121,124) 0.7536
(125,124) 0.8292
(147,124) 0.0884
(109,125) 1.0993
(124,125) 0.8292
(128,125) 1.4217
(147,125) 0.4762
(111,126) 0.771
(127,126) 1.0947
(128,126) 0.498
(112,127) 0.4179
(126,127) 1.0947
(129,127) 0.1528
(110,128) 1.0104
(125,128) 1.4217
(126,128) 0.498
(127,129) 0.1528
(130,129) 0.6369
(142,129) 0.0864
(143,129) 0.4068
(129,130) 0.6369
(131,130) 0.389
(151,130) 1.1135
(152,130) 1.2821
(130,131) 0.389
(144,131) 1.6526
(153,131) 0.8873
(112,132) 0.4433
(133,132) 0.2587
(140,132) 0.1186
(141,132) 0.4647
(132,133) 0.2587
(134,133) 0.5294
(161,133) 0.1941
(133,134) 0.5294
(135,134) 0.3122
(163,134) 0.2652
(134,135) 0.3122
(136,135) 0.6494
(168,135) 0.1519
(135,136) 0.6494
(137,136) 0.3421
(176,136) 0.1992
(136,137) 0.3421
(138,137) 1.2111
(171,137) 0.1455
(137,138) 1.2111
(782,138) 0.1728
(785,138) 0.1033
(112,139) 0.1056
(132,140) 0.1186
(132,141) 0.4647
(142,141) 0.7547
(145,141) 0.283
(129,142) 0.0864
(141,142) 0.7547
(143,142) 0.1943
(129,143) 0.4068
(142,143) 0.1943
(144,143) 0.3321
(131,144) 1.6526
(143,144) 0.3321
(145,144) 0.1691
(155,144) 0.4435
(141,145) 0.283
(144,145) 0.1691
(160,145) 0.601
(147,146) 0.0981
(124,147) 0.0884
(125,147) 0.4762
(146,147) 0.0981
(118,148) 0.366
(149,148) 1.5106
(185,148) 0.121
(148,149) 1.5106
(150,149) 0.8496
(177,149) 0.0623
(149,150) 0.8496
(151,150) 0.2746
(177,150) 0.2138
(130,151) 1.1135
(150,151) 0.2746
(152,151) 0.9911
(130,152) 1.2821
(151,152) 0.9911
(153,152) 0.1884
(131,153) 0.8873
(152,153) 0.1884
(154,153) 0.1044
(153,154) 0.1044
(186,154) 1.0068
(206,154) 0.4658
(207,154) 0.399
(230,154) 0.1715
(144,155) 0.4435
(156,155) 0.7524
(166,155) 0.5411
(155,156) 0.7524
(157,156) 0.0369
(165,156) 0.542
(156,157) 0.0369
(158,157) 0.5325
(159,157) 0.7022
(157,158) 0.5325
(159,158) 1.173
(160,158) 0.4831
(162,158) 0.0428
(168,158) 0.1398
(157,159) 0.7022
(158,159) 1.173
(167,159) 0.1263
(172,159) 0.2483
(194,159) 0.4373
(145,160) 0.601
(158,160) 0.4831
(161,160) 0.0776
(133,161) 0.1941
(160,161) 0.0776
(162,161) 1.123
(158,162) 0.0428
(161,162) 1.123
(163,162) 1.7422
(134,163) 0.2652
(162,163) 1.7422
(164,163) 0.5685
(163,164) 0.5685
(156,165) 0.542
(155,166) 0.5411
(159,167) 0.1263
(135,168) 0.1519
(158,168) 0.1398
(169,168) 0.1958
(175,168) 0.8157
(168,169) 0.1958
(170,169) 0.5277
(171,169) 0.5917
(169,170) 0.5277
(171,170) 0.4425
(173,170) 0.33
(137,171) 0.1455
(169,171) 0.5917
(170,171) 0.4425
(159,172) 0.2483
(173,172) 0.0934
(174,172) 0.2214
(170,173) 0.33
(172,173) 0.0934
(174,173) 2.0288
(172,174) 0.2214
(173,174) 2.0288
(264,174) 0.9183
(168,175) 0.8157
(136,176) 0.1992
(149,177) 0.0623
(150,177) 0.2138
(178,177) 0.6006
(203,177) 0.2198
(177,178) 0.6006
(179,178) 0.7746
(185,178) 0.1054
(178,179) 0.7746
(180,179) 0.6098
(184,179) 0.0594
(179,180) 0.6098
(181,180) 0.7485
(183,180) 0.3362
(214,180) 0.5165
(180,181) 0.7485
(183,181) 0.1342
(215,181) 0.6707
(274,181) 0.6566
(183,182) 0.0586
(180,183) 0.3362
(181,183) 0.1342
(182,183) 0.0586
(117,184) 0.9372
(179,184) 0.0594
(185,184) 0.4257
(148,185) 0.121
(178,185) 0.1054
(184,185) 0.4257
(154,186) 1.0068
(187,186) 0.217
(240,186) 0.2831
(186,187) 0.217
(188,187) 0.0543
(193,187) 0.2496
(187,188) 0.0543
(189,188) 0.8873
(195,188) 0.1907
(188,189) 0.8873
(190,189) 1.0748
(196,189) 0.2147
(189,190) 1.0748
(191,190) 1.3437
(197,190) 0.52
(190,191) 1.3437
(192,191) 1.7498
(198,191) 0.3028
(250,191) 0.0051
(191,192) 1.7498
(193,192) 1.4531
(250,192) 0.0646
(187,193) 0.2496
(192,193) 1.4531
(245,193) 0.0316
(159,194) 0.4373
(195,194) 1.2653
(199,194) 0.1651
(188,195) 0.1907
(194,195) 1.2653
(196,195) 1.227
(189,196) 0.2147
(195,196) 1.227
(197,196) 0.9506
(190,197) 0.52
(196,197) 0.9506
(198,197) 0.8795
(200,197) 0.2578
(201,197) 0.1647
(191,198) 0.3028
(197,198) 0.8795
(249,198) 0.5144
(194,199) 0.1651
(197,200) 0.2578
(197,201) 0.1647
(202,201) 0.6414
(254,201) 0.1475
(201,202) 0.6414
(254,202) 0.1375
(256,202) 1.059
(177,203) 0.2198
(204,203) 1.1571
(211,203) 0.3057
(241,203) 0.067
(203,204) 1.1571
(205,204) 1.3463
(211,204) 0.263
(242,204) 0.137
(204,205) 1.3463
(206,205) 0.8375
(209,205) 0.318
(154,206) 0.4658
(205,206) 0.8375
(207,206) 1.399
(154,207) 0.399
(206,207) 1.399
(208,207) 0.5682
(209,207) 0.169
(207,208) 0.5682
(209,208) 0.6468
(227,208) 0.2876
(205,209) 0.318
(207,209) 0.169
(208,209) 0.6468
(210,209) 0.4054
(209,210) 0.4054
(211,210) 0.3851
(212,210) 0.456
(222,210) 0.2352
(203,211) 0.3057
(204,211) 0.263
(210,211) 0.3851
(210,212) 0.456
(213,212) 0.4669
(222,212) 0.8787
(212,213) 0.4669
(214,213) 0.2916
(356,213) 0.2929
(180,214) 0.5165
(213,214) 0.2916
(215,214) 0.8453
(181,215) 0.6707
(214,215) 0.8453
(216,215) 0.6627
(278,215) 0.6309
(215,216) 0.6627
(217,216) 0.2858
(280,216) 0.2982
(216,217) 0.2858
(218,217) 0.6373
(219,217) 0.6431
(220,217) 0.4369
(221,217) 0.4049
(217,218) 0.6373
(217,219) 0.6431
(217,220) 0.4369
(221,220) 0.8787
(222,220) 0.213
(223,220) 0.1832
(217,221) 0.4049
(220,221) 0.8787
(291,221) 1.2112
(210,222) 0.2352
(212,222) 0.8787
(220,222) 0.213
(220,223) 0.1832
(224,223) 0.7179
(296,223) 0.788
(223,224) 0.7179
(225,224) 0.3842
(296,224) 0.7605
(224,225) 0.3842
(226,225) 0.6523
(368,225) 0.266
(369,225) 0.3804
(225,226) 0.6523
(227,226) 0.7825
(229,226) 0.4968
(208,227) 0.2876
(226,227) 0.7825
(228,227) 0.2865
(227,228) 0.2865
(226,229) 0.4968
(230,229) 0.8237
(232,229) 0.168
(154,230) 0.1715
(229,230) 0.8237
(231,230) 0.5038
(230,231) 0.5038
(229,232) 0.168
(233,232) 0.5408
(719,232) 0.1091
(232,233) 0.5408
(234,233) 0.9785
(728,233) 0.7289
(233,234) 0.9785
(235,234) 1.035
(237,234) 0.1208
(234,235) 1.035
(236,235) 1.0958
(238,235) 0.3344
(235,236) 1.0958
(237,236) 1.7606
(251,236) 0.0366
(234,237) 0.1208
(236,237) 1.7606
(725,237) 0.2411
(730,237) 0.1177
(235,238) 0.3344
(239,238) 0.7686
(245,238) 0.1954
(246,238) 0.1342
(238,239) 0.7686
(240,239) 0.6498
(244,239) 0.9276
(245,239) 0.0781
(186,240) 0.2831
(239,240) 0.6498
(243,240) 0.6456
(203,241) 0.067
(204,242) 0.137
(240,243) 0.6456
(239,244) 0.9276
(193,245) 0.0316
(238,245) 0.1954
(239,245) 0.0781
(238,246) 0.1342
(247,246) 0.4274
(250,246) 0.0467
(246,247) 0.4274
(248,247) 0.0779
(249,247) 0.1977
(247,248) 0.0779
(249,248) 1.416
(252,248) 1.1688
(796,248) 0.1008
(198,249) 0.5144
(247,249) 0.1977
(248,249) 1.416
(254,249) 0.4376
(191,250) 0.0051
(192,250) 0.0646
(246,250) 0.0467
(236,251) 0.0366
(252,251) 1.6051
(748,251) 0.6042
(248,252) 1.1688
(251,252) 1.6051
(253,252) 0.4888
(255,252) 0.2875
(252,253) 0.4888
(255,253) 0.1693
(267,253) 0.1365
(201,254) 0.1475
(202,254) 0.1375
(249,254) 0.4376
(252,255) 0.2875
(253,255) 0.1693
(266,255) 0.2561
(202,256) 1.059
(257,256) 1.0043
(259,256) 0.5821
(256,257) 1.0043
(258,257) 1.5743
(794,257) 0.3631
(795,257) 0.5283
(257,258) 1.5743
(259,258) 0.5043
(260,258) 0.3478
(256,259) 0.5821
(258,259) 0.5043
(260,259) 0.3053
(258,260) 0.3478
(259,260) 0.3053
(261,260) 0.2685
(262,260) 0.1944
(260,261) 0.2685
(262,261) 2.0881
(263,261) 1.5674
(260,262) 0.1944
(261,262) 2.0881
(792,262) 0.4719
(261,263) 1.5674
(264,263) 0.3757
(786,263) 0.0405
(787,263) 0.2297
(174,264) 0.9183
(263,264) 0.3757
(265,264) 0.0266
(264,265) 0.0266
(255,266) 0.2561
(267,266) 0.7634
(268,266) 0.3606
(253,267) 0.1365
(266,267) 0.7634
(268,267) 0.7133
(266,268) 0.3606
(267,268) 0.7133
(269,268) 0.3059
(271,268) 0.5305
(808,268) 0.3415
(268,269) 0.3059
(270,269) 0.3328
(272,269) 0.1938
(758,269) 0.0854
(269,270) 0.3328
(268,271) 0.5305
(269,272) 0.1938
(27,273) 1.8288
(274,273) 1.0194
(276,273) 1.0092
(181,274) 0.6566
(273,274) 1.0194
(275,274) 1.6051
(274,275) 1.6051
(276,275) 1.1752
(278,275) 1.046
(273,276) 1.0092
(275,276) 1.1752
(277,276) 0.9311
(276,277) 0.9311
(278,277) 2.4576
(279,277) 0.2711
(215,278) 0.6309
(275,278) 1.046
(277,278) 2.4576
(277,279) 0.2711
(216,280) 0.2982
(281,280) 0.3421
(289,280) 0.2831
(280,281) 0.3421
(282,281) 2.3941
(291,281) 0.6431
(281,282) 2.3941
(283,282) 0.6702
(323,282) 1.4239
(282,283) 0.6702
(284,283) 1.0672
(315,283) 0.3066
(316,283) 0.3488
(323,283) 0.4437
(283,284) 1.0672
(285,284) 2.0717
(288,284) 1.8235
(284,285) 2.0717
(286,285) 0.6789
(316,285) 0.2483
(285,286) 0.6789
(287,286) 1.5845
(324,286) 0.1464
(23,287) 0.3429
(286,287) 1.5845
(288,287) 0.6868
(284,288) 1.8235
(287,288) 0.6868
(289,288) 0.2405
(280,289) 0.2831
(288,289) 0.2405
(290,289) 0.1585
(289,290) 0.1585
(221,291) 1.2112
(281,291) 0.6431
(292,291) 0.1505
(291,292) 0.1505
(293,292) 0.601
(295,292) 0.3427
(292,293) 0.601
(294,293) 1.2019
(301,293) 0.2022
(293,294) 1.2019
(295,294) 0.6498
(357,294) 0.6289
(292,295) 0.3427
(294,295) 0.6498
(296,295) 1.585
(223,296) 0.788
(224,296) 0.7605
(295,296) 1.585
(298,297) 0.1389
(303,297) 0.3899
(320,297) 0.6549
(323,297) 1.2212
(297,298) 0.1389
(299,298) 0.8292
(306,298) 0.0298
(298,299) 0.8292
(300,299) 0.5045
(375,299) 0.1913
(299,300) 0.5045
(301,300) 0.7358
(380,300) 0.5643
(293,301) 0.2022
(300,301) 0.7358
(302,301) 0.3245
(301,302) 0.3245
(297,303) 0.3899
(304,303) 1.2121
(321,303) 0.5828
(303,304) 1.2121
(305,304) 0.8439
(322,304) 0.0507
(304,305) 0.8439
(306,305) 0.641
(322,305) 0.1582
(298,306) 0.0298
(305,306) 0.641
(307,306) 0.6083
(314,306) 0.0179
(306,307) 0.6083
(308,307) 1.4249
(317,307) 0.0101
(318,307) 0.0653
(319,307) 0.0778
(307,308) 1.4249
(309,308) 0.4717
(311,308) 0.2189
(308,309) 0.4717
(310,309) 0.4423
(376,309) 0.3369
(309,310) 0.4423
(311,310) 0.3708
(329,310) 0.0529
(308,311) 0.2189
(310,311) 0.3708
(312,311) 0.8905
(311,312) 0.8905
(313,312) 0.3206
(339,312) 0.1207
(312,313) 0.3206
(314,313) 0.4409
(317,313) 0.0801
(306,314) 0.0179
(313,314) 0.4409
(317,314) 0.0776
(324,314) 0.2212
(283,315) 0.3066
(316,315) 0.1888
(322,315) 0.0207
(323,315) 0.1147
(283,316) 0.3488
(285,316) 0.2483
(315,316) 0.1888
(307,317) 0.0101
(313,317) 0.0801
(314,317) 0.0776
(307,318) 0.0653
(307,319) 0.0778
(297,320) 0.6549
(303,321) 0.5828
(304,322) 0.0507
(305,322) 0.1582
(315,322) 0.0207
(282,323) 1.4239
(283,323) 0.4437
(297,323) 1.2212
(315,323) 0.1147
(286,324) 0.1464
(314,324) 0.2212
(325,324) 0.3374
(418,324) 0.1056
(324,325) 0.3374
(326,325) 1.3408
(328,325) 1.0893
(18,326) 0.6873
(325,326) 1.3408
(327,326) 0.7949
(326,327) 0.7949
(325,328) 1.0893
(310,329) 0.0529
(330,329) 0.5821
(331,329) 0.5236
(337,329) 0.8065
(329,330) 0.5821
(331,330) 0.9479
(338,330) 0.1305
(329,331) 0.5236
(330,331) 0.9479
(332,331) 0.7911
(346,331) 0.196
(331,332) 0.7911
(333,332) 1.4786
(343,332) 1.9849
(332,333) 1.4786
(334,333) 0.6964
(340,333) 0.7541
(341,333) 0.3008
(343,333) 1.6263
(333,334) 0.6964
(335,334) 0.2945
(354,334) 1.3412
(334,335) 0.2945
(336,335) 0.252
(337,335) 0.1056
(335,336) 0.252
(329,337) 0.8065
(335,337) 0.1056
(377,337) 1.1741
(330,338) 0.1305
(339,338) 1.1834
(422,338) 0.602
(312,339) 0.1207
(338,339) 1.1834
(418,339) 0.1081
(333,340) 0.7541
(333,341) 0.3008
(342,341) 0.7496
(347,341) 0.0516
(350,341) 0.7042
(341,342) 0.7496
(332,343) 1.9849
(333,343) 1.6263
(344,343) 0.0275
(345,343) 0.5845
(343,344) 0.0275
(346,344) 0.1135
(347,344) 0.2181
(514,344) 0.2446
(343,345) 0.5845
(331,346) 0.196
(344,346) 0.1135
(435,346) 0.2936
(341,347) 0.0516
(344,347) 0.2181
(348,347) 0.2703
(519,347) 0.0469
(347,348) 0.2703
(349,348) 0.0712
(522,348) 0.0991
(676,348) 0.0337
(348,349) 0.0712
(350,349) 0.3601
(355,349) 0.9381
(341,350) 0.7042
(349,350) 0.3601
(351,350) 0.3618
(350,351) 0.3618
(352,351) 0.6748
(354,351) 1.1177
(351,352) 0.6748
(353,352) 1.3587
(354,352) 0.7042
(385,352) 0.761
(352,353) 1.3587
(334,354) 1.3412
(351,354) 1.1177
(352,354) 0.7042
(349,355) 0.9381
(213,356) 0.2929
(294,357) 0.6289
(358,357) 0.439
(372,357) 0.095
(384,357) 0.7013
(357,358) 0.439
(359,358) 0.6061
(383,358) 0.6188
(384,358) 0.2853
(358,359) 0.6061
(387,359) 0.5045
(390,359) 0.2511
(361,360) 1.5191
(373,360) 1.0817
(390,360) 0.8803
(360,361) 1.5191
(362,361) 0.1437
(364,361) 0.0855
(374,361) 0.994
(361,362) 0.1437
(363,362) 0.1586
(683,362) 0.1475
(715,362) 0.2049
(362,363) 0.1586
(687,363) 0.6418
(702,363) 0.1839
(705,363) 0.388
(361,364) 0.0855
(365,364) 0.2734
(372,364) 0.9569
(364,365) 0.2734
(366,365) 0.591
(372,365) 0.3761
(365,366) 0.591
(367,366) 1.3902
(718,366) 0.4598
(366,367) 1.3902
(368,367) 0.9461
(371,367) 0.9355
(225,368) 0.266
(367,368) 0.9461
(370,368) 1.0786
(225,369) 0.3804
(368,370) 1.0786
(367,371) 0.9355
(357,372) 0.095
(364,372) 0.9569
(365,372) 0.3761
(360,373) 1.0817
(374,373) 0.854
(391,373) 1.2645
(361,374) 0.994
(373,374) 0.854
(402,374) 0.2546
(299,375) 0.1913
(309,376) 0.3369
(377,376) 0.8811
(378,376) 0.5988
(337,377) 1.1741
(376,377) 0.8811
(378,377) 0.5599
(376,378) 0.5988
(377,378) 0.5599
(379,378) 0.495
(378,379) 0.495
(380,379) 0.3264
(382,379) 0.4221
(384,379) 0.2398
(300,380) 0.5643
(379,380) 0.3264
(381,380) 1.3355
(380,381) 1.3355
(379,382) 0.4221
(383,382) 0.7199
(386,382) 1.5223
(358,383) 0.6188
(382,383) 0.7199
(387,383) 0.5308
(357,384) 0.7013
(358,384) 0.2853
(379,384) 0.2398
(352,385) 0.761
(386,385) 0.1598
(389,385) 0.0659
(397,385) 0.9461
(398,385) 0.1438
(382,386) 1.5223
(385,386) 0.1598
(387,386) 0.4083
(388,386) 0.3431
(359,387) 0.5045
(383,387) 0.5308
(386,387) 0.4083
(386,388) 0.3431
(385,389) 0.0659
(359,390) 0.2511
(360,390) 0.8803
(391,390) 0.9009
(373,391) 1.2645
(390,391) 0.9009
(392,391) 1.138
(391,392) 1.138
(393,392) 1.1148
(404,392) 0.0659
(392,393) 1.1148
(394,393) 0.7622
(403,393) 0.0891
(393,394) 0.7622
(395,394) 1.1056
(401,394) 0.7628
(394,395) 1.1056
(396,395) 1.0301
(400,395) 0.1205
(395,396) 1.0301
(397,396) 0.7003
(680,396) 0.1441
(385,397) 0.9461
(396,397) 0.7003
(399,397) 0.9579
(385,398) 0.1438
(397,399) 0.9579
(395,400) 0.1205
(394,401) 0.7628
(374,402) 0.2546
(403,402) 0.5559
(683,402) 0.8326
(393,403) 0.0891
(402,403) 0.5559
(680,403) 0.7474
(392,404) 0.0659
(5,405) 0.9017
(406,405) 0.3378
(451,405) 0.2196
(405,406) 0.3378
(407,406) 0.3499
(410,406) 0.1629
(451,406) 0.3812
(406,407) 0.3499
(408,407) 0.2837
(412,407) 0.7513
(16,408) 0.1431
(407,408) 0.2837
(409,408) 0.2813
(408,409) 0.2813
(410,409) 0.0743
(416,409) 0.245
(406,410) 0.1629
(409,410) 0.0743
(413,410) 0.1708
(466,410) 0.4163
(6,411) 0.8361
(407,412) 0.7513
(410,413) 0.1708
(414,413) 0.8503
(419,413) 0.5999
(413,414) 0.8503
(415,414) 0.3882
(420,414) 0.8446
(422,414) 0.4728
(414,415) 0.3882
(416,415) 0.4871
(417,415) 0.3836
(409,416) 0.245
(415,416) 0.4871
(417,416) 0.2223
(415,417) 0.3836
(416,417) 0.2223
(418,417) 0.6464
(324,418) 0.1056
(339,418) 0.1081
(417,418) 0.6464
(413,419) 0.5999
(420,419) 1.0364
(427,419) 0.2503
(445,419) 0.1112
(414,420) 0.8446
(419,420) 1.0364
(421,420) 0.4284
(420,421) 0.4284
(422,421) 0.4239
(431,421) 0.0669
(432,421) 0.1874
(338,422) 0.602
(414,422) 0.4728
(421,422) 0.4239
(424,423) 0.4361
(425,423) 0.3566
(426,423) 0.4826
(430,423) 0.5495
(423,424) 0.4361
(425,424) 1.2096
(426,424) 1.1029
(471,424) 0.1671
(423,425) 0.3566
(424,425) 1.2096
(431,425) 0.6901
(433,425) 0.3505
(423,426) 0.4826
(424,426) 1.1029
(479,426) 0.1867
(481,426) 0.2769
(419,427) 0.2503
(428,427) 0.3781
(431,427) 0.2326
(427,428) 0.3781
(429,428) 0.5297
(444,428) 0.3935
(428,429) 0.5297
(430,429) 0.542
(436,429) 0.5411
(442,429) 0.0985
(423,430) 0.5495
(429,430) 0.542
(443,430) 0.1239
(421,431) 0.0669
(425,431) 0.6901
(427,431) 0.2326
(421,432) 0.1874
(425,433) 0.3505
(434,433) 0.2665
(467,433) 0.0649
(433,434) 0.2665
(435,434) 0.5565
(468,434) 0.3076
(346,435) 0.2936
(434,435) 0.5565
(469,435) 1.5352
(429,436) 0.5411
(437,436) 0.8718
(453,436) 0.2916
(436,437) 0.8718
(438,437) 0.3923
(441,437) 0.3457
(437,438) 0.3923
(439,438) 0.5208
(440,438) 0.9569
(2,439) 0.31
(438,439) 0.5208
(440,439) 0.5308
(455,439) 1.0745
(438,440) 0.9569
(439,440) 0.5308
(441,440) 0.272
(437,441) 0.3457
(440,441) 0.272
(442,441) 0.7924
(429,442) 0.0985
(441,442) 0.7924
(443,442) 0.2677
(430,443) 0.1239
(442,443) 0.2677
(481,443) 0.4272
(495,443) 0.0786
(428,444) 0.3935
(445,444) 0.2685
(446,444) 0.0292
(419,445) 0.1112
(444,445) 0.2685
(465,445) 1.5305
(444,446) 0.0292
(447,446) 1.0893
(448,446) 1.4865
(465,446) 0.5079
(446,447) 1.0893
(448,447) 0.7072
(450,447) 0.3953
(466,447) 0.2245
(446,448) 1.4865
(447,448) 0.7072
(449,448) 0.5368
(448,449) 0.5368
(447,450) 0.3953
(451,450) 1.0284
(452,450) 1.0837
(405,451) 0.2196
(406,451) 0.3812
(450,451) 1.0284
(452,451) 0.8496
(450,452) 1.0837
(451,452) 0.8496
(453,452) 0.4617
(462,452) 0.0999
(436,453) 0.2916
(452,453) 0.4617
(460,453) 0.4196
(2,454) 0.2193
(455,454) 2.3175
(458,454) 1.2649
(439,455) 1.0745
(454,455) 2.3175
(456,455) 0.4938
(455,456) 0.4938
(457,456) 0.4055
(458,456) 0.9363
(456,457) 0.4055
(454,458) 1.2649
(456,458) 0.9363
(459,458) 0.8921
(458,459) 0.8921
(460,459) 0.3736
(461,459) 0.6817
(453,460) 0.4196
(459,460) 0.3736
(461,460) 0.325
(4,461) 0.3186
(459,461) 0.6817
(460,461) 0.325
(5,462) 0.6609
(452,462) 0.0999
(463,462) 0.473
(4,463) 0.8584
(462,463) 0.473
(464,463) 1.318
(463,464) 1.318
(445,465) 1.5305
(446,465) 0.5079
(466,465) 1.0825
(410,466) 0.4163
(447,466) 0.2245
(465,466) 1.0825
(433,467) 0.0649
(468,467) 0.4382
(471,467) 0.0622
(434,468) 0.3076
(467,468) 0.4382
(469,468) 0.5865
(435,469) 1.5352
(468,469) 0.5865
(470,469) 1.0167
(469,470) 1.0167
(424,471) 0.1671
(467,471) 0.0622
(480,471) 0.4602
(502,471) 0.5784
(473,472) 0.8857
(477,472) 1.447
(480,472) 0.7651
(472,473) 0.8857
(474,473) 1.6736
(492,473) 0.1669
(473,474) 1.6736
(475,474) 1.3364
(476,474) 0.9881
(474,475) 1.3364
(476,475) 0.771
(480,475) 1.0937
(474,476) 0.9881
(475,476) 0.771
(510,476) 0.2255
(472,477) 1.447
(478,477) 0.1463
(479,477) 0.5277
(477,478) 0.1463
(481,478) 1.7486
(482,478) 1.0622
(426,479) 0.1867
(477,479) 0.5277
(480,479) 1.7422
(471,480) 0.4602
(472,480) 0.7651
(475,480) 1.0937
(479,480) 1.7422
(426,481) 0.2769
(443,481) 0.4272
(478,481) 1.7486
(478,482) 1.0622
(483,482) 0.6325
(495,482) 0.8217
(482,483) 0.6325
(484,483) 0.1967
(486,483) 0.1663
(483,484) 0.1967
(485,484) 0.0597
(489,484) 0.2268
(484,485) 0.0597
(483,486) 0.1663
(487,486) 1.0754
(491,486) 1.1881
(486,487) 1.0754
(488,487) 0.6557
(490,487) 0.5931
(487,488) 0.6557
(489,488) 0.0713
(493,488) 1.6129
(484,489) 0.2268
(488,489) 0.0713
(494,489) 0.0979
(487,490) 0.5931
(486,491) 1.1881
(473,492) 0.1669
(493,492) 0.2849
(552,492) 0.1751
(488,493) 1.6129
(492,493) 0.2849
(494,493) 1.7235
(489,494) 0.0979
(493,494) 1.7235
(559,494) 1.2599
(443,495) 0.0786
(482,495) 0.8217
(496,495) 0.3902
(499,495) 0.6158
(495,496) 0.3902
(497,496) 0.1558
(498,496) 0.1271
(496,497) 0.1558
(496,498) 0.1271
(495,499) 0.6158
(500,499) 0.1871
(501,499) 0.7087
(499,500) 0.1871
(499,501) 0.7087
(471,502) 0.5784
(503,502) 0.488
(512,502) 0.6807
(517,502) 0.6729
(502,503) 0.488
(504,503) 0.8621
(520,503) 0.547
(503,504) 0.8621
(505,504) 0.9208
(510,504) 0.1916
(504,505) 0.9208
(506,505) 0.5952
(511,505) 0.17
(521,505) 0.2598
(522,505) 0.0892
(505,506) 0.5952
(507,506) 2.03
(523,506) 0.1514
(506,507) 2.03
(508,507) 0.6954
(526,507) 0.4082
(507,508) 0.6954
(509,508) 0.8319
(525,508) 0.1955
(508,509) 0.8319
(529,509) 0.2376
(530,509) 0.4448
(544,509) 0.1462
(545,509) 0.1631
(476,510) 0.2255
(504,510) 0.1916
(511,510) 0.6775
(505,511) 0.17
(510,511) 0.6775
(531,511) 0.1468
(502,512) 0.6807
(513,512) 0.4077
(516,512) 1.1714
(512,513) 0.4077
(514,513) 0.7168
(515,513) 1.316
(344,514) 0.2446
(513,514) 0.7168
(518,514) 1.2329
(513,515) 1.316
(512,516) 1.1714
(502,517) 0.6729
(514,518) 1.2329
(347,519) 0.0469
(503,520) 0.547
(505,521) 0.2598
(348,522) 0.0991
(505,522) 0.0892
(523,522) 1.3296
(506,523) 0.1514
(522,523) 1.3296
(524,523) 1.4413
(523,524) 1.4413
(525,524) 0.3043
(527,524) 0.2779
(508,525) 0.1955
(524,525) 0.3043
(528,525) 0.1826
(507,526) 0.4082
(524,527) 0.2779
(525,528) 0.1826
(509,529) 0.2376
(509,530) 0.4448
(511,531) 0.1468
(532,531) 1.0845
(553,531) 1.1335
(531,532) 1.0845
(533,532) 0.1164
(534,532) 0.1809
(554,532) 0.6317
(532,533) 0.1164
(532,534) 0.1809
(535,534) 0.245
(558,534) 0.2046
(534,535) 0.245
(536,535) 1.1521
(574,535) 0.0858
(535,536) 1.1521
(537,536) 0.9033
(539,536) 0.1741
(536,537) 0.9033
(538,537) 1.3373
(599,537) 0.4776
(537,538) 1.3373
(536,539) 0.1741
(540,539) 0.8711
(639,539) 0.7502
(641,539) 0.1321
(539,540) 0.8711
(541,540) 0.2587
(644,540) 0.0976
(540,541) 0.2587
(542,541) 0.6075
(550,541) 0.11
(541,542) 0.6075
(543,542) 0.5731
(549,542) 0.0861
(542,543) 0.5731
(544,543) 1.3699
(551,543) 0.1432
(509,544) 0.1462
(543,544) 1.3699
(551,544) 0.1099
(509,545) 0.1631
(546,545) 0.6812
(551,545) 0.0808
(545,546) 0.6812
(547,546) 0.2712
(677,546) 0.1318
(546,547) 0.2712
(548,547) 0.1202
(662,547) 0.3214
(547,548) 0.1202
(549,548) 0.2853
(550,548) 0.8013
(542,549) 0.0861
(548,549) 0.2853
(550,549) 0.3086
(541,550) 0.11
(548,550) 0.8013
(549,550) 0.3086
(543,551) 0.1432
(544,551) 0.1099
(545,551) 0.0808
(492,552) 0.1751
(553,552) 0.2369
(561,552) 0.1643
(531,553) 1.1335
(552,553) 0.2369
(554,553) 0.5353
(563,553) 0.0492
(532,554) 0.6317
(553,554) 0.5353
(555,554) 0.2821
(564,554) 0.1305
(554,555) 0.2821
(556,555) 0.2339
(565,555) 0.3428
(555,556) 0.2339
(557,556) 0.1784
(566,556) 0.1395
(567,556) 0.1611
(556,557) 0.1784
(534,558) 0.2046
(494,559) 1.2599
(560,559) 1.1541
(579,559) 0.351
(580,559) 0.5038
(559,560) 1.1541
(561,560) 0.5025
(578,560) 0.1991
(552,561) 0.1643
(560,561) 0.5025
(562,561) 0.7299
(581,561) 0.1095
(561,562) 0.7299
(563,562) 0.9833
(577,562) 0.3268
(553,563) 0.0492
(562,563) 0.9833
(564,563) 0.4021
(554,564) 0.1305
(563,564) 0.4021
(565,564) 0.6329
(555,565) 0.3428
(564,565) 0.6329
(566,565) 1.1996
(556,566) 0.1395
(565,566) 1.1996
(567,566) 1.227
(556,567) 0.1611
(566,567) 1.227
(568,567) 1.1507
(596,567) 0.2813
(567,568) 1.1507
(569,568) 0.25
(573,568) 0.2347
(568,569) 0.25
(570,569) 0.8532
(597,569) 0.3179
(569,570) 0.8532
(571,570) 1.1245
(599,570) 0.0375
(570,571) 1.1245
(572,571) 1.5161
(585,571) 0.1419
(571,572) 1.5161
(602,572) 0.204
(604,572) 1.3635
(568,573) 0.2347
(574,573) 0.3845
(576,573) 1.1305
(535,574) 0.0858
(573,574) 0.3845
(575,574) 0.0712
(574,575) 0.0712
(573,576) 1.1305
(562,577) 0.3268
(560,578) 0.1991
(559,579) 0.351
(559,580) 0.5038
(561,581) 0.1095
(582,581) 1.6578
(609,581) 0.1834
(581,582) 1.6578
(583,582) 0.9921
(596,582) 0.9814
(582,583) 0.9921
(584,583) 0.6068
(598,583) 1.0592
(583,584) 0.6068
(585,584) 0.1628
(597,584) 0.1415
(612,584) 0.2244
(571,585) 0.1419
(584,585) 0.1628
(586,585) 0.2123
(585,586) 0.2123
(587,586) 0.5659
(622,586) 0.0604
(586,587) 0.5659
(588,587) 0.216
(623,587) 0.1247
(587,588) 0.216
(589,588) 1.1178
(593,588) 0.8666
(588,589) 1.1178
(590,589) 1.7197
(593,589) 0.3627
(589,590) 1.7197
(591,590) 1.0284
(621,590) 0.0973
(590,591) 1.0284
(592,591) 0.1798
(1103,591) 0.3587
(591,592) 0.1798
(588,593) 0.8666
(589,593) 0.3627
(594,593) 0.1092
(593,594) 0.1092
(595,594) 0.1428
(1067,594) 1.2855
(1082,594) 0.2736
(594,595) 0.1428
(567,596) 0.2813
(582,596) 0.9814
(598,596) 0.8818
(569,597) 0.3179
(584,597) 0.1415
(598,597) 0.2475
(583,598) 1.0592
(596,598) 0.8818
(597,598) 0.2475
(537,599) 0.4776
(570,599) 0.0375
(603,599) 1.2117
(626,599) 0.3511
(601,600) 0.4596
(602,600) 0.065
(603,600) 1.1839
(608,600) 0.1942
(600,601) 0.4596
(572,602) 0.204
(600,602) 0.065
(603,602) 0.0545
(599,603) 1.2117
(600,603) 1.1839
(602,603) 0.0545
(572,604) 1.3635
(605,604) 0.6835
(606,604) 0.3398
(604,605) 0.6835
(604,606) 0.3398
(607,606) 0.0388
(608,606) 0.1139
(1065,606) 0.2856
(1071,606) 0.096
(606,607) 0.0388
(600,608) 0.1942
(606,608) 0.1139
(635,608) 0.0678
(581,609) 0.1834
(610,609) 0.4885
(611,609) 0.0822
(609,610) 0.4885
(609,611) 0.0822
(584,612) 0.2244
(613,612) 0.2259
(625,612) 0.1773
(612,613) 0.2259
(614,613) 0.9191
(622,613) 0.1439
(613,614) 0.9191
(615,614) 0.5168
(625,614) 0.3204
(614,615) 0.5168
(616,615) 0.8811
(624,615) 0.2966
(625,615) 0.2378
(615,616) 0.8811
(617,616) 0.6281
(623,616) 0.1567
(616,617) 0.6281
(618,617) 0.7194
(621,617) 0.1186
(617,618) 0.7194
(621,618) 0.2422
(1095,618) 0.3232
(620,619) 0.3449
(1095,619) 1.3219
(1096,619) 0.4963
(619,620) 0.3449
(590,621) 0.0973
(617,621) 0.1186
(618,621) 0.2422
(586,622) 0.0604
(613,622) 0.1439
(623,622) 0.8368
(587,623) 0.1247
(616,623) 0.1567
(622,623) 0.8368
(615,624) 0.2966
(612,625) 0.1773
(614,625) 0.3204
(615,625) 0.2378
(599,626) 0.3511
(627,626) 0.8518
(636,626) 0.2412
(626,627) 0.8518
(628,627) 0.4773
(629,627) 0.2534
(627,628) 0.4773
(627,629) 0.2534
(630,629) 0.4552
(647,629) 0.3201
(629,630) 0.4552
(631,630) 0.5596
(633,630) 0.5631
(630,631) 0.5596
(632,631) 0.1816
(634,631) 0.4433
(631,632) 0.1816
(630,633) 0.5631
(631,634) 0.4433
(608,635) 0.0678
(626,636) 0.2412
(637,636) 0.086
(645,636) 0.0752
(636,637) 0.086
(638,637) 0.6341
(648,637) 0.3652
(637,638) 0.6341
(639,638) 0.9083
(651,638) 0.0947
(539,639) 0.7502
(638,639) 0.9083
(640,639) 0.0759
(639,640) 0.0759
(641,640) 0.45
(643,640) 0.5139
(539,641) 0.1321
(640,641) 0.45
(642,641) 0.2549
(641,642) 0.2549
(643,642) 0.4188
(663,642) 0.1288
(640,643) 0.5139
(642,643) 0.4188
(660,643) 0.2556
(540,644) 0.0976
(636,645) 0.0752
(646,645) 2.2841
(648,645) 1.5049
(645,646) 2.2841
(647,646) 2.0024
(652,646) 0.1387
(629,647) 0.3201
(646,647) 2.0024
(1211,647) 1.6883
(637,648) 0.3652
(645,648) 1.5049
(649,648) 0.1384
(648,649) 0.1384
(650,649) 0.8795
(652,649) 0.1783
(649,650) 0.8795
(651,650) 0.5952
(653,650) 0.6435
(657,650) 0.1697
(638,651) 0.0947
(650,651) 0.5952
(661,651) 1.4023
(646,652) 0.1387
(649,652) 0.1783
(653,652) 0.2156
(656,652) 0.9225
(650,653) 0.6435
(652,653) 0.2156
(654,653) 0.233
(653,654) 0.233
(655,654) 0.1872
(656,654) 0.1295
(654,655) 0.1872
(652,656) 0.9225
(654,656) 0.1295
(1214,656) 0.2685
(650,657) 0.1697
(658,657) 1.8169
(673,657) 0.0853
(657,658) 1.8169
(659,658) 0.1776
(666,658) 0.0542
(671,658) 0.2346
(658,659) 0.1776
(660,659) 0.5949
(661,659) 0.7576
(643,660) 0.2556
(659,660) 0.5949
(661,660) 0.8666
(651,661) 1.4023
(659,661) 0.7576
(660,661) 0.8666
(547,662) 0.3214
(663,662) 0.2529
(675,662) 0.3224
(642,663) 0.1288
(662,663) 0.2529
(664,663) 0.6053
(682,663) 0.3826
(663,664) 0.6053
(665,664) 0.2219
(667,664) 0.2316
(664,665) 0.2219
(666,665) 0.2936
(667,665) 0.0551
(674,665) 0.6807
(658,666) 0.0542
(665,666) 0.2936
(668,666) 0.1387
(664,667) 0.2316
(665,667) 0.0551
(668,667) 0.8628
(692,667) 0.0513
(666,668) 0.1387
(667,668) 0.8628
(669,668) 0.8826
(690,668) 0.2121
(668,669) 0.8826
(670,669) 0.08
(691,669) 1.6046
(693,669) 0.0719
(669,670) 0.08
(671,670) 1.0862
(1032,670) 0.344
(658,671) 0.2346
(670,671) 1.0862
(672,671) 0.5429
(671,672) 0.5429
(657,673) 0.0853
(665,674) 0.6807
(662,675) 0.3224
(348,676) 0.0337
(546,677) 0.1318
(678,677) 0.272
(682,677) 0.071
(677,678) 0.272
(680,678) 0.222
(703,678) 0.2592
(680,679) 0.2294
(681,679) 1.0127
(684,679) 0.721
(703,679) 0.7452
(704,679) 1.0196
(396,680) 0.1441
(403,680) 0.7474
(678,680) 0.222
(679,680) 0.2294
(681,680) 0.2325
(679,681) 1.0127
(680,681) 0.2325
(683,681) 0.9294
(663,682) 0.3826
(677,682) 0.071
(704,682) 0.155
(362,683) 0.1475
(402,683) 0.8326
(681,683) 0.9294
(684,683) 0.8299
(679,684) 0.721
(683,684) 0.8299
(685,684) 0.2353
(684,685) 0.2353
(686,685) 1.2974
(688,685) 0.3101
(685,686) 1.2974
(687,686) 0.846
(701,686) 0.1443
(363,687) 0.6418
(686,687) 0.846
(701,687) 0.2611
(685,688) 0.3101
(689,688) 0.0592
(692,688) 0.272
(688,689) 0.0592
(690,689) 0.1262
(692,689) 0.186
(668,690) 0.2121
(689,690) 0.1262
(691,690) 0.0771
(669,691) 1.6046
(690,691) 0.0771
(694,691) 0.2366
(667,692) 0.0513
(688,692) 0.272
(689,692) 0.186
(669,693) 0.0719
(999,693) 0.1583
(1015,693) 0.1187
(691,694) 0.2366
(695,694) 0.6645
(702,694) 0.1815
(694,695) 0.6645
(696,695) 0.1678
(978,695) 0.3679
(695,696) 0.1678
(697,696) 0.5855
(710,696) 0.0725
(696,697) 0.5855
(698,697) 0.3142
(711,697) 0.263
(697,698) 0.3142
(699,698) 0.7225
(712,698) 0.2992
(698,699) 0.7225
(700,699) 0.2531
(713,699) 0.0811
(699,700) 0.2531
(686,701) 0.1443
(687,701) 0.2611
(702,701) 0.8961
(363,702) 0.1839
(694,702) 0.1815
(701,702) 0.8961
(678,703) 0.2592
(679,703) 0.7452
(704,703) 0.9634
(679,704) 1.0196
(682,704) 0.155
(703,704) 0.9634
(363,705) 0.388
(706,705) 0.7429
(709,705) 0.5
(710,705) 0.4735
(705,706) 0.7429
(707,706) 0.053
(708,706) 0.2211
(706,707) 0.053
(706,708) 0.2211
(705,709) 0.5
(710,709) 1.1098
(711,709) 0.4589
(714,709) 0.0672
(696,710) 0.0725
(705,710) 0.4735
(709,710) 1.1098
(697,711) 0.263
(709,711) 0.4589
(712,711) 0.2949
(698,712) 0.2992
(711,712) 0.2949
(713,712) 0.1342
(699,713) 0.0811
(712,713) 0.1342
(714,713) 0.0782
(709,714) 0.0672
(713,714) 0.0782
(747,714) 0.4156
(984,714) 1.2401
(362,715) 0.2049
(716,715) 0.1581
(717,715) 0.0803
(715,716) 0.1581
(729,716) 0.7843
(747,716) 0.2703
(715,717) 0.0803
(366,718) 0.4598
(719,718) 1.2752
(726,718) 0.1065
(232,719) 0.1091
(718,719) 1.2752
(720,719) 0.155
(726,719) 0.0965
(719,720) 0.155
(721,720) 1.0397
(729,720) 0.4031
(720,721) 1.0397
(722,721) 1.8018
(723,721) 0.3493
(721,722) 1.8018
(721,723) 0.3493
(724,723) 0.4988
(725,723) 0.0587
(723,724) 0.4988
(237,725) 0.2411
(723,725) 0.0587
(733,725) 1.057
(718,726) 0.1065
(719,726) 0.0965
(727,726) 0.0788
(726,727) 0.0788
(233,728) 0.7289
(716,729) 0.7843
(720,729) 0.4031
(742,729) 0.1914
(237,730) 0.1177
(731,730) 0.5921
(732,730) 0.0776
(751,730) 0.0382
(730,731) 0.5921
(730,732) 0.0776
(733,732) 1.4366
(734,732) 1.7036
(753,732) 0.1594
(725,733) 1.057
(732,733) 1.4366
(742,733) 0.1194
(732,734) 1.7036
(735,734) 0.4163
(991,734) 0.1035
(734,735) 0.4163
(736,735) 0.6378
(992,735) 0.0869
(995,735) 0.1421
(735,736) 0.6378
(737,736) 0.6623
(757,736) 0.2807
(736,737) 0.6623
(738,737) 0.6614
(777,737) 0.3498
(737,738) 0.6614
(739,738) 0.5376
(771,738) 0.1968
(778,738) 0.3356
(738,739) 0.5376
(740,739) 0.4394
(995,739) 0.0683
(739,740) 0.4394
(741,740) 0.5453
(963,740) 1.9646
(740,741) 0.5453
(891,741) 0.0352
(908,741) 0.3852
(936,741) 0.939
(729,742) 0.1914
(733,742) 0.1194
(743,742) 0.8772
(991,742) 0.7463
(742,743) 0.8772
(744,743) 0.6468
(967,743) 0.5195
(743,744) 0.6468
(745,744) 0.8937
(746,744) 0.6835
(744,745) 0.8937
(746,745) 0.9107
(747,745) 0.5711
(744,746) 0.6835
(745,746) 0.9107
(983,746) 0.3724
(714,747) 0.4156
(716,747) 0.2703
(745,747) 0.5711
(251,748) 0.6042
(750,748) 0.3064
(752,748) 0.4805
(751,749) 0.0809
(752,749) 0.5181
(753,749) 0.4003
(754,749) 0.2982
(748,750) 0.3064
(758,750) 1.1215
(772,750) 0.1188
(730,751) 0.0382
(749,751) 0.0809
(752,751) 0.0994
(748,752) 0.4805
(749,752) 0.5181
(751,752) 0.0994
(732,753) 0.1594
(749,753) 0.4003
(754,753) 0.6807
(757,753) 0.3358
(749,754) 0.2982
(753,754) 0.6807
(755,754) 0.956
(754,755) 0.956
(756,755) 1.5249
(766,755) 1.0169
(755,756) 1.5249
(757,756) 0.9328
(776,756) 1.3576
(736,757) 0.2807
(753,757) 0.3358
(756,757) 0.9328
(269,758) 0.0854
(750,758) 1.1215
(759,758) 1.4316
(758,759) 1.4316
(760,759) 0.3179
(773,759) 0.128
(759,760) 0.3179
(761,760) 0.6506
(775,760) 0.0985
(760,761) 0.6506
(762,761) 0.8651
(766,761) 0.0437
(780,761) 0.0971
(761,762) 0.8651
(763,762) 1.4271
(767,762) 0.0124
(762,763) 1.4271
(764,763) 0.2648
(829,763) 0.183
(830,763) 0.5814
(763,764) 0.2648
(765,764) 0.3202
(768,764) 0.1824
(764,765) 0.3202
(770,765) 0.1073
(892,765) 0.411
(755,766) 1.0169
(761,766) 0.0437
(767,766) 0.4739
(762,767) 0.0124
(766,767) 0.4739
(768,767) 0.9116
(764,768) 0.1824
(767,768) 0.9116
(769,768) 0.4866
(768,769) 0.4866
(770,769) 1.2203
(779,769) 0.9794
(765,770) 0.1073
(769,770) 1.2203
(771,770) 0.5126
(885,770) 0.0722
(738,771) 0.1968
(770,771) 0.5126
(885,771) 0.6974
(750,772) 0.1188
(759,773) 0.128
(774,773) 0.1439
(835,773) 0.0366
(773,774) 0.1439
(781,774) 0.2566
(814,774) 0.4876
(760,775) 0.0985
(756,776) 1.3576
(777,776) 1.034
(779,776) 0.3483
(737,777) 0.3498
(776,777) 1.034
(778,777) 0.8058
(738,778) 0.3356
(777,778) 0.8058
(779,778) 0.4769
(769,779) 0.9794
(776,779) 0.3483
(778,779) 0.4769
(761,780) 0.0971
(774,781) 0.2566
(138,782) 0.1728
(783,782) 0.0519
(816,782) 0.0779
(782,783) 0.0519
(784,783) 0.0315
(789,783) 0.3623
(804,783) 0.4677
(783,784) 0.0315
(805,784) 0.7315
(807,784) 0.5528
(138,785) 0.1033
(786,785) 0.0681
(789,785) 0.3894
(263,786) 0.0405
(785,786) 0.0681
(787,786) 0.0149
(263,787) 0.2297
(786,787) 0.0149
(788,787) 0.1328
(787,788) 0.1328
(789,788) 0.6337
(790,788) 0.2057
(783,789) 0.3623
(785,789) 0.3894
(788,789) 0.6337
(788,790) 0.2057
(791,790) 1.2424
(798,790) 0.8143
(799,790) 0.1969
(790,791) 1.2424
(792,791) 1.1178
(794,791) 0.1483
(262,792) 0.4719
(791,792) 1.1178
(793,792) 1.2915
(792,793) 1.2915
(257,794) 0.3631
(791,794) 0.1483
(799,794) 1.4852
(257,795) 0.5283
(248,796) 0.1008
(797,796) 1.3613
(799,796) 0.399
(796,797) 1.3613
(800,797) 0.2517
(802,797) 0.5144
(790,798) 0.8143
(800,798) 0.2175
(801,798) 0.7057
(790,799) 0.1969
(794,799) 1.4852
(796,799) 0.399
(800,799) 0.9506
(797,800) 0.2517
(798,800) 0.2175
(799,800) 0.9506
(798,801) 0.7057
(802,801) 0.7168
(803,801) 0.6427
(797,802) 0.5144
(801,802) 0.7168
(807,802) 1.3271
(809,802) 0.1935
(801,803) 0.6427
(783,804) 0.4677
(805,804) 0.0892
(811,804) 0.4016
(784,805) 0.7315
(804,805) 0.0892
(806,805) 1.2035
(811,805) 0.1078
(812,805) 0.3521
(805,806) 1.2035
(807,806) 0.6925
(810,806) 0.5297
(784,807) 0.5528
(802,807) 1.3271
(806,807) 0.6925
(809,807) 0.0657
(268,808) 0.3415
(809,808) 0.5938
(813,808) 0.2871
(802,809) 0.1935
(807,809) 0.0657
(808,809) 0.5938
(806,810) 0.5297
(804,811) 0.4016
(805,811) 0.1078
(812,811) 0.2461
(805,812) 0.3521
(811,812) 0.2461
(815,812) 0.182
(820,812) 0.4462
(808,813) 0.2871
(814,813) 0.3965
(815,813) 0.5359
(774,814) 0.4876
(813,814) 0.3965
(815,814) 0.932
(812,815) 0.182
(813,815) 0.5359
(814,815) 0.932
(782,816) 0.0779
(817,816) 0.8123
(1352,816) 0.0511
(816,817) 0.8123
(818,817) 0.5356
(1349,817) 0.1199
(817,818) 0.5356
(819,818) 0.3137
(820,818) 0.1963
(818,819) 0.3137
(812,820) 0.4462
(818,820) 0.1963
(821,820) 0.1909
(828,820) 0.1494
(820,821) 0.1909
(822,821) 0.4031
(826,821) 0.0432
(821,822) 0.4031
(823,822) 0.7491
(827,822) 0.1089
(822,823) 0.7491
(824,823) 0.1983
(825,823) 0.4847
(823,824) 0.1983
(823,825) 0.4847
(821,826) 0.0432
(822,827) 0.1089
(820,828) 0.1494
(763,829) 0.183
(763,830) 0.5814
(831,830) 0.0732
(832,830) 0.3697
(830,831) 0.0732
(830,832) 0.3697
(837,832) 0.7391
(883,832) 0.2315
(834,833) 0.0636
(836,833) 0.0487
(883,833) 0.1259
(833,834) 0.0636
(773,835) 0.0366
(833,836) 0.0487
(879,836) 0.0968
(880,836) 0.2031
(832,837) 0.7391
(838,837) 0.489
(884,837) 0.1057
(837,838) 0.489
