(2,1) 0.12
(3,1) 0.1493
(4,1) 0.1639
(5,1) 0.1816
(6,1) 0.1619
(7,1) 0.1672
(39,1) 0.052
(69,1) 0.0835
(100,1) 0.0432
(101,1) 0.051
(102,1) 0.0195
(117,1) 0.0215
(291,1) 0.0403
(294,1) 0.0545
(295,1) 0.0393
(331,1) 0.0603
(338,1) 0.1037
(349,1) 0.0552
(442,1) 0.0797
(1,2) 0.12
(76,2) 0.045
(79,2) 0.0286
(81,2) 0.1105
(99,2) 0.2143
(1,3) 0.1493
(8,3) 0.0353
(13,3) 0.128
(1,4) 0.1639
(10,4) 0.2008
(14,4) 0.1779
(1,5) 0.1816
(354,5) 0.1993
(501,5) 0.0483
(1,6) 0.1619
(444,6) 0.1065
(445,6) 0.1327
(496,6) 0.1117
(500,6) 0.0691
(1,7) 0.1672
(442,7) 0.155
(443,7) 0.1215
(3,8) 0.0353
(9,8) 0.1648
(18,8) 0.1743
(23,8) 0.019
(8,9) 0.1648
(13,9) 0.2094
(17,9) 0.1132
(4,10) 0.2008
(11,10) 0.52
(13,10) 0.268
(10,11) 0.52
(12,11) 0.199
(15,11) 0.3414
(11,12) 0.199
(3,13) 0.128
(9,13) 0.2094
(10,13) 0.268
(4,14) 0.1779
(15,14) 0.2358
(289,14) 0.0583
(11,15) 0.3414
(14,15) 0.2358
(16,15) 0.0975
(15,16) 0.0975
(17,16) 0.2116
(288,16) 0.054
(9,17) 0.1132
(16,17) 0.2116
(26,17) 0.1855
(8,18) 0.1743
(19,18) 0.0452
(37,18) 0.0094
(18,19) 0.0452
(20,19) 0.0436
(21,19) 0.0465
(19,20) 0.0436
(19,21) 0.0465
(22,21) 0.0918
(201,21) 0.0224
(21,22) 0.0918
(8,23) 0.019
(24,23) 0.108
(25,23) 0.1034
(23,24) 0.108
(25,24) 0.2757
(26,24) 0.1219
(23,25) 0.1034
(24,25) 0.2757
(28,25) 0.1616
(17,26) 0.1855
(24,26) 0.1219
(27,26) 0.0499
(26,27) 0.0499
(25,28) 0.1616
(29,28) 0.3445
(201,28) 0.0335
(28,29) 0.3445
(30,29) 0.223
(36,29) 0.1833
(29,30) 0.223
(31,30) 0.0754
(202,30) 0.0259
(30,31) 0.0754
(32,31) 0.1752
(35,31) 0.0852
(31,32) 0.1752
(33,32) 0.0702
(213,32) 0.001
(32,33) 0.0702
(34,33) 0.0834
(190,33) 0.0672
(200,33) 0.0121
(33,34) 0.0834
(190,34) 0.0653
(191,34) 0.0147
(31,35) 0.0852
(29,36) 0.1833
(18,37) 0.0094
(38,37) 0.0197
(46,37) 0.0294
(37,38) 0.0197
(1,39) 0.052
(40,39) 0.0237
(44,39) 0.0562
(70,39) 0.4088
(39,40) 0.0237
(41,40) 0.0219
(42,40) 0.0842
(43,40) 0.0647
(40,41) 0.0219
(40,42) 0.0842
(40,43) 0.0647
(39,44) 0.0562
(45,44) 0.0132
(50,44) 0.0315
(44,45) 0.0132
(46,45) 0.1
(48,45) 0.0233
(37,46) 0.0294
(45,46) 0.1
(47,46) 0.3957
(46,47) 0.3957
(45,48) 0.0233
(49,48) 0.0329
(187,48) 0.0135
(48,49) 0.0329
(55,49) 0.077
(175,49) 0.0356
(44,50) 0.0315
(51,50) 0.3598
(53,50) 0.0258
(50,51) 0.3598
(52,51) 0.3613
(53,51) 0.0531
(51,52) 0.3613
(59,52) 0.0423
(73,52) 0.0618
(50,53) 0.0258
(51,53) 0.0531
(54,53) 0.2089
(53,54) 0.2089
(55,54) 0.6472
(57,54) 0.0118
(49,55) 0.077
(54,55) 0.6472
(56,55) 0.0592
(55,56) 0.0592
(54,57) 0.0118
(58,57) 0.089
(67,57) 0.2157
(161,57) 0.0735
(57,58) 0.089
(59,58) 0.0056
(60,58) 0.047
(52,59) 0.0423
(58,59) 0.0056
(75,59) 0.0209
(80,59) 0.0268
(58,60) 0.047
(61,60) 0.0315
(62,60) 0.0138
(60,61) 0.0315
(63,61) 0.071
(80,61) 0.0411
(60,62) 0.0138
(63,62) 0.5612
(65,62) 0.0233
(61,63) 0.071
(62,63) 0.5612
(64,63) 0.0917
(63,64) 0.0917
(62,65) 0.0233
(66,65) 0.0372
(146,65) 0.049
(65,66) 0.0372
(85,66) 0.1392
(145,66) 0.0176
(57,67) 0.2157
(68,67) 0.05
(158,67) 0.0358
(67,68) 0.05
(156,68) 0.0417
(157,68) 0.0315
(1,69) 0.0835
(70,69) 0.1773
(76,69) 0.0912
(39,70) 0.4088
(69,70) 0.1773
(71,70) 0.0539
(70,71) 0.0539
(72,71) 0.1203
(78,71) 0.057
(71,72) 0.1203
(73,72) 0.0262
(75,72) 0.0198
(52,73) 0.0618
(72,73) 0.0262
(74,73) 0.0896
(73,74) 0.0896
(59,75) 0.0209
(72,75) 0.0198
(78,75) 0.019
(2,76) 0.045
(69,76) 0.0912
(77,76) 0.027
(76,77) 0.027
(71,78) 0.057
(75,78) 0.019
(79,78) 0.1998
(2,79) 0.0286
(78,79) 0.1998
(80,79) 0.0651
(59,80) 0.0268
(61,80) 0.0411
(79,80) 0.0651
(2,81) 0.1105
(82,81) 0.1082
(87,81) 0.0861
(99,81) 0.0607
(81,82) 0.1082
(83,82) 0.0656
(84,82) 0.0171
(82,83) 0.0656
(82,84) 0.0171
(85,84) 0.0269
(86,84) 0.0637
(66,85) 0.1392
(84,85) 0.0269
(86,85) 0.2972
(84,86) 0.0637
(85,86) 0.2972
(140,86) 0.0097
(81,87) 0.0861
(88,87) 0.1412
(93,87) 0.2264
(87,88) 0.1412
(89,88) 0.1549
(90,88) 0.0448
(88,89) 0.1549
(88,90) 0.0448
(91,90) 0.0231
(92,90) 0.0384
(90,91) 0.0231
(90,92) 0.0384
(87,93) 0.2264
(94,93) 0.0437
(97,93) 0.0148
(93,94) 0.0437
(95,94) 0.0115
(96,94) 0.0399
(94,95) 0.0115
(96,95) 0.0969
(139,95) 0.0442
(94,96) 0.0399
(95,96) 0.0969
(138,96) 0.0267
(93,97) 0.0148
(98,97) 0.0181
(125,97) 0.0286
(97,98) 0.0181
(99,98) 0.0251
(104,98) 0.0772
(2,99) 0.2143
(81,99) 0.0607
(98,99) 0.0251
(1,100) 0.0432
(101,100) 0.2207
(103,100) 0.1253
(1,101) 0.051
(100,101) 0.2207
(102,101) 0.1071
(1,102) 0.0195
(101,102) 0.1071
(103,102) 0.1263
(110,102) 0.041
(112,102) 0.0403
(113,102) 0.0184
(100,103) 0.1253
(102,103) 0.1263
(104,103) 0.0853
(109,103) 0.1284
(98,104) 0.0772
(103,104) 0.0853
(105,104) 0.1093
(104,105) 0.1093
(106,105) 0.0253
(107,105) 0.0343
(105,106) 0.0253
(105,107) 0.0343
(108,107) 0.0206
(115,107) 0.0482
(124,107) 0.0215
(107,108) 0.0206
(103,109) 0.1284
(110,109) 0.1327
(115,109) 0.1415
(102,110) 0.041
(109,110) 0.1327
(114,110) 0.0359
(112,111) 0.2016
(113,111) 0.1497
(114,111) 0.1705
(118,111) 0.0874
(102,112) 0.0403
(111,112) 0.2016
(114,112) 0.1
(102,113) 0.0184
(111,113) 0.1497
(117,113) 0.0092
(118,113) 0.0266
(110,114) 0.0359
(111,114) 0.1705
(112,114) 0.1
(116,114) 0.0819
(107,115) 0.0482
(109,115) 0.1415
(116,115) 0.0552
(114,116) 0.0819
(115,116) 0.0552
(119,116) 0.0561
(121,116) 0.015
(1,117) 0.0215
(113,117) 0.0092
(314,117) 0.0093
(111,118) 0.0874
(113,118) 0.0266
(119,118) 0.1873
(116,119) 0.0561
(118,119) 0.1873
(120,119) 0.0293
(119,120) 0.0293
(121,120) 0.2357
(123,120) 0.2783
(116,121) 0.015
(120,121) 0.2357
(122,121) 0.0924
(124,121) 0.0085
(121,122) 0.0924
(120,123) 0.2783
(301,123) 0.0421
(313,123) 0.0197
(107,124) 0.0215
(121,124) 0.0085
(132,124) 0.1129
(97,125) 0.0286
(126,125) 0.1445
(127,125) 0.0508
(125,126) 0.1445
(125,127) 0.0508
(128,127) 0.0514
(133,127) 0.0254
(127,128) 0.0514
(129,128) 0.5797
(132,128) 0.0409
(128,129) 0.5797
(130,129) 0.1069
(131,129) 0.0329
(132,129) 0.0532
(129,130) 0.1069
(129,131) 0.0329
(124,132) 0.1129
(128,132) 0.0409
(129,132) 0.0532
(127,133) 0.0254
(134,133) 0.0421
(135,133) 0.0351
(133,134) 0.0421
(133,135) 0.0351
(136,135) 0.1858
(138,135) 0.2719
(135,136) 0.1858
(137,136) 0.0364
(143,136) 0.0341
(136,137) 0.0364
(96,138) 0.0267
(135,138) 0.2719
(139,138) 0.1178
(141,138) 0.1144
(95,139) 0.0442
(138,139) 0.1178
(140,139) 0.1451
(86,140) 0.0097
(139,140) 0.1451
(141,140) 0.0866
(144,140) 0.0275
(147,140) 0.0838
(138,141) 0.1144
(140,141) 0.0866
(142,141) 0.039
(141,142) 0.039
(136,143) 0.0341
(140,144) 0.0275
(66,145) 0.0176
(146,145) 0.0853
(147,145) 0.1851
(65,146) 0.049
(145,146) 0.0853
(147,146) 0.2161
(148,146) 0.0873
(149,146) 0.0954
(140,147) 0.0838
(145,147) 0.1851
(146,147) 0.2161
(146,148) 0.0873
(146,149) 0.0954
(150,149) 0.0684
(151,149) 0.0827
(149,150) 0.0684
(149,151) 0.0827
(152,151) 0.051
(153,151) 0.1594
(151,152) 0.051
(151,153) 0.1594
(154,153) 0.0873
(155,153) 0.0386
(153,154) 0.0873
(153,155) 0.0386
(68,156) 0.0417
(68,157) 0.0315
(67,158) 0.0358
(159,158) 0.0124
(160,158) 0.0297
(158,159) 0.0124
(158,160) 0.0297
(57,161) 0.0735
(162,161) 0.0336
(167,161) 0.0666
(161,162) 0.0336
(163,162) 0.0027
(164,162) 0.0807
(162,163) 0.0027
(162,164) 0.0807
(165,164) 0.0424
(166,164) 0.0284
(164,165) 0.0424
(164,166) 0.0284
(161,167) 0.0666
(168,167) 0.0509
(169,167) 0.0514
(172,167) 0.1761
(167,168) 0.0509
(167,169) 0.0514
(170,169) 0.2453
(171,169) 0.1676
(169,170) 0.2453
(169,171) 0.1676
(167,172) 0.1761
(173,172) 0.0619
(174,172) 0.06
(172,173) 0.0619
(172,174) 0.06
(49,175) 0.0356
(176,175) 0.1103
(180,175) 0.0981
(175,176) 0.1103
(177,176) 0.0841
(178,176) 0.056
(179,176) 0.2409
(176,177) 0.0841
(176,178) 0.056
(176,179) 0.2409
(175,180) 0.0981
(181,180) 0.3422
(182,180) 0.1248
(180,181) 0.3422
(182,181) 0.1972
(185,181) 0.0182
(186,181) 0.043
(180,182) 0.1248
(181,182) 0.1972
(183,182) 0.233
(184,182) 0.2311
(182,183) 0.233
(182,184) 0.2311
(181,185) 0.0182
(181,186) 0.043
(48,187) 0.0135
(188,187) 0.031
(189,187) 0.0094
(187,188) 0.031
(187,189) 0.0094
(33,190) 0.0672
(34,190) 0.0653
(202,190) 0.0292
(34,191) 0.0147
(192,191) 0.0589
(193,191) 0.067
(191,192) 0.0589
(191,193) 0.067
(194,193) 0.178
(195,193) 0.5429
(198,193) 0.0425
(193,194) 0.178
(193,195) 0.5429
(196,195) 0.3497
(197,195) 0.3802
(195,196) 0.3497
(195,197) 0.3802
(193,198) 0.0425
(199,198) 0.2085
(203,198) 0.1037
(198,199) 0.2085
(200,199) 0.1496
(210,199) 0.0137
(33,200) 0.0121
(199,200) 0.1496
(211,200) 0.0444
(213,200) 0.0183
(21,201) 0.0224
(28,201) 0.0335
(202,201) 0.0112
(30,202) 0.0259
(190,202) 0.0292
(201,202) 0.0112
(198,203) 0.1037
(204,203) 0.2017
(207,203) 0.1127
(203,204) 0.2017
(205,204) 0.1019
(206,204) 0.0382
(204,205) 0.1019
(204,206) 0.0382
(203,207) 0.1127
(208,207) 0.1308
(209,207) 0.0857
(207,208) 0.1308
(207,209) 0.0857
(199,210) 0.0137
(211,210) 0.0772
(215,210) 0.108
(219,210) 0.0342
(200,211) 0.0444
(210,211) 0.0772
(212,211) 0.0248
(211,212) 0.0248
(213,212) 0.0488
(215,212) 0.04
(32,213) 0.001
(200,213) 0.0183
(212,213) 0.0488
(214,213) 0.0355
(213,214) 0.0355
(218,214) 0.0299
(281,214) 0.0114
(210,215) 0.108
(212,215) 0.04
(216,215) 0.0257
(217,215) 0.0257
(215,216) 0.0257
(217,216) 0.0892
(218,216) 0.0332
(226,216) 0.0219
(215,217) 0.0257
(216,217) 0.0892
(227,217) 0.0585
(214,218) 0.0299
(216,218) 0.0332
(255,218) 0.0469
(210,219) 0.0342
(220,219) 0.1528
(221,219) 0.6349
(224,219) 0.3157
(219,220) 0.1528
(219,221) 0.6349
(222,221) 0.2443
(223,221) 0.2106
(221,222) 0.2443
(221,223) 0.2106
(219,224) 0.3157
(225,224) 0.1045
(227,224) 0.0498
(239,224) 0.1757
(224,225) 0.1045
(216,226) 0.0219
(217,227) 0.0585
(224,227) 0.0498
(228,227) 0.2429
(227,228) 0.2429
(229,228) 0.0792
(261,228) 0.0324
(228,229) 0.0792
(230,229) 0.125
(234,229) 0.0737
(229,230) 0.125
(231,230) 0.1174
(240,230) 0.079
(230,231) 0.1174
(232,231) 0.1304
(233,231) 0.1022
(231,232) 0.1304
(231,233) 0.1022
(234,233) 0.154
(235,233) 0.2823
(229,234) 0.0737
(233,234) 0.154
(235,234) 0.3634
(233,235) 0.2823
(234,235) 0.3634
(236,235) 0.1557
(235,236) 0.1557
(237,236) 0.0353
(238,236) 0.0541
(241,236) 0.0812
(246,236) 0.1509
(263,236) 0.0556
(236,237) 0.0353
(238,237) 0.1415
(261,237) 0.0896
(236,238) 0.0541
(237,238) 0.1415
(261,238) 0.0586
(224,239) 0.1757
(230,240) 0.079
(236,241) 0.0812
(242,241) 0.1514
(243,241) 0.2289
(241,242) 0.1514
(241,243) 0.2289
(244,243) 0.5513
(245,243) 0.3018
(243,244) 0.5513
(243,245) 0.3018
(236,246) 0.1509
(247,246) 0.0826
(250,246) 0.1399
(246,247) 0.0826
(248,247) 0.2306
(249,247) 0.2414
(247,248) 0.2306
(247,249) 0.2414
(246,250) 0.1399
(251,250) 0.0956
(252,250) 0.1632
(250,251) 0.0956
(250,252) 0.1632
(253,252) 0.1894
(254,252) 0.2428
(252,253) 0.1894
(252,254) 0.2428
(218,255) 0.0469
(256,255) 0.2534
(284,255) 0.1534
(255,256) 0.2534
(257,256) 0.006
(285,256) 0.2053
(256,257) 0.006
(258,257) 0.1419
(268,257) 0.0221
(257,258) 0.1419
(259,258) 0.1683
(266,258) 0.0845
(258,259) 0.1683
(260,259) 0.2379
(265,259) 0.1534
(259,260) 0.2379
(261,260) 0.303
(262,260) 0.1901
(263,260) 0.1028
(264,260) 0.1975
(228,261) 0.0324
(237,261) 0.0896
(238,261) 0.0586
(260,261) 0.303
(260,262) 0.1901
(236,263) 0.0556
(260,263) 0.1028
(269,263) 0.0467
(260,264) 0.1975
(265,264) 0.1659
(269,264) 0.0351
(273,264) 0.0389
(259,265) 0.1534
(264,265) 0.1659
(266,265) 0.0865
(258,266) 0.0845
(265,266) 0.0865
(267,266) 0.0582
(266,267) 0.0582
(268,267) 0.0161
(377,267) 0.1174
(257,268) 0.0221
(267,268) 0.0161
(376,268) 0.039
(263,269) 0.0467
(264,269) 0.0351
(270,269) 0.0613
(269,270) 0.0613
(271,270) 0.0733
(272,270) 0.0799
(270,271) 0.0733
(270,272) 0.0799
(264,273) 0.0389
(274,273) 0.1844
(276,273) 0.1096
(273,274) 0.1844
(275,274) 0.0892
(382,274) 0.0071
(274,275) 0.0892
(273,276) 0.1096
(277,276) 0.034
(278,276) 0.0614
(276,277) 0.034
(276,278) 0.0614
(279,278) 0.0396
(280,278) 0.0474
(278,279) 0.0396
(278,280) 0.0474
(214,281) 0.0114
(282,281) 0.5322
(284,281) 0.1528
(281,282) 0.5322
(283,282) 0.0288
(287,282) 0.0802
(282,283) 0.0288
(255,284) 0.1534
(281,284) 0.1528
(286,284) 0.1562
(256,285) 0.2053
(286,285) 0.1822
(300,285) 0.2717
(284,286) 0.1562
(285,286) 0.1822
(293,286) 0.0497
(282,287) 0.0802
(288,287) 0.1842
(292,287) 0.0437
(16,288) 0.054
(287,288) 0.1842
(289,288) 0.0222
(290,288) 0.0769
(14,289) 0.0583
(288,289) 0.0222
(290,289) 0.0728
(288,290) 0.0769
(289,290) 0.0728
(292,290) 0.2502
(1,291) 0.0403
(292,291) 0.1771
(293,291) 0.1877
(295,291) 0.2342
(287,292) 0.0437
(290,292) 0.2502
(291,292) 0.1771
(286,293) 0.0497
(291,293) 0.1877
(296,293) 0.3208
(297,293) 0.2805
(1,294) 0.0545
(1,295) 0.0393
(291,295) 0.2342
(296,295) 0.2563
(337,295) 0.1757
(293,296) 0.3208
(295,296) 0.2563
(297,296) 0.1591
(337,296) 0.3042
(339,296) 0.0421
(293,297) 0.2805
(296,297) 0.1591
(298,297) 0.1601
(297,298) 0.1601
(299,298) 0.0086
(300,298) 0.0448
(298,299) 0.0086
(300,299) 0.0029
(373,299) 0.0249
(285,300) 0.2717
(298,300) 0.0448
(299,300) 0.0029
(123,301) 0.0421
(302,301) 0.3976
(310,301) 0.0525
(301,302) 0.3976
(303,302) 0.1183
(304,302) 0.1355
(302,303) 0.1183
(302,304) 0.1355
(305,304) 0.4063
(306,304) 0.0187
(304,305) 0.4063
(306,305) 0.0632
(309,305) 0.0423
(304,306) 0.0187
(305,306) 0.0632
(307,306) 0.1184
(308,306) 0.0737
(306,307) 0.1184
(306,308) 0.0737
(305,309) 0.0423
(301,310) 0.0525
(311,310) 0.147
(312,310) 0.1086
(310,311) 0.147
(310,312) 0.1086
(123,313) 0.0197
(117,314) 0.0093
(315,314) 0.0245
(318,314) 0.015
(314,315) 0.0245
(316,315) 0.0202
(317,315) 0.0455
(315,316) 0.0202
(315,317) 0.0455
(314,318) 0.015
(319,318) 0.0032
(320,318) 0.0368
(318,319) 0.0032
(318,320) 0.0368
(321,320) 0.04
(436,320) 0.1669
(320,321) 0.04
(322,321) 0.0799
(323,321) 0.0745
(321,322) 0.0799
(321,323) 0.0745
(324,323) 0.0266
(325,323) 0.0586
(323,324) 0.0266
(323,325) 0.0586
(326,325) 0.1931
(327,325) 0.104
(325,326) 0.1931
(325,327) 0.104
(328,327) 0.0862
(329,327) 0.0615
(330,327) 0.0331
(327,328) 0.0862
(327,329) 0.0615
(327,330) 0.0331
(1,331) 0.0603
(332,331) 0.289
(334,331) 0.13
(331,332) 0.289
(333,332) 0.0829
(338,332) 0.0898
(332,333) 0.0829
(334,333) 0.5682
(340,333) 0.1235
(331,334) 0.13
(333,334) 0.5682
(335,334) 0.2508
(334,335) 0.2508
(336,335) 0.3053
(337,335) 0.3368
(348,335) 0.1668
(335,336) 0.3053
(337,336) 0.2852
(339,336) 0.0775
(348,336) 0.4122
(295,337) 0.1757
(296,337) 0.3042
(335,337) 0.3368
(336,337) 0.2852
(1,338) 0.1037
(332,338) 0.0898
(340,338) 0.0876
(296,339) 0.0421
(336,339) 0.0775
(344,339) 0.4751
(347,339) 0.2669
(333,340) 0.1235
(338,340) 0.0876
(341,340) 0.1659
(350,340) 0.0707
(351,340) 0.187
(340,341) 0.1659
(342,341) 0.5356
(352,341) 0.0468
(341,342) 0.5356
(343,342) 0.7788
(345,342) 0.2092
(353,342) 0.0263
(342,343) 0.7788
(344,343) 0.0641
(348,343) 0.2409
(339,344) 0.4751
(343,344) 0.0641
(345,344) 0.1417
(346,344) 0.1309
(342,345) 0.2092
(344,345) 0.1417
(346,345) 0.4085
(344,346) 0.1309
(345,346) 0.4085
(347,346) 0.2627
(339,347) 0.2669
(346,347) 0.2627
(372,347) 0.0318
(374,347) 0.0168
(335,348) 0.1668
(336,348) 0.4122
(343,348) 0.2409
(1,349) 0.0552
(350,349) 0.2528
(354,349) 0.129
(340,350) 0.0707
(349,350) 0.2528
(351,350) 0.1554
(340,351) 0.187
(350,351) 0.1554
(352,351) 0.1555
(341,352) 0.0468
(351,352) 0.1555
(353,352) 0.2135
(342,353) 0.0263
(352,353) 0.2135
(357,353) 0.1495
(360,353) 0.2811
(5,354) 0.1993
(349,354) 0.129
(355,354) 0.0553
(354,355) 0.0553
(356,355) 0.1033
(435,355) 0.1383
(355,356) 0.1033
(357,356) 0.0522
(358,356) 0.0451
(353,357) 0.1495
(356,357) 0.0522
(358,357) 0.0544
(361,357) 0.1066
(363,357) 0.0206
(356,358) 0.0451
(357,358) 0.0544
(359,358) 0.0962
(358,359) 0.0962
(353,360) 0.2811
(361,360) 0.1385
(365,360) 0.1183
(357,361) 0.1066
(360,361) 0.1385
(362,361) 0.1377
(367,361) 0.1407
(361,362) 0.1377
(363,362) 0.1688
(364,362) 0.0943
(357,363) 0.0206
(362,363) 0.1688
(364,363) 0.0173
(362,364) 0.0943
(363,364) 0.0173
(371,364) 0.1234
(430,364) 0.0566
(360,365) 0.1183
(366,365) 0.2513
(372,365) 0.0314
(365,366) 0.2513
(367,366) 0.2767
(369,366) 0.2166
(361,367) 0.1407
(366,367) 0.2767
(368,367) 0.1428
(367,368) 0.1428
(369,368) 0.3723
(370,368) 0.0915
(366,369) 0.2166
(368,369) 0.3723
(383,369) 0.0103
(368,370) 0.0915
(371,370) 0.0444
(386,370) 0.0308
(364,371) 0.1234
(370,371) 0.0444
(428,371) 0.0285
(347,372) 0.0318
(365,372) 0.0314
(378,372) 0.0943
(379,372) 0.043
(299,373) 0.0249
(374,373) 0.0329
(376,373) 0.2961
(347,374) 0.0168
(373,374) 0.0329
(375,374) 0.1248
(374,375) 0.1248
(376,375) 0.026
(377,375) 0.0875
(268,376) 0.039
(373,376) 0.2961
(375,376) 0.026
(267,377) 0.1174
(375,377) 0.0875
(378,377) 0.098
(372,378) 0.0943
(377,378) 0.098
(380,378) 0.1783
(372,379) 0.043
(380,379) 0.2295
(382,379) 0.0201
(378,380) 0.1783
(379,380) 0.2295
(381,380) 0.0884
(380,381) 0.0884
(274,382) 0.0071
(379,382) 0.0201
(383,382) 0.0884
(369,383) 0.0103
(382,383) 0.0884
(384,383) 0.0466
(383,384) 0.0466
(385,384) 0.0639
(387,384) 0.0407
(384,385) 0.0639
(370,386) 0.0308
(391,386) 0.0156
(397,386) 0.0564
(384,387) 0.0407
(388,387) 0.134
(389,387) 0.1355
(390,387) 0.1339
(387,388) 0.134
(387,389) 0.1355
(387,390) 0.1339
(386,391) 0.0156
(392,391) 0.0715
(393,391) 0.0562
(391,392) 0.0715
(391,393) 0.0562
(394,393) 0.0331
(395,393) 0.0682
(396,393) 0.0446
(393,394) 0.0331
(393,395) 0.0682
(393,396) 0.0446
(386,397) 0.0564
(398,397) 0.0729
(401,397) 0.0998
(397,398) 0.0729
(399,398) 0.0644
(400,398) 0.0575
(398,399) 0.0644
(400,399) 0.2243
(403,399) 0.0728
(404,399) 0.1018
(398,400) 0.0575
(399,400) 0.2243
(401,400) 0.0845
(397,401) 0.0998
(400,401) 0.0845
(402,401) 0.0463
(401,402) 0.0463
(410,402) 0.1184
(424,402) 0.0248
(399,403) 0.0728
(399,404) 0.1018
(405,404) 0.1953
(407,404) 0.2615
(404,405) 0.1953
(406,405) 0.1791
(407,405) 0.3532
(405,406) 0.1791
(404,407) 0.2615
(405,407) 0.3532
(408,407) 0.3053
(407,408) 0.3053
(409,408) 0.1034
(410,408) 0.2976
(408,409) 0.1034
(410,409) 0.3867
(411,409) 0.0448
(412,409) 0.1707
(417,409) 0.0427
(418,409) 0.2325
(421,409) 0.3093
(402,410) 0.1184
(408,410) 0.2976
(409,410) 0.3867
(409,411) 0.0448
(409,412) 0.1707
(413,412) 0.0571
(414,412) 0.1264
(412,413) 0.0571
(412,414) 0.1264
(415,414) 0.1446
(416,414) 0.1266
(414,415) 0.1446
(414,416) 0.1266
(409,417) 0.0427
(409,418) 0.2325
(419,418) 0.0599
(420,418) 0.0458
(418,419) 0.0599
(418,420) 0.0458
(409,421) 0.3093
(422,421) 0.0872
(423,421) 0.0531
(421,422) 0.0872
(421,423) 0.0531
(402,424) 0.0248
(425,424) 0.02
(428,424) 0.0489
(429,424) 0.0789
(424,425) 0.02
(426,425) 0.0423
(427,425) 0.0445
(425,426) 0.0423
(425,427) 0.0445
(371,428) 0.0285
(424,428) 0.0489
(429,428) 0.0931
(424,429) 0.0789
(428,429) 0.0931
(432,429) 0.0128
(364,430) 0.0566
(431,430) 0.3531
(432,430) 0.0164
(430,431) 0.3531
(429,432) 0.0128
(430,432) 0.0164
(433,432) 0.0715
(432,433) 0.0715
(434,433) 0.0497
(435,433) 0.0498
(513,433) 0.0402
(433,434) 0.0497
(435,434) 0.0929
(512,434) 0.0583
(355,435) 0.1383
(433,435) 0.0498
(434,435) 0.0929
(320,436) 0.1669
(437,436) 0.0428
(438,436) 0.0401
(436,437) 0.0428
(438,437) 0.0159
(439,437) 0.0118
(436,438) 0.0401
(437,438) 0.0159
(455,438) 0.2118
(437,439) 0.0118
(440,439) 0.0073
(451,439) 0.0215
(464,439) 0.0056
(439,440) 0.0073
(441,440) 0.0417
(446,440) 0.0477
(440,441) 0.0417
(442,441) 0.4149
(443,441) 0.1063
(1,442) 0.0797
(7,442) 0.155
(441,442) 0.4149
(7,443) 0.1215
(441,443) 0.1063
(445,443) 0.5099
(446,443) 0.0417
(6,444) 0.1065
(445,444) 0.2484
(450,444) 0.0237
(497,444) 0.1772
(6,445) 0.1327
(443,445) 0.5099
(444,445) 0.2484
(440,446) 0.0477
(443,446) 0.0417
(447,446) 0.0827
(446,447) 0.0827
(448,447) 0.0136
(449,447) 0.0025
(447,448) 0.0136
(447,449) 0.0025
(444,450) 0.0237
(475,450) 0.1159
(476,450) 0.023
(439,451) 0.0215
(452,451) 0.0384
(454,451) 0.0239
(451,452) 0.0384
(453,452) 0.08
(454,452) 0.043
(452,453) 0.08
(451,454) 0.0239
(452,454) 0.043
(455,454) 0.3698
(461,454) 0.0468
(438,455) 0.2118
(454,455) 0.3698
(456,455) 0.0727
(455,456) 0.0727
(457,456) 0.0652
(458,456) 0.0791
(456,457) 0.0652
(456,458) 0.0791
(459,458) 0.077
(460,458) 0.0651
(458,459) 0.077
(458,460) 0.0651
(454,461) 0.0468
(462,461) 0.1285
(463,461) 0.0671
(461,462) 0.1285
(461,463) 0.0671
(439,464) 0.0056
(465,464) 0.0105
(473,464) 0.0803
(464,465) 0.0105
(466,465) 0.0091
(467,465) 0.0693
(465,466) 0.0091
(470,466) 0.0405
(473,466) 0.2186
(465,467) 0.0693
(468,467) 0.0552
(469,467) 0.0349
(467,468) 0.0552
(467,469) 0.0349
(466,470) 0.0405
(471,470) 0.3055
(472,470) 0.1729
(470,471) 0.3055
(470,472) 0.1729
(464,473) 0.0803
(466,473) 0.2186
(474,473) 0.0326
(473,474) 0.0326
(450,475) 0.1159
(476,475) 0.1548
(477,475) 0.0936
(450,476) 0.023
(475,476) 0.1548
(480,476) 0.1297
(475,477) 0.0936
(478,477) 0.4608
(479,477) 0.2103
(480,477) 0.176
(477,478) 0.4608
(477,479) 0.2103
(476,480) 0.1297
(477,480) 0.176
(481,480) 0.0479
(480,481) 0.0479
(482,481) 0.0542
(487,481) 0.1081
(481,482) 0.0542
(483,482) 0.1069
(484,482) 0.1204
(482,483) 0.1069
(482,484) 0.1204
(485,484) 0.0245
(486,484) 0.0322
(484,485) 0.0245
(484,486) 0.0322
(481,487) 0.1081
(488,487) 0.0991
(495,487) 0.0151
(487,488) 0.0991
(489,488) 0.0442
(490,488) 0.1364
(488,489) 0.0442
(488,490) 0.1364
(491,490) 0.0659
(492,490) 0.1404
(490,491) 0.0659
(490,492) 0.1404
(493,492) 0.223
(494,492) 0.1687
(492,493) 0.223
(492,494) 0.1687
(487,495) 0.0151
(6,496) 0.1117
(497,496) 0.137
(504,496) 0.0521
(444,497) 0.1772
(496,497) 0.137
(498,497) 0.0294
(497,498) 0.0294
(499,498) 0.0266
(502,498) 0.0167
(498,499) 0.0266
(6,500) 0.0691
(5,501) 0.0483
(498,502) 0.0167
(503,502) 0.0375
(506,502) 0.0621
(502,503) 0.0375
(506,503) 0.0389
(509,503) 0.0251
(511,503) 0.2184
(496,504) 0.0521
(505,504) 0.0253
(506,504) 0.014
(504,505) 0.0253
(502,506) 0.0621
(503,506) 0.0389
(504,506) 0.014
(507,506) 0.0251
(506,507) 0.0251
(508,507) 0.0778
(514,507) 0.0406
(507,508) 0.0778
(509,508) 0.055
(514,508) 0.0396
(503,509) 0.0251
(508,509) 0.055
(510,509) 0.1127
(509,510) 0.1127
(511,510) 0.0292
(515,510) 0.0064
(503,511) 0.2184
(510,511) 0.0292
(515,511) 0.0497
(434,512) 0.0583
(513,512) 0.0495
(514,512) 0.0133
(433,513) 0.0402
(512,513) 0.0495
(516,513) 0.002
(507,514) 0.0406
(508,514) 0.0396
(512,514) 0.0133
(510,515) 0.0064
(511,515) 0.0497
(517,515) 0.0373
(513,516) 0.002
(518,516) 0.0156
(522,516) 0.0048
(524,516) 0.0279
(529,516) 0.0136
(530,516) 0.0225
(515,517) 0.0373
(518,517) 0.4963
(521,517) 0.0371
(516,518) 0.0156
(517,518) 0.4963
(519,518) 0.1473
(518,519) 0.1473
(520,519) 0.0604
(522,519) 0.0113
(519,520) 0.0604
(517,521) 0.0371
(516,522) 0.0048
(519,522) 0.0113
(523,522) 0.077
(522,523) 0.077
(516,524) 0.0279
(525,524) 0.2175
(526,524) 0.0584
(524,525) 0.2175
(524,526) 0.0584
(527,526) 0.183
(528,526) 0.1704
(526,527) 0.183
(526,528) 0.1704
(516,529) 0.0136
(516,530) 0.0225
(531,530) 0.0602
(536,530) 0.0316
(530,531) 0.0602
(532,531) 0.1456
(533,531) 0.0845
(531,532) 0.1456
(531,533) 0.0845
(534,533) 0.1648
(535,533) 0.1198
(533,534) 0.1648
(533,535) 0.1198
(530,536) 0.0316
