17 2 0.0548
150 2 0.0137
154 2 0.0822
7 3 0.137
74 3 0.0685
107 3 0.0548
3 7 0.137
9 7 0.1644
10 7 0.0137
25 8 0.0274
26 8 0.0274
7 9 0.1644
10 9 0.0959
104 9 0.0548
7 10 0.0137
9 10 0.0959
15 10 0.0685
10 15 0.0685
23 15 0.1233
46 15 0.2055
2 17 0.0548
22 17 0.0548
59 18 0.0959
101 18 0.1507
108 18 0.0411
20 19 0.0959
24 19 0.0274
119 19 0.0548
19 20 0.0959
21 20 0.1096
24 20 0.0822
20 21 0.1096
22 21 0.1096
17 22 0.0548
21 22 0.1096
49 22 0.0411
15 23 0.1233
113 23 0.1233
19 24 0.0274
20 24 0.0822
49 24 0.0411
8 25 0.0274
26 25 0.0274
8 26 0.0274
25 26 0.0274
37 36 0.1644
111 36 0.0411
135 36 0.2192
36 37 0.1644
51 37 0.0274
67 37 0.1233
43 38 0.0959
67 38 0.0959
38 43 0.0959
128 43 0.0959
15 46 0.2055
48 46 0.2055
46 48 0.2055
54 48 0.0685
134 48 0.1233
22 49 0.0411
24 49 0.0411
37 51 0.0274
133 51 0.0274
48 54 0.0685
74 54 0.0685
57 56 0.2329
117 56 0.0137
121 56 0.2603
56 57 0.2329
131 57 0.2329
59 58 0.1233
89 58 0.0137
128 58 0.0959
18 59 0.0959
58 59 0.1233
89 59 0.0137
37 67 0.1233
38 67 0.0959
122 67 0.2329
131 69 0.0959
151 69 0.0959
119 73 0.0548
136 73 0.0274
154 73 0.0959
3 74 0.0685
54 74 0.0685
58 89 0.0137
59 89 0.0137
97 96 0.0959
151 96 0.0959
96 97 0.0959
101 97 0.0411
109 97 0.0411
18 101 0.1507
97 101 0.0411
151 101 0.2055
9 104 0.0548
107 104 0.0548
3 107 0.0548
104 107 0.0548
18 108 0.0411
109 108 0.0411
97 109 0.0411
108 109 0.0411
36 111 0.0411
113 111 0.0411
23 113 0.1233
111 113 0.0411
126 113 0.1781
56 117 0.0137
122 117 0.0137
19 119 0.0548
73 119 0.0548
56 121 0.2603
122 121 0.2603
67 122 0.2329
117 122 0.0137
121 122 0.2603
113 126 0.1781
133 126 0.2192
135 126 0.0274
43 128 0.0959
58 128 0.0959
57 131 0.2329
69 131 0.0959
134 131 0.1233
51 133 0.0274
126 133 0.2192
135 133 0.2603
48 134 0.1233
131 134 0.1233
36 135 0.2192
126 135 0.0274
133 135 0.2603
73 136 0.0274
150 136 0.0137
154 136 0.0548
2 150 0.0137
136 150 0.0137
69 151 0.0959
96 151 0.0959
101 151 0.2055
2 154 0.0822
73 154 0.0959
136 154 0.0548
