3 1 0.0541
4 1 0.1622
5 1 0.1081
6 1 0.1351
7 1 0.0541
14 1 0.0541
19 1 0.0811
30 1 0.0541
51 1 0.3514
52 1 0.027
53 1 0.027
58 1 0.0811
59 1 0.0541
1 3 0.0541
14 3 0.0541
1 4 0.1622
25 4 0.0811
30 4 0.0541
1 5 0.1081
33 5 0.1081
1 6 0.1351
35 6 0.1351
1 7 0.0541
46 7 0.1622
51 7 0.2432
1 14 0.0541
3 14 0.0541
1 19 0.0811
24 19 0.0811
19 24 0.0811
25 24 0.0811
4 25 0.0811
24 25 0.0811
1 30 0.0541
4 30 0.0541
5 33 0.1081
35 33 0.1081
6 35 0.1351
33 35 0.1081
7 46 0.1622
75 46 0.1622
1 51 0.3514
7 51 0.2432
52 51 0.4595
1 52 0.027
51 52 0.4595
53 52 0.4054
1 53 0.027
52 53 0.4054
54 53 0.3514
53 54 0.3514
55 54 0.2432
59 54 0.0811
54 55 0.2432
58 55 0.0541
71 55 0.1622
1 58 0.0811
55 58 0.0541
1 59 0.0541
54 59 0.0811
55 71 0.1622
72 71 0.1622
71 72 0.1622
73 72 0.1622
72 73 0.1622
74 73 0.1622
73 74 0.1622
75 74 0.1622
46 75 0.1622
74 75 0.1622
