2 1 0.0814
5 1 0.0233
6 1 0.0581
7 1 0.0581
8 1 0.0465
9 1 0.0465
10 1 0.1395
11 1 0.1163
12 1 0.0465
13 1 0.0465
14 1 0.0465
17 1 0.0581
47 1 0.0465
88 1 0.0233
1 2 0.0814
15 2 0.0233
17 2 0.0233
98 2 0.0116
1 5 0.0233
28 5 0.0233
1 6 0.0581
28 6 0.0698
30 6 0.1047
32 6 0.0233
1 7 0.0581
33 7 0.0349
37 7 0.0349
1 8 0.0465
37 8 0.0233
38 8 0.0116
1 9 0.0465
47 9 0.0233
49 9 0.0116
1 10 0.1395
49 10 0.0116
50 10 0.1977
51 10 0.0233
1 11 0.1163
64 11 0.0581
72 11 0.0465
1 12 0.0465
88 12 0.0698
94 12 0.0581
1 13 0.0465
14 13 0.0233
94 13 0.0116
1 14 0.0465
13 14 0.0233
98 14 0.0116
2 15 0.0233
18 15 0.0233
1 17 0.0581
2 17 0.0233
18 17 0.0233
15 18 0.0233
17 18 0.0233
5 28 0.0233
6 28 0.0698
29 28 0.0349
28 29 0.0349
31 29 0.0349
6 30 0.1047
31 30 0.0349
32 30 0.0581
29 31 0.0349
30 31 0.0349
6 32 0.0233
30 32 0.0581
33 32 0.0233
7 33 0.0349
32 33 0.0233
7 37 0.0349
8 37 0.0233
8 38 0.0116
47 38 0.0116
1 47 0.0465
9 47 0.0233
38 47 0.0116
9 49 0.0116
10 49 0.0116
50 49 0.0349
10 50 0.1977
49 50 0.0349
51 50 0.1512
10 51 0.0233
50 51 0.1512
52 51 0.1163
51 52 0.1163
53 52 0.1628
57 52 0.0116
58 52 0.0116
52 53 0.1628
54 53 0.2093
57 53 0.0465
58 53 0.0116
53 54 0.2093
55 54 0.0233
61 54 0.2442
54 55 0.0233
56 55 0.0581
60 55 0.093
55 56 0.0581
125 56 0.0116
129 56 0.0349
52 57 0.0116
53 57 0.0465
62 57 0.2326
67 57 0.1512
52 58 0.0116
53 58 0.0116
55 60 0.093
61 60 0.0698
125 60 0.1047
54 61 0.2442
60 61 0.0698
63 61 0.0349
122 61 0.2093
57 62 0.2326
68 62 0.0233
122 62 0.2093
61 63 0.0349
125 63 0.0349
11 64 0.0581
65 64 0.0581
64 65 0.0581
66 65 0.0581
65 66 0.0581
67 66 0.0581
57 67 0.1512
66 67 0.0581
68 67 0.0814
62 68 0.0233
67 68 0.0814
75 68 0.0465
11 72 0.0465
73 72 0.0465
72 73 0.0465
74 73 0.0465
73 74 0.0465
75 74 0.0465
68 75 0.0465
74 75 0.0465
1 88 0.0233
12 88 0.0698
89 88 0.0349
88 89 0.0349
96 89 0.0349
12 94 0.0581
13 94 0.0116
95 94 0.0349
94 95 0.0349
96 95 0.0349
89 96 0.0349
95 96 0.0349
2 98 0.0116
14 98 0.0116
61 122 0.2093
62 122 0.2093
56 125 0.0116
60 125 0.1047
63 125 0.0349
126 125 0.0233
125 126 0.0233
129 126 0.0233
56 129 0.0349
126 129 0.0233
