2 1 0.0632
3 1 0.0823
4 1 0.0616
5 1 0.0542
6 1 0.0508
7 1 0.0319
19 1 0.0337
31 1 0.0552
32 1 0.0438
70 1 0.0758
75 1 0.035
86 1 0.048
87 1 0.0371
91 1 0.0273
93 1 0.0527
144 1 0.0318
157 1 0.0449
158 1 0.0493
1150 1 0.0325
1556 1 0.0205
1558 1 0.1001
1563 1 0.0626
1564 1 0.0996
1582 1 0.062
1584 1 0.0398
1585 1 0.0351
1 2 0.0632
1 3 0.0823
1556 3 0.0558
1557 3 0.0237
1 4 0.0616
31 4 0.2113
33 4 0.0074
1 5 0.0542
1 6 0.0508
1 7 0.0319
8 7 0.2286
17 7 0.1734
41 7 0.0786
7 8 0.2286
9 8 0.577
14 8 0.0895
8 9 0.577
10 9 0.3012
13 9 0.1483
9 10 0.3012
11 10 0.0575
437 10 0.4016
439 10 0.3798
10 11 0.0575
12 11 0.099
16 11 0.0538
442 11 0.3076
11 12 0.099
13 12 0.0701
16 12 0.1243
9 13 0.1483
12 13 0.0701
14 13 0.0782
8 14 0.0895
13 14 0.0782
15 14 0.0376
17 14 0.0117
14 15 0.0376
16 15 0.0603
18 15 0.0184
11 16 0.0538
12 16 0.1243
15 16 0.0603
7 17 0.1734
14 17 0.0117
18 17 0.0278
21 17 0.0101
15 18 0.0184
17 18 0.0278
21 18 0.0248
1 19 0.0337
20 19 0.5928
21 19 0.1246
22 19 0.1586
19 20 0.5928
21 20 0.0446
22 20 0.1174
23 20 0.1797
17 21 0.0101
18 21 0.0248
19 21 0.1246
20 21 0.0446
19 22 0.1586
20 22 0.1174
1142 22 0.213
20 23 0.1797
24 23 0.1009
28 23 0.1479
30 23 0.0405
23 24 0.1009
25 24 0.036
442 24 1.7437
24 25 0.036
26 25 0.0459
27 25 0.0984
25 26 0.0459
482 26 0.602
497 26 0.2695
25 27 0.0984
28 27 0.5063
1145 27 0.0884
23 28 0.1479
27 28 0.5063
29 28 1.1213
28 29 1.1213
30 29 0.1283
1136 29 0.0444
23 30 0.0405
29 30 0.1283
1138 30 0.0693
1142 30 0.0543
1 31 0.0552
4 31 0.2113
32 31 0.6418
1 32 0.0438
31 32 0.6418
33 32 0.0303
68 32 0.1492
4 33 0.0074
32 33 0.0303
34 33 0.0384
36 33 0.0503
33 34 0.0384
35 34 0.3922
68 34 0.1782
34 35 0.3922
36 35 0.0729
37 35 0.2416
59 35 0.0288
33 36 0.0503
35 36 0.0729
37 36 0.1294
38 36 0.0545
35 37 0.2416
36 37 0.1294
39 37 0.3587
36 38 0.0545
39 38 0.4431
41 38 0.2008
44 38 0.4904
50 38 0.7194
37 39 0.3587
38 39 0.4431
40 39 0.0411
39 40 0.0411
7 41 0.0786
38 41 0.2008
42 41 0.8251
41 42 0.8251
43 42 0.0701
44 42 0.1915
46 42 0.2147
42 43 0.0701
38 44 0.4904
42 44 0.1915
45 44 1.3965
44 45 1.3965
46 45 0.2553
49 45 1.0746
42 46 0.2147
45 46 0.2553
47 46 1.0456
46 47 1.0456
48 47 0.4757
451 47 0.1558
47 48 0.4757
49 48 0.1185
652 48 0.0466
45 49 1.0746
48 49 0.1185
50 49 0.3682
51 49 0.2596
38 50 0.7194
49 50 0.3682
57 50 0.1022
49 51 0.2596
52 51 0.0527
655 51 0.3231
51 52 0.0527
53 52 0.3102
54 52 0.2316
52 53 0.3102
54 53 0.3382
57 53 0.3095
52 54 0.2316
53 54 0.3382
55 54 0.5643
56 54 0.3655
54 55 0.5643
56 55 0.5187
661 55 1.1999
672 55 0.4218
54 56 0.3655
55 56 0.5187
58 56 0.3134
673 56 0.248
50 57 0.1022
53 57 0.3095
58 57 0.137
56 58 0.3134
57 58 0.137
60 58 0.245
62 58 0.1116
673 58 0.1144
35 59 0.0288
60 59 0.0975
64 59 0.0972
58 60 0.245
59 60 0.0975
61 60 0.9497
60 61 0.9497
62 61 0.1154
63 61 0.2392
58 62 0.1116
61 62 0.1154
671 62 0.0435
61 63 0.2392
64 63 0.1967
668 63 0.0587
59 64 0.0972
63 64 0.1967
65 64 0.1153
72 64 0.0522
667 64 0.0538
64 65 0.1153
66 65 0.2146
67 65 0.0312
65 66 0.2146
69 66 0.0345
72 66 0.0483
65 67 0.0312
32 68 0.1492
34 68 0.1782
69 68 0.0048
66 69 0.0345
68 69 0.0048
71 69 0.0109
1 70 0.0758
71 70 0.4492
74 70 0.0636
69 71 0.0109
70 71 0.4492
72 71 0.1001
64 72 0.0522
66 72 0.0483
71 72 0.1001
73 72 0.5956
72 73 0.5956
74 73 0.1125
81 73 0.0309
70 74 0.0636
73 74 0.1125
75 74 0.0254
1 75 0.035
74 75 0.0254
76 75 0.0457
75 76 0.0457
77 76 0.7746
86 76 0.2061
76 77 0.7746
78 77 0.9506
80 77 0.5942
77 78 0.9506
79 78 0.3682
87 78 0.4454
78 79 0.3682
80 79 0.4914
88 79 0.2715
77 80 0.5942
79 80 0.4914
81 80 0.1749
73 81 0.0309
80 81 0.1749
82 81 0.1139
81 82 0.1139
83 82 0.3691
134 82 0.0609
82 83 0.3691
84 83 0.1864
135 83 0.1583
83 84 0.1864
85 84 0.8897
135 84 0.1724
668 84 0.0963
670 84 0.2841
84 85 0.8897
236 85 0.1628
670 85 0.3811
1 86 0.048
76 86 0.2061
87 86 0.1613
1 87 0.0371
78 87 0.4454
86 87 0.1613
89 87 0.1649
105 87 0.1751
79 88 0.2715
89 88 0.6083
120 88 0.1275
124 88 0.1991
87 89 0.1649
88 89 0.6083
90 89 0.3804
89 90 0.3804
106 90 0.0956
107 90 0.0358
110 90 0.2011
1 91 0.0273
92 91 0.0533
105 91 0.0332
91 92 0.0533
93 92 0.3482
108 92 0.1015
1 93 0.0527
92 93 0.3482
94 93 0.5552
93 94 0.5552
95 94 0.1325
103 94 0.4119
94 95 0.1325
96 95 0.0454
137 95 0.0357
95 96 0.0454
97 96 0.0325
112 96 0.0183
96 97 0.0325
98 97 0.0528
138 97 0.0204
97 98 0.0528
99 98 0.0812
119 98 0.0439
139 98 0.139
98 99 0.0812
100 99 0.6988
119 99 0.1752
99 100 0.6988
101 100 0.2444
155 100 0.4566
100 101 0.2444
102 101 0.2676
148 101 0.6959
101 102 0.2676
103 102 1.0835
104 102 0.446
94 103 0.4119
102 103 1.0835
104 103 0.373
102 104 0.446
103 104 0.373
144 104 0.0049
156 104 0.0469
87 105 0.1751
91 105 0.0332
106 105 0.0635
90 106 0.0956
105 106 0.0635
107 106 0.0641
90 107 0.0358
106 107 0.0641
108 107 0.0134
92 108 0.1015
107 108 0.0134
109 108 0.0193
108 109 0.0193
90 110 0.2011
111 110 0.488
136 110 0.0819
110 111 0.488
112 111 0.174
120 111 0.1406
123 111 0.1041
96 112 0.0183
111 112 0.174
113 112 0.3597
112 113 0.3597
114 113 0.25
123 113 0.0708
138 113 0.1101
171 113 0.128
113 114 0.25
115 114 0.1986
139 114 0.0542
172 114 0.2117
114 115 0.1986
116 115 0.32
119 115 0.0802
173 115 0.2025
115 116 0.32
117 116 0.2866
140 116 0.2458
116 117 0.2866
118 117 0.2312
140 117 0.2892
117 118 0.2312
119 118 1.4507
152 118 0.7375
163 118 0.1332
98 119 0.0439
99 119 0.1752
115 119 0.0802
118 119 1.4507
88 120 0.1275
111 120 0.1406
121 120 0.7396
120 121 0.7396
122 121 0.3577
125 121 0.082
121 122 0.3577
123 122 0.1432
167 122 0.1062
111 123 0.1041
113 123 0.0708
122 123 0.1432
88 124 0.1991
126 124 0.0833
131 124 0.3399
121 125 0.082
126 125 0.1201
128 125 0.079
124 126 0.0833
125 126 0.1201
127 126 0.5988
126 127 0.5988
128 127 1.164
130 127 0.093
131 127 0.0847
125 128 0.079
127 128 1.164
129 128 0.6494
128 129 0.6494
167 129 0.1127
170 129 0.5498
127 130 0.093
132 130 0.3132
176 130 0.2872
124 131 0.3399
127 131 0.0847
132 131 0.9302
130 132 0.3132
131 132 0.9302
133 132 0.5562
134 132 0.4429
132 133 0.5562
134 133 0.2118
232 133 0.1894
233 133 0.0617
82 134 0.0609
132 134 0.4429
133 134 0.2118
135 134 0.0573
83 135 0.1583
84 135 0.1724
134 135 0.0573
233 135 0.097
234 135 0.1237
110 136 0.0819
95 137 0.0357
97 138 0.0204
113 138 0.1101
139 138 0.9355
98 139 0.139
114 139 0.0542
138 139 0.9355
116 140 0.2458
117 140 0.2892
141 140 0.4785
208 140 0.5376
140 141 0.4785
142 141 0.0776
196 141 0.3393
208 141 0.3173
209 141 0.1397
141 142 0.0776
143 142 0.1599
163 142 0.0697
142 143 0.1599
1 144 0.0318
104 144 0.0049
145 144 0.2701
144 145 0.2701
146 145 0.5479
147 145 0.1411
145 146 0.5479
147 146 0.1139
156 146 0.0255
145 147 0.1411
146 147 0.1139
157 147 0.2359
101 148 0.6959
149 148 0.0835
155 148 0.1629
148 149 0.0835
150 149 0.1022
156 149 0.0734
149 150 0.1022
151 150 0.0912
154 150 0.8569
150 151 0.0912
152 151 0.1736
163 151 0.1457
118 152 0.7375
151 152 0.1736
153 152 0.1456
152 153 0.1456
154 153 0.1889
155 153 0.4897
150 154 0.8569
153 154 0.1889
155 154 0.1938
100 155 0.4566
148 155 0.1629
153 155 0.4897
154 155 0.1938
104 156 0.0469
146 156 0.0255
149 156 0.0734
1 157 0.0449
147 157 0.2359
164 157 0.0599
1 158 0.0493
159 158 0.4464
166 158 0.2643
158 159 0.4464
160 159 0.0722
164 159 0.0388
159 160 0.0722
161 160 0.1285
257 160 0.0609
160 161 0.1285
162 161 0.1008
163 161 0.1092
161 162 0.1008
163 162 0.3257
226 162 0.1156
118 163 0.1332
142 163 0.0697
151 163 0.1457
161 163 0.1092
162 163 0.3257
157 164 0.0599
159 164 0.0388
165 164 0.1946
164 165 0.1946
158 166 0.2643
122 167 0.1062
129 167 0.1127
168 167 0.1934
167 168 0.1934
169 168 0.5097
175 168 0.5928
181 168 0.3126
168 169 0.5097
170 169 0.1584
181 169 0.2378
129 170 0.5498
169 170 0.1584
178 170 0.0693
113 171 0.128
172 171 0.9515
174 171 0.1385
114 172 0.2117
171 172 0.9515
173 172 0.3701
115 173 0.2025
172 173 0.3701
174 173 0.2231
171 174 0.1385
173 174 0.2231
175 174 0.4983
168 175 0.5928
174 175 0.4983
183 175 0.1947
213 175 0.0651
130 176 0.2872
177 176 0.2982
230 176 0.0929
176 177 0.2982
178 177 0.1125
180 177 0.3461
182 177 0.2385
170 178 0.0693
177 178 0.1125
179 178 0.9174
181 178 0.4272
178 179 0.9174
180 179 0.1541
183 179 0.444
177 180 0.3461
179 180 0.1541
184 180 0.5656
168 181 0.3126
169 181 0.2378
178 181 0.4272
177 182 0.2385
185 182 0.3237
187 182 0.1456
175 183 0.1947
179 183 0.444
184 183 0.1376
180 184 0.5656
183 184 0.1376
192 184 0.1493
182 185 0.3237
186 185 0.256
244 185 0.0505
185 186 0.256
188 186 0.0508
191 186 0.1936
182 187 0.1456
188 187 0.3575
194 187 0.2613
186 188 0.0508
187 188 0.3575
189 188 0.0845
188 189 0.0845
190 189 0.1069
191 189 0.2364
189 190 0.1069
191 190 0.7179
195 190 0.5139
248 190 0.0653
186 191 0.1936
189 191 0.2364
190 191 0.7179
184 192 0.1493
193 192 0.4097
217 192 0.2737
192 193 0.4097
194 193 0.1158
250 193 0.1062
187 194 0.2613
193 194 0.1158
195 194 0.1473
190 195 0.5139
194 195 0.1473
344 195 0.0961
141 196 0.3393
197 196 1.9818
212 196 0.0812
196 197 1.9818
198 197 0.3287
219 197 0.0935
269 197 0.1369
197 198 0.3287
199 198 0.351
263 198 0.1005
268 198 0.3342
198 199 0.351
200 199 0.5698
269 199 0.0571
199 200 0.5698
264 200 0.2974
270 200 0.6636
271 200 0.905
202 201 0.5013
206 201 0.5461
271 201 0.5089
201 202 0.5013
203 202 1.3891
291 202 0.5092
202 203 1.3891
204 203 0.1632
286 203 0.1119
203 204 0.1632
205 204 0.1871
206 204 0.2113
204 205 0.1871
201 206 0.5461
204 206 0.2113
207 206 0.0728
206 207 0.0728
218 207 0.1783
225 207 0.0585
229 207 0.0298
272 207 0.0687
273 207 0.0638
140 208 0.5376
141 208 0.3173
211 208 0.3812
213 208 0.1686
141 209 0.1397
210 209 0.5211
212 209 0.2817
209 210 0.5211
211 210 0.4938
212 210 0.5663
208 211 0.3812
210 211 0.4938
212 211 0.2126
196 212 0.0812
209 212 0.2817
210 212 0.5663
211 212 0.2126
219 212 0.618
175 213 0.0651
208 213 0.1686
214 213 0.0414
213 214 0.0414
215 214 0.0482
225 214 0.063
229 214 0.0334
214 215 0.0482
216 215 0.1839
229 215 0.0701
215 216 0.1839
217 216 0.2971
229 216 0.0411
192 217 0.2737
216 217 0.2971
218 217 0.641
207 218 0.1783
217 218 0.641
250 218 0.3174
274 218 0.0331
282 218 0.064
197 219 0.0935
212 219 0.618
220 219 0.2914
269 219 0.0236
219 220 0.2914
221 220 0.2825
225 220 0.1298
220 221 0.2825
222 221 0.54
269 221 0.045
221 222 0.54
223 222 0.4175
225 222 0.1669
222 223 0.4175
224 223 0.0829
270 223 0.2231
223 224 0.0829
207 225 0.0585
214 225 0.063
220 225 0.1298
222 225 0.1669
229 225 0.0284
162 226 0.1156
227 226 0.2583
228 226 0.1221
226 227 0.2583
226 228 0.1221
207 229 0.0298
214 229 0.0334
215 229 0.0701
216 229 0.0411
225 229 0.0284
176 230 0.0929
231 230 0.037
242 230 0.5724
230 231 0.037
232 231 0.3423
235 231 0.2019
243 231 0.6116
133 232 0.1894
231 232 0.3423
233 232 0.1131
133 233 0.0617
135 233 0.097
232 233 0.1131
135 234 0.1237
235 234 1.212
237 234 0.1516
231 235 0.2019
234 235 1.212
240 235 0.6365
241 235 0.1783
85 236 0.1628
237 236 0.226
238 236 0.1912
234 237 0.1516
236 237 0.226
238 237 0.214
240 237 0.0611
236 238 0.1912
237 238 0.214
239 238 0.7148
238 239 0.7148
666 239 0.0948
687 239 0.183
688 239 0.076
694 239 0.0533
235 240 0.6365
237 240 0.0611
241 240 0.2893
688 240 0.4316
235 241 0.1783
240 241 0.2893
691 241 0.7168
230 242 0.5724
243 242 0.0738
244 242 0.2369
245 242 0.3324
231 243 0.6116
242 243 0.0738
245 243 0.1452
185 244 0.0505
242 244 0.2369
246 244 0.1502
242 245 0.3324
243 245 0.1452
246 245 0.1777
254 245 1.0301
244 246 0.1502
245 246 0.1777
247 246 0.0558
246 247 0.0558
248 247 0.4246
249 247 0.1011
190 248 0.0653
247 248 0.4246
249 248 0.6203
247 249 0.1011
248 249 0.6203
719 249 0.1478
193 250 0.1062
218 250 0.3174
251 250 0.0827
250 251 0.0827
252 251 0.045
253 251 0.2284
251 252 0.045
253 252 0.1288
338 252 0.1664
251 253 0.2284
252 253 0.1288
275 253 0.084
338 253 0.2098
245 254 1.0301
255 254 0.3111
256 254 0.2419
254 255 0.3111
691 255 0.1851
695 255 1.3759
699 255 0.6566
254 256 0.2419
717 256 0.1375
718 256 0.1196
722 256 0.0447
160 257 0.0609
258 257 0.212
327 257 0.026
257 258 0.212
259 258 0.0829
260 258 0.5163
258 259 0.0829
258 260 0.5163
261 260 0.5086
268 260 0.1017
260 261 0.5086
262 261 0.1169
267 261 0.1365
261 262 0.1169
263 262 0.0797
268 262 0.0383
198 263 0.1005
262 263 0.0797
264 263 0.1026
200 264 0.2974
263 264 0.1026
265 264 0.5992
264 265 0.5992
266 265 0.0747
299 265 0.2287
265 266 0.0747
267 266 0.0604
324 266 0.0803
261 267 0.1365
266 267 0.0604
316 267 0.444
198 268 0.3342
260 268 0.1017
262 268 0.0383
197 269 0.1369
199 269 0.0571
219 269 0.0236
221 269 0.045
200 270 0.6636
223 270 0.2231
271 270 0.2101
200 271 0.905
201 271 0.5089
270 271 0.2101
207 272 0.0687
273 272 0.0567
282 272 0.1732
207 273 0.0638
272 273 0.0567
284 273 0.0952
218 274 0.0331
275 274 0.2758
281 274 0.0697
253 275 0.084
274 275 0.2758
276 275 0.098
275 276 0.098
277 276 0.5688
281 276 0.1934
337 276 0.0822
276 277 0.5688
278 277 0.0805
336 277 0.1368
277 278 0.0805
279 278 0.3694
280 278 0.2006
278 279 0.3694
280 279 0.1509
281 279 0.1197
278 280 0.2006
279 280 0.1509
283 280 1.2194
289 280 0.9718
274 281 0.0697
276 281 0.1934
279 281 0.1197
282 281 0.4717
218 282 0.064
272 282 0.1732
281 282 0.4717
280 283 1.2194
284 283 0.0912
285 283 0.0726
273 284 0.0952
283 284 0.0912
285 284 0.0506
283 285 0.0726
284 285 0.0506
286 285 0.0907
287 285 0.1015
203 286 0.1119
285 286 0.0907
287 286 0.0716
285 287 0.1015
286 287 0.0716
288 287 0.0714
287 288 0.0714
289 288 0.4248
290 288 0.7027
280 289 0.9718
288 289 0.4248
329 289 0.2467
288 290 0.7027
291 290 0.3836
292 290 1.2076
297 290 0.2489
202 291 0.5092
290 291 0.3836
298 291 0.0119
290 292 1.2076
293 292 0.4621
298 292 0.044
292 293 0.4621
294 293 0.299
307 293 0.6266
293 294 0.299
295 294 0.0506
297 294 0.4782
294 295 0.0506
296 295 0.0962
373 295 0.0929
295 296 0.0962
297 296 0.3632
366 296 0.3716
290 297 0.2489
294 297 0.4782
296 297 0.3632
291 298 0.0119
292 298 0.044
300 298 0.2226
304 298 0.1019
265 299 0.2287
300 299 0.1907
325 299 0.0532
298 300 0.2226
299 300 0.1907
301 300 0.1415
326 300 0.0425
300 301 0.1415
302 301 0.032
303 301 0.221
301 302 0.032
303 302 0.1673
309 302 0.2
321 302 0.4054
301 303 0.221
302 303 0.1673
308 303 0.307
298 304 0.1019
305 304 0.1331
306 304 0.0974
304 305 0.1331
306 305 0.8039
307 305 0.0497
377 305 0.0365
304 306 0.0974
305 306 0.8039
315 306 0.0821
293 307 0.6266
305 307 0.0497
374 307 0.1941
303 308 0.307
309 308 0.4523
315 308 0.1196
302 309 0.2
308 309 0.4523
310 309 0.0799
314 309 0.3377
309 310 0.0799
311 310 0.397
322 310 0.4787
310 311 0.397
312 311 0.1802
313 311 0.8726
311 312 0.1802
313 312 0.1537
314 312 0.0272
311 313 0.8726
312 313 0.1537
395 313 0.0542
309 314 0.3377
312 314 0.0272
390 314 0.0697
306 315 0.0821
308 315 0.1196
384 315 0.2894
267 316 0.444
317 316 0.3105
323 316 0.4581
327 316 0.098
316 317 0.3105
318 317 0.6289
319 317 0.6623
317 318 0.6289
319 318 0.823
322 318 0.4141
317 319 0.6623
318 319 0.823
320 319 0.242
319 320 0.242
321 320 0.4369
323 320 0.0772
326 320 0.1265
302 321 0.4054
320 321 0.4369
322 321 0.0575
310 322 0.4787
318 322 0.4141
321 322 0.0575
316 323 0.4581
320 323 0.0772
324 323 0.1503
266 324 0.0803
323 324 0.1503
325 324 0.6317
299 325 0.0532
324 325 0.6317
326 325 0.0315
300 326 0.0425
320 326 0.1265
325 326 0.0315
257 327 0.026
316 327 0.098
328 327 0.1567
327 328 0.1567
289 329 0.2467
330 329 0.4338
345 329 0.0622
329 330 0.4338
331 330 0.3029
332 330 0.4327
330 331 0.3029
332 331 0.5627
333 331 0.2775
336 331 0.0341
330 332 0.4327
331 332 0.5627
333 332 0.3344
335 332 0.1032
331 333 0.2775
332 333 0.3344
334 333 0.2251
338 333 0.0962
333 334 0.2251
335 334 0.0224
338 334 0.1475
332 335 0.1032
334 335 0.0224
340 335 0.1503
277 336 0.1368
331 336 0.0341
337 336 0.1128
276 337 0.0822
336 337 0.1128
338 337 0.488
252 338 0.1664
253 338 0.2098
333 338 0.0962
334 338 0.1475
337 338 0.488
339 338 0.0984
338 339 0.0984
340 339 0.2173
342 339 0.0698
335 340 0.1503
339 340 0.2173
341 340 0.4755
340 341 0.4755
342 341 0.087
352 341 0.0283
353 341 0.1689
339 342 0.0698
341 342 0.087
343 342 0.0362
342 343 0.0362
344 343 0.0539
358 343 0.1306
195 344 0.0961
343 344 0.0539
726 344 0.0326
329 345 0.0622
346 345 0.112
348 345 0.2339
351 345 0.1157
345 346 0.112
347 346 0.0781
371 346 0.0617
346 347 0.0781
348 347 0.303
350 347 0.7837
345 348 0.2339
347 348 0.303
349 348 0.0288
348 349 0.0288
350 349 0.2469
1768 349 0.7474
1781 349 0.0726
347 350 0.7837
349 350 0.2469
1768 350 0.2273
345 351 0.1157
357 351 0.0303
1784 351 0.0585
341 352 0.0283
341 353 0.1689
354 353 0.2856
358 353 0.1026
359 353 0.1267
360 353 0.1405
353 354 0.2856
355 354 0.0638
362 354 0.1652
354 355 0.0638
356 355 0.254
357 355 0.9881
355 356 0.254
351 357 0.0303
355 357 0.9881
1783 357 0.3318
343 358 0.1306
353 358 0.1026
359 358 0.6227
363 358 0.1668
364 358 0.2668
353 359 0.1267
358 359 0.6227
360 359 0.2042
353 360 0.1405
359 360 0.2042
361 360 0.0658
364 360 0.2638
360 361 0.0658
362 361 0.219
365 361 0.3361
1860 361 0.0923
354 362 0.1652
361 362 0.219
1852 362 0.1971
358 363 0.1668
364 363 0.1308
729 363 0.0642
358 364 0.2668
360 364 0.2638
363 364 0.1308
365 364 0.1706
361 365 0.3361
364 365 0.1706
733 365 0.0551
296 366 0.3716
367 366 0.3411
372 366 0.1069
366 367 0.3411
368 367 0.1824
369 367 0.4184
367 368 0.1824
369 368 0.2471
370 368 0.0171
372 368 0.2166
367 369 0.4184
368 369 0.2471
370 369 0.0652
368 370 0.0171
369 370 0.0652
371 370 0.0782
376 370 0.2182
346 371 0.0617
370 371 0.0782
1760 371 0.3606
366 372 0.1069
368 372 0.2166
373 372 0.1891
295 373 0.0929
372 373 0.1891
375 373 0.0849
413 373 0.1151
307 374 0.1941
375 374 0.1073
378 374 0.0239
373 375 0.0849
374 375 0.1073
379 375 0.1816
388 375 0.1652
370 376 0.2182
428 376 0.2785
1760 376 0.054
305 377 0.0365
378 377 0.1467
385 377 0.332
374 378 0.0239
377 378 0.1467
379 378 0.7042
380 378 0.3135
385 378 0.2014
375 379 0.1816
378 379 0.7042
380 379 0.2521
378 380 0.3135
379 380 0.2521
381 380 0.0736
380 381 0.0736
382 381 0.2707
385 381 0.3268
381 382 0.2707
383 382 0.2081
384 382 0.1578
382 383 0.2081
315 384 0.2894
382 384 0.1578
386 384 0.0597
377 385 0.332
378 385 0.2014
381 385 0.3268
384 386 0.0597
387 386 0.5549
390 386 0.3064
386 387 0.5549
388 387 0.0615
389 387 0.0723
375 388 0.1652
387 388 0.0615
389 388 0.2493
387 389 0.0723
388 389 0.2493
392 389 0.0767
314 390 0.0697
386 390 0.3064
391 390 0.2981
390 391 0.2981
392 391 0.0293
393 391 0.0526
389 392 0.0767
391 392 0.0293
393 392 0.1207
391 393 0.0526
392 393 0.1207
394 393 0.0548
406 393 0.0777
393 394 0.0548
313 395 0.0542
396 395 0.0287
400 395 0.3362
395 396 0.0287
397 396 0.1172
401 396 0.1131
396 397 0.1172
398 397 0.1555
399 397 0.2491
397 398 0.1555
399 398 0.0294
401 398 0.1032
397 399 0.2491
398 399 0.0294
400 399 0.0786
395 400 0.3362
399 400 0.0786
402 400 0.1187
396 401 0.1131
398 401 0.1032
422 401 0.4444
423 401 0.3618
427 401 0.0299
400 402 0.1187
403 402 0.5999
404 402 0.1068
402 403 0.5999
404 403 0.0253
434 403 0.0523
435 403 0.04
402 404 0.1068
403 404 0.0253
405 404 0.0448
404 405 0.0448
393 406 0.0777
407 406 0.058
423 406 0.2297
406 407 0.058
408 407 0.0735
417 407 0.208
421 407 0.0162
407 408 0.0735
409 408 0.1342
411 408 0.2319
408 409 0.1342
410 409 0.2759
417 409 0.2044
409 410 0.2759
411 410 0.3497
415 410 0.1264
418 410 0.0463
408 411 0.2319
410 411 0.3497
412 411 0.2032
411 412 0.2032
373 413 0.1151
414 413 0.0559
416 413 0.0647
413 414 0.0559
415 414 0.2273
416 414 0.0224
410 415 0.1264
414 415 0.2273
418 415 0.0646
413 416 0.0647
414 416 0.0224
430 416 0.2725
407 417 0.208
409 417 0.2044
419 417 0.0342
410 418 0.0463
415 418 0.0646
1785 418 0.129
417 419 0.0342
420 419 0.0237
427 419 0.0064
419 420 0.0237
407 421 0.0162
422 421 0.2851
425 421 0.0634
401 422 0.4444
421 422 0.2851
423 422 0.6079
426 422 0.0367
401 423 0.3618
406 423 0.2297
422 423 0.6079
424 423 0.1606
423 424 0.1606
421 425 0.0634
422 426 0.0367
401 427 0.0299
419 427 0.0064
1790 427 0.0269
376 428 0.2785
429 428 0.0199
433 428 0.2079
428 429 0.0199
430 429 0.156
433 429 0.0183
416 430 0.2725
429 430 0.156
431 430 0.0354
1775 430 0.009
430 431 0.0354
432 431 0.3482
1786 431 0.0357
431 432 0.3482
428 433 0.2079
429 433 0.0183
1769 433 0.1837
1772 433 0.0565
403 434 0.0523
435 434 0.0257
436 434 0.0681
403 435 0.04
434 435 0.0257
1789 435 0.2391
434 436 0.0681
10 437 0.4016
438 437 0.1232
446 437 0.0854
437 438 0.1232
439 438 0.2606
447 438 0.0791
463 438 0.1112
465 438 1.3011
10 439 0.3798
438 439 0.2606
440 439 0.2453
439 440 0.2453
441 440 0.0352
445 440 0.0487
440 441 0.0352
11 442 0.3076
24 442 1.7437
443 442 0.4531
442 443 0.4531
444 443 0.3799
445 443 0.1914
443 444 0.3799
440 445 0.0487
443 445 0.1914
474 445 1.8192
437 446 0.0854
447 446 0.1195
449 446 0.0919
438 447 0.0791
446 447 0.1195
448 447 0.4456
447 448 0.4456
449 448 0.285
459 448 0.5285
446 449 0.0919
448 449 0.285
450 449 0.0739
452 449 0.2414
449 450 0.0739
451 450 0.3681
454 450 0.0728
47 451 0.1558
450 451 0.3681
644 451 0.1522
449 452 0.2414
453 452 0.817
458 452 0.1463
452 453 0.817
454 453 0.1845
457 453 0.0849
450 454 0.0728
453 454 0.1845
455 454 0.2857
454 455 0.2857
456 455 0.6013
636 455 0.2982
455 456 0.6013
457 456 0.1111
634 456 0.4216
635 456 0.4037
453 457 0.0849
456 457 0.1111
458 457 0.0361
452 458 0.1463
457 458 0.0361
459 458 0.14
461 458 0.12
448 459 0.5285
458 459 0.14
460 459 0.1313
459 460 0.1313
461 460 0.6215
462 460 0.5583
463 460 0.5695
458 461 0.12
460 461 0.6215
462 461 0.6325
507 461 0.3836
460 462 0.5583
461 462 0.6325
464 462 0.0553
438 463 0.1112
460 463 0.5695
464 463 0.0385
462 464 0.0553
463 464 0.0385
467 464 0.2352
504 464 0.0872
438 465 1.3011
466 465 0.1446
467 465 0.4182
465 466 0.1446
464 467 0.2352
465 467 0.4182
468 467 0.6293
477 467 0.131
467 468 0.6293
469 468 0.0979
476 468 0.5056
468 469 0.0979
470 469 0.3526
473 469 0.0669
469 470 0.3526
471 470 0.1089
472 470 0.1853
470 471 0.1089
472 471 0.0861
479 471 0.0714
470 472 0.1853
471 472 0.0861
473 472 0.3277
469 473 0.0669
472 473 0.3277
474 473 0.3079
445 474 1.8192
473 474 0.3079
475 474 0.1798
474 475 0.1798
468 476 0.5056
467 477 0.131
478 477 0.1439
508 477 0.0618
477 478 0.1439
519 478 0.0192
522 478 0.0442
471 479 0.0714
480 479 0.2896
493 479 0.1791
479 480 0.2896
481 480 0.8183
482 480 0.1422
492 480 0.2041
480 481 0.8183
482 481 0.2017
487 481 0.6394
26 482 0.602
480 482 0.1422
481 482 0.2017
483 482 0.3712
482 483 0.3712
484 483 0.6897
486 483 2.2056
483 484 0.6897
485 484 1.4671
488 484 0.7704
494 484 0.8389
496 484 0.2851
484 485 1.4671
486 485 1.0461
495 485 0.2535
483 486 2.2056
485 486 1.0461
503 486 0.2379
481 487 0.6394
488 487 0.5079
491 487 0.3965
484 488 0.7704
487 488 0.5079
489 488 0.8503
488 489 0.8503
490 489 0.1958
494 489 0.4117
489 490 0.1958
491 490 1.0467
512 490 0.1335
487 491 0.3965
490 491 1.0467
492 491 0.6154
480 492 0.2041
491 492 0.6154
493 492 0.0379
513 492 0.0752
479 493 0.1791
492 493 0.0379
508 493 0.2312
509 493 0.1524
484 494 0.8389
489 494 0.4117
540 494 0.9921
485 495 0.2535
496 495 0.8446
781 495 0.5615
484 496 0.2851
495 496 0.8446
780 496 0.3945
26 497 0.2695
498 497 0.1131
501 497 0.123
503 497 0.2023
497 498 0.1131
499 498 0.684
789 498 0.1339
1148 498 0.5297
498 499 0.684
500 499 0.5319
789 499 0.7225
499 500 0.5319
501 500 0.4755
783 500 0.8251
787 500 0.2614
497 501 0.123
500 501 0.4755
502 501 0.3053
501 502 0.3053
503 502 0.2231
781 502 0.2447
486 503 0.2379
497 503 0.2023
502 503 0.2231
464 504 0.0872
505 504 0.0181
522 504 0.7047
504 505 0.0181
506 505 0.0336
521 505 0.4241
505 506 0.0336
507 506 0.1633
551 506 0.253
461 507 0.3836
506 507 0.1633
553 507 0.213
477 508 0.0618
493 508 0.2312
509 508 0.1457
493 509 0.1524
508 509 0.1457
510 509 0.089
512 509 0.1359
509 510 0.089
511 510 1.1
514 510 1.419
510 511 1.1
512 511 0.3042
529 511 1.9201
490 512 0.1335
509 512 0.1359
511 512 0.3042
492 513 0.0752
510 514 1.419
515 514 0.2456
527 514 0.2738
514 515 0.2456
516 515 0.1551
517 515 1.0995
515 516 0.1551
515 517 1.0995
518 517 0.4411
523 517 0.1053
526 517 0.0796
517 518 0.4411
519 518 0.0827
549 518 0.1497
478 519 0.0192
518 519 0.0827
520 519 0.3137
519 520 0.3137
521 520 0.5192
546 520 0.1415
550 520 0.0957
505 521 0.4241
520 521 0.5192
522 521 0.3514
478 522 0.0442
504 522 0.7047
521 522 0.3514
517 523 0.1053
524 523 0.2489
525 523 0.52
549 523 0.0943
523 524 0.2489
525 524 0.3467
548 524 0.1296
560 524 0.1134
523 525 0.52
524 525 0.3467
526 525 0.2486
528 525 0.108
517 526 0.0796
525 526 0.2486
527 526 1.1919
514 527 0.2738
526 527 1.1919
528 527 0.3799
529 527 0.1857
525 528 0.108
527 528 0.3799
533 528 1.3559
511 529 1.9201
527 529 0.1857
530 529 1.3782
529 530 1.3782
531 530 0.0952
533 530 0.4878
530 531 0.0952
532 531 0.1254
538 531 0.1424
531 532 0.1254
533 532 2.0375
564 532 0.1473
528 533 1.3559
530 533 0.4878
532 533 2.0375
534 533 0.4439
533 534 0.4439
535 534 0.2508
567 534 0.5297
534 535 0.2508
536 535 0.1192
569 535 0.1631
535 536 0.1192
537 536 0.112
561 536 0.2616
536 537 0.112
531 538 0.1424
539 538 0.526
544 538 0.2781
538 539 0.526
540 539 0.2585
541 539 0.1196
494 540 0.9921
539 540 0.2585
541 540 0.0965
539 541 0.1196
540 541 0.0965
542 541 0.2682
541 542 0.2682
543 542 0.0984
795 542 0.0435
542 543 0.0984
544 543 0.6592
545 543 0.8319
794 543 0.0495
538 544 0.2781
543 544 0.6592
545 544 0.4613
598 544 0.0579
543 545 0.8319
544 545 0.4613
790 545 0.1797
520 546 0.1415
547 546 0.1669
548 546 0.1732
549 546 0.0955
546 547 0.1669
548 547 0.1412
559 547 1.2132
524 548 0.1296
546 548 0.1732
547 548 0.1412
518 549 0.1497
523 549 0.0943
546 549 0.0955
520 550 0.0957
551 550 0.7305
555 550 0.2342
556 550 0.1659
506 551 0.253
550 551 0.7305
552 551 0.4798
555 551 0.1345
551 552 0.4798
553 552 0.1563
554 552 0.298
555 552 0.08
507 553 0.213
552 553 0.1563
554 553 0.4095
552 554 0.298
553 554 0.4095
620 554 0.112
621 554 0.2078
550 555 0.2342
551 555 0.1345
552 555 0.08
612 555 0.101
613 555 0.1676
550 556 0.1659
557 556 0.5206
558 556 0.1352
556 557 0.5206
558 557 0.2298
559 557 0.1892
556 558 0.1352
557 558 0.2298
559 558 0.2662
562 558 0.2665
547 559 1.2132
557 559 0.1892
558 559 0.2662
524 560 0.1134
536 561 0.2616
558 562 0.2665
563 562 0.1117
591 562 0.1099
562 563 0.1117
532 564 0.1473
565 564 0.3876
567 564 0.1708
564 565 0.3876
566 565 0.0799
576 565 0.1282
565 566 0.0799
534 567 0.5297
564 567 0.1708
568 567 0.1828
567 568 0.1828
569 568 0.2185
571 568 0.3986
535 569 0.1631
568 569 0.2185
570 569 0.236
590 569 0.1911
569 570 0.236
571 570 0.1621
589 570 0.3486
568 571 0.3986
570 571 0.1621
572 571 0.5797
571 572 0.5797
573 572 0.1652
575 572 0.1765
572 573 0.1652
574 573 0.2312
584 573 0.2891
573 574 0.2312
575 574 0.098
581 574 0.1532
572 575 0.1765
574 575 0.098
576 575 0.0787
565 576 0.1282
575 576 0.0787
577 576 0.7943
576 577 0.7943
578 577 0.1764
581 577 0.3469
577 578 0.1764
579 578 1.3978
597 578 0.2097
578 579 1.3978
580 579 0.3858
600 579 0.8873
579 580 0.3858
581 580 0.213
582 580 1.2536
802 580 0.0307
574 581 0.1532
577 581 0.3469
580 581 0.213
580 582 1.2536
583 582 0.1165
818 582 0.3124
582 583 0.1165
584 583 0.2051
586 583 0.1206
606 583 0.1364
864 583 0.0486
573 584 0.2891
583 584 0.2051
585 584 0.123
584 585 0.123
586 585 0.1905
589 585 0.1751
583 586 0.1206
585 586 0.1905
587 586 0.286
586 587 0.286
588 587 1.1843
603 587 0.8039
587 588 1.1843
589 588 0.1622
590 588 0.207
591 588 0.0965
592 588 0.051
570 589 0.3486
585 589 0.1751
588 589 0.1622
569 590 0.1911
588 590 0.207
591 590 0.1209
562 591 0.1099
588 591 0.0965
590 591 0.1209
596 591 0.1865
588 592 0.051
593 592 0.3605
596 592 0.1208
592 593 0.3605
594 593 0.2816
595 593 0.2478
593 594 0.2816
593 595 0.2478
591 596 0.1865
592 596 0.1208
609 596 0.0328
578 597 0.2097
598 597 0.2533
600 597 0.044
544 598 0.0579
597 598 0.2533
599 598 0.1258
598 599 0.1258
579 600 0.8873
597 600 0.044
601 600 0.3542
600 601 0.3542
602 601 0.2381
801 601 0.0203
601 602 0.2381
587 603 0.8039
604 603 0.2106
606 603 0.6849
603 604 0.2106
605 604 0.2837
607 604 0.0905
604 605 0.2837
606 605 0.2226
867 605 0.0809
583 606 0.1364
603 606 0.6849
605 606 0.2226
604 607 0.0905
608 607 0.0582
872 607 0.578
607 608 0.0582
609 608 0.1524
875 608 0.2253
876 608 0.0667
596 609 0.0328
608 609 0.1524
610 609 0.1941
609 610 0.1941
611 610 0.1176
876 610 0.2255
877 610 0.0899
610 611 0.1176
612 611 0.1113
614 611 0.0832
555 612 0.101
611 612 0.1113
613 612 0.0421
555 613 0.1676
612 613 0.0421
616 613 0.071
611 614 0.0832
615 614 0.1831
887 614 0.1456
890 614 0.1296
614 615 0.1831
616 615 0.2548
888 615 0.0716
889 615 0.0781
613 616 0.071
615 616 0.2548
617 616 0.055
616 617 0.055
618 617 0.2925
620 617 1.0871
617 618 0.2925
619 618 0.2726
632 618 0.0787
618 619 0.2726
625 619 0.2544
630 619 0.6219
631 619 0.4337
554 620 0.112
617 620 1.0871
621 620 0.7628
630 620 0.8313
554 621 0.2078
620 621 0.7628
622 621 0.7337
621 622 0.7337
623 622 0.1121
634 622 0.1955
622 623 0.1121
624 623 0.4077
626 623 0.3168
623 624 0.4077
625 624 0.397
630 624 0.5865
619 625 0.2544
624 625 0.397
626 625 0.6662
631 625 0.2017
623 626 0.3168
625 626 0.6662
627 626 0.1354
629 626 0.3355
626 627 0.1354
628 627 0.0436
897 627 0.0732
627 628 0.0436
629 628 0.6101
638 628 1.3233
626 629 0.3355
628 629 0.6101
633 629 0.0832
619 630 0.6219
620 630 0.8313
624 630 0.5865
619 631 0.4337
625 631 0.2017
632 631 0.1979
896 631 0.3658
618 632 0.0787
631 632 0.1979
888 632 0.3342
629 633 0.0832
634 633 0.1117
635 633 0.1373
456 634 0.4216
622 634 0.1955
633 634 0.1117
456 635 0.4037
633 635 0.1373
636 635 0.6807
455 636 0.2982
635 636 0.6807
637 636 0.0618
636 637 0.0618
628 638 1.3233
639 638 0.1709
642 638 0.3076
638 639 0.1709
640 639 0.8518
904 639 0.5238
639 640 0.8518
641 640 1.866
646 640 0.3039
640 641 1.866
642 641 0.0508
643 641 1.1266
638 642 0.3076
641 642 0.0508
643 642 0.103
641 643 1.1266
642 643 0.103
644 643 0.1659
451 644 0.1522
643 644 0.1659
645 644 0.2011
644 645 0.2011
646 645 0.2898
648 645 1.3514
640 646 0.3039
645 646 0.2898
647 646 0.504
916 646 0.0733
917 646 0.0801
646 647 0.504
648 647 0.8244
912 647 0.1473
914 647 0.2808
645 648 1.3514
647 648 0.8244
649 648 0.1224
651 648 0.2052
648 649 0.1224
650 649 0.3309
652 649 0.1434
653 649 0.2969
649 650 0.3309
651 650 1.0395
654 650 0.2822
676 650 0.5534
648 651 0.2052
650 651 1.0395
676 651 0.5647
912 651 0.0772
48 652 0.0466
649 652 0.1434
653 652 0.1779
649 653 0.2969
652 653 0.1779
654 653 0.9911
655 653 0.2682
657 653 0.7138
650 654 0.2822
653 654 0.9911
659 654 0.294
51 655 0.3231
653 655 0.2682
656 655 0.1379
655 656 0.1379
657 656 0.6006
660 656 0.7886
665 656 0.2014
653 657 0.7138
656 657 0.6006
658 657 0.1334
657 658 0.1334
659 658 0.1919
666 658 0.133
677 658 0.1182
654 659 0.294
658 659 0.1919
674 659 0.4492
656 660 0.7886
661 660 1.1401
664 660 0.7321
55 661 1.1999
660 661 1.1401
662 661 0.2116
663 661 0.2241
661 662 0.2116
663 662 1.0691
671 662 0.4505
686 662 0.456
661 663 0.2241
662 663 1.0691
664 663 1.9037
686 663 0.0502
660 664 0.7321
663 664 1.9037
665 664 0.1442
656 665 0.2014
664 665 0.1442
666 665 1.0372
239 666 0.0948
658 666 0.133
665 666 1.0372
687 666 0.0978
64 667 0.0538
63 668 0.0587
84 668 0.0963
669 668 0.205
668 669 0.205
84 670 0.2841
85 670 0.3811
671 670 0.0897
62 671 0.0435
662 671 0.4505
670 671 0.0897
672 671 0.0489
686 671 0.2113
55 672 0.4218
671 672 0.0489
673 672 0.511
56 673 0.248
58 673 0.1144
672 673 0.511
659 674 0.4492
675 674 0.5371
677 674 0.1064
674 675 0.5371
676 675 0.1418
679 675 0.3323
650 676 0.5534
651 676 0.5647
675 676 0.1418
700 676 0.028
658 677 0.1182
674 677 0.1064
678 677 0.3184
677 678 0.3184
679 678 0.0878
681 678 0.0721
687 678 0.2017
675 679 0.3323
678 679 0.0878
680 679 0.1638
701 679 0.3175
702 679 0.1138
679 680 0.1638
681 680 0.0892
711 680 0.214
712 680 0.2464
678 681 0.0721
680 681 0.0892
682 681 0.7812
697 681 0.2106
681 682 0.7812
683 682 0.6464
684 682 0.2423
698 682 0.0885
682 683 0.6464
684 683 0.1749
712 683 0.3807
682 684 0.2423
683 684 0.1749
685 684 0.8621
684 685 0.8621
698 685 0.3597
710 685 0.5385
714 685 0.4331
662 686 0.456
663 686 0.0502
671 686 0.2113
239 687 0.183
666 687 0.0978
678 687 0.2017
694 687 0.1132
239 688 0.076
240 688 0.4316
689 688 0.7358
688 689 0.7358
690 689 0.1314
692 689 0.5621
693 689 0.3425
689 690 0.1314
691 690 0.5522
695 690 0.1684
241 691 0.7168
255 691 0.1851
690 691 0.5522
689 692 0.5621
689 693 0.3425
239 694 0.0533
687 694 0.1132
695 694 0.2662
697 694 0.3311
255 695 1.3759
690 695 0.1684
694 695 0.2662
696 695 0.9766
698 695 0.5081
695 696 0.9766
697 696 1.5347
698 696 0.9174
681 697 0.2106
694 697 0.3311
696 697 1.5347
682 698 0.0885
685 698 0.3597
695 698 0.5081
696 698 0.9174
699 698 0.4895
713 698 0.6105
255 699 0.6566
698 699 0.4895
717 699 1.2118
676 700 0.028
701 700 0.0854
925 700 0.1231
927 700 0.6124
679 701 0.3175
700 701 0.0854
702 701 0.2606
679 702 0.1138
701 702 0.2606
703 702 0.1444
704 702 0.218
702 703 0.1444
704 703 0.7194
740 703 0.3577
702 704 0.218
703 704 0.7194
705 704 1.1049
704 705 1.1049
706 705 0.2514
707 705 0.1752
711 705 0.3008
738 705 0.0775
705 706 0.2514
707 706 0.2186
736 706 0.1051
705 707 0.1752
706 707 0.2186
708 707 0.3143
707 708 0.3143
709 708 1.6753
723 708 0.084
708 709 1.6753
710 709 0.2639
714 709 0.4065
715 709 0.8091
685 710 0.5385
709 710 0.2639
711 710 0.5977
712 710 0.5711
680 711 0.214
705 711 0.3008
710 711 0.5977
712 711 0.5663
680 712 0.2464
683 712 0.3807
710 712 0.5711
711 712 0.5663
698 713 0.6105
714 713 0.2889
715 713 0.1028
716 713 0.0259
685 714 0.4331
709 714 0.4065
713 714 0.2889
709 715 0.8091
713 715 0.1028
716 715 0.2411
713 716 0.0259
715 716 0.2411
717 716 0.1211
256 717 0.1375
699 717 1.2118
716 717 0.1211
256 718 0.1196
719 718 0.7553
721 718 0.0799
249 719 0.1478
718 719 0.7553
720 719 0.1153
725 719 0.0421
730 719 0.1848
731 719 0.1094
719 720 0.1153
721 720 0.1503
724 720 0.1624
727 720 0.1862
732 720 0.1274
718 721 0.0799
720 721 0.1503
722 721 0.6959
724 721 0.1725
256 722 0.0447
721 722 0.6959
723 722 0.0912
708 723 0.084
722 723 0.0912
724 723 0.3979
720 724 0.1624
721 724 0.1725
723 724 0.3979
735 724 0.4543
719 725 0.0421
726 725 0.1952
727 725 0.0371
344 726 0.0326
725 726 0.1952
727 726 0.0855
728 726 0.1992
729 726 0.0756
720 727 0.1862
725 727 0.0371
726 727 0.0855
728 727 0.2157
726 728 0.1992
727 728 0.2157
729 728 0.1829
732 728 0.0983
363 729 0.0642
726 729 0.0756
728 729 0.1829
719 730 0.1848
719 731 0.1094
720 732 0.1274
728 732 0.0983
733 732 0.2719
365 733 0.0551
732 733 0.2719
734 733 0.1264
735 733 0.1047
733 734 0.1264
735 734 0.1433
744 734 0.1964
747 734 0.3708
724 735 0.4543
733 735 0.1047
734 735 0.1433
706 736 0.1051
737 736 0.053
742 736 0.3127
736 737 0.053
738 737 0.2188
753 737 0.2697
705 738 0.0775
737 738 0.2188
739 738 0.1107
738 739 0.1107
740 739 0.6845
741 739 0.2185
931 739 0.8666
703 740 0.3577
739 740 0.6845
741 740 0.2004
739 741 0.2185
740 741 0.2004
920 741 0.0631
928 741 0.1559
736 742 0.3127
743 742 0.107
746 742 0.0466
742 743 0.107
744 743 0.0339
746 743 0.0352
734 744 0.1964
743 744 0.0339
745 744 0.0801
749 744 0.152
744 745 0.0801
746 745 0.0621
750 745 0.2637
778 745 0.135
742 746 0.0466
743 746 0.0352
745 746 0.0621
778 746 0.1048
734 747 0.3708
748 747 0.1846
751 747 0.0775
747 748 0.1846
749 748 0.1226
752 748 0.0258
744 749 0.152
748 749 0.1226
750 749 0.6075
745 750 0.2637
749 750 0.6075
779 750 0.1899
747 751 0.0775
1861 751 0.2723
1863 751 0.0552
748 752 0.0258
737 753 0.2697
754 753 0.1838
761 753 0.0609
753 754 0.1838
755 754 0.8237
758 754 0.46
759 754 0.1918
754 755 0.8237
756 755 0.2588
760 755 0.8361
755 756 0.2588
757 756 0.1009
760 756 0.7133
756 757 0.1009
758 757 0.1163
772 757 0.1203
754 758 0.46
757 758 0.1163
759 758 0.2393
760 758 0.3103
754 759 0.1918
758 759 0.2393
764 759 0.2914
755 760 0.8361
756 760 0.7133
758 760 0.3103
753 761 0.0609
762 761 0.1959
763 761 0.7018
761 762 0.1959
763 762 0.516
767 762 0.2644
954 762 0.1647
761 763 0.7018
762 763 0.516
764 763 0.1534
759 764 0.2914
763 764 0.1534
765 764 0.811
766 764 0.9141
764 765 0.811
766 765 0.9775
769 765 0.1798
771 765 0.1395
764 766 0.9141
765 766 0.9775
767 766 0.2044
762 767 0.2644
766 767 0.2044
768 767 1.7569
767 768 1.7569
769 768 0.1281
955 768 0.2796
765 769 0.1798
768 769 0.1281
770 769 0.4619
769 770 0.4619
771 770 0.1538
957 770 0.2925
765 771 0.1395
770 771 0.1538
772 771 0.7485
757 772 0.1203
771 772 0.7485
773 772 0.1318
772 773 0.1318
774 773 0.0461
775 773 0.6845
773 774 0.0461
773 775 0.6845
776 775 0.8439
1051 775 0.3258
1052 775 0.1436
775 776 0.8439
777 776 0.3761
778 776 0.0525
776 777 0.3761
745 778 0.135
746 778 0.1048
776 778 0.0525
779 778 0.1711
750 779 0.1899
778 779 0.1711
1058 779 0.2129
496 780 0.3945
781 780 0.1448
782 780 0.5744
495 781 0.5615
502 781 0.2447
780 781 0.1448
780 782 0.5744
783 782 0.1625
784 782 0.21
1156 782 0.2869
500 783 0.8251
782 783 0.1625
784 783 0.0914
787 783 0.1984
782 784 0.21
783 784 0.0914
785 784 1.0145
784 785 1.0145
786 785 1.2509
1166 785 0.5311
785 786 1.2509
787 786 0.0438
1167 786 0.3021
1174 786 0.1757
500 787 0.2614
783 787 0.1984
786 787 0.0438
788 787 0.5461
787 788 0.5461
789 788 0.2165
1176 788 0.1577
1177 788 0.1534
498 789 0.1339
499 789 0.7225
788 789 0.2165
545 790 0.1797
791 790 0.1865
793 790 0.0953
790 791 0.1865
792 791 0.1603
800 791 0.1476
791 792 0.1603
793 792 0.1531
798 792 0.4075
790 793 0.0953
792 793 0.1531
794 793 0.0546
796 793 0.1925
543 794 0.0495
793 794 0.0546
796 794 0.0495
542 795 0.0435
793 796 0.1925
794 796 0.0495
797 796 0.1291
796 797 0.1291
798 797 0.0637
849 797 0.089
792 798 0.4075
797 798 0.0637
799 798 0.0801
798 799 0.0801
800 799 0.8842
849 799 0.1491
863 799 0.0578
791 800 0.1476
799 800 0.8842
801 800 0.639
601 801 0.0203
800 801 0.639
803 801 0.0482
804 801 0.1483
580 802 0.0307
801 803 0.0482
830 803 0.2786
844 803 0.8636
851 803 0.062
862 803 0.054
801 804 0.1483
805 804 0.463
807 804 0.542
804 805 0.463
806 805 0.285
809 805 0.0812
805 806 0.285
807 806 0.2596
810 806 0.0906
804 807 0.542
806 807 0.2596
808 807 0.1048
807 808 0.1048
805 809 0.0812
806 810 0.0906
811 810 0.0362
821 810 0.1892
810 811 0.0362
812 811 0.0478
820 811 0.029
811 812 0.0478
813 812 0.6725
816 812 0.2092
812 813 0.6725
814 813 0.2266
818 813 0.1599
864 813 0.2774
813 814 0.2266
815 814 0.7331
865 814 0.1404
814 815 0.7331
816 815 0.7634
866 815 0.6916
812 816 0.2092
815 816 0.7634
817 816 0.8787
824 816 0.0616
816 817 0.8787
866 817 0.1158
1076 817 0.2023
582 818 0.3124
813 818 0.1599
819 818 0.0544
818 819 0.0544
811 820 0.029
810 821 0.1892
822 821 0.1115
826 821 0.2766
821 822 0.1115
823 822 0.0508
1874 822 0.0125
822 823 0.0508
824 823 0.1164
1127 823 0.1525
816 824 0.0616
823 824 0.1164
825 824 0.2955
824 825 0.2955
821 826 0.2766
827 826 0.0545
828 826 0.1476
826 827 0.0545
826 828 0.1476
829 828 0.9615
1890 828 0.0342
828 829 0.9615
1880 829 0.0435
1881 829 0.3413
803 830 0.2786
831 830 0.0922
843 830 0.1085
830 831 0.0922
832 831 0.6817
1966 831 0.113
831 832 0.6817
833 832 0.1807
835 832 0.7353
832 833 0.1807
834 833 0.5325
1967 833 0.0827
833 834 0.5325
835 834 0.7364
839 834 0.1597
832 835 0.7353
834 835 0.7364
836 835 0.2812
835 836 0.2812
837 836 0.3698
839 836 0.2297
836 837 0.3698
838 837 0.821
842 837 0.085
837 838 0.821
839 838 0.4492
840 838 0.0601
1607 838 0.1121
834 839 0.1597
836 839 0.2297
838 839 0.4492
1607 839 0.235
1609 839 0.5211
838 840 0.0601
841 840 0.1577
842 840 0.2311
840 841 0.1577
847 841 0.0371
1600 841 0.0507
837 842 0.085
840 842 0.2311
843 842 0.1523
830 843 0.1085
842 843 0.1523
845 843 0.1208
847 843 0.012
803 844 0.8636
845 844 0.0981
852 844 0.2384
843 845 0.1208
844 845 0.0981
846 845 0.2184
845 846 0.2184
847 846 0.5128
848 846 0.1625
858 846 0.0625
841 847 0.0371
843 847 0.012
846 847 0.5128
848 847 0.2012
846 848 0.1625
847 848 0.2012
859 848 0.0403
797 849 0.089
799 849 0.1491
863 849 0.4958
851 850 0.1538
854 850 0.7236
863 850 0.0966
1412 850 0.1226
803 851 0.062
850 851 0.1538
852 851 0.0838
844 852 0.2384
851 852 0.0838
853 852 0.0676
852 853 0.0676
854 853 0.8197
856 853 0.5348
850 854 0.7236
853 854 0.8197
855 854 0.269
854 855 0.269
853 856 0.5348
857 856 0.3609
858 856 0.5328
856 857 0.3609
846 858 0.0625
