2 1 0.0554
3 1 0.0522
4 1 0.0442
5 1 0.0431
6 1 0.0363
7 1 0.0334
8 1 0.0521
30 1 0.033
37 1 0.0379
41 1 0.0371
84 1 0.1243
85 1 0.0444
86 1 0.0505
89 1 0.0356
1 2 0.0554
439 2 0.1571
454 2 0.1591
1 3 0.0522
1 4 0.0442
461 4 0.1704
463 4 0.6402
1 5 0.0431
405 5 0.4593
462 5 0.399
1 6 0.0363
9 6 0.259
411 6 0.6223
1 7 0.0334
30 7 0.5179
34 7 0.3249
1 8 0.0521
86 8 0.7315
87 8 0.1699
6 9 0.259
10 9 1.0295
11 9 0.2385
9 10 1.0295
9 11 0.2385
12 11 0.1624
13 11 0.1682
20 11 0.1666
11 12 0.1624
13 12 0.4817
16 12 0.4114
11 13 0.1682
12 13 0.4817
14 13 0.3467
13 14 0.3467
15 14 0.994
19 14 0.5123
14 15 0.994
17 15 0.3092
23 15 0.7593
12 16 0.4114
17 16 0.0746
18 16 0.0643
408 16 0.0986
15 17 0.3092
16 17 0.0746
18 17 0.0831
16 18 0.0643
17 18 0.0831
326 18 0.1292
14 19 0.5123
20 19 1.8025
22 19 1.4529
11 20 0.1666
19 20 1.8025
21 20 0.8071
20 21 0.8071
22 21 0.3912
29 21 0.0411
36 21 0.137
19 22 1.4529
21 22 0.3912
23 22 0.4075
15 23 0.7593
22 23 0.4075
24 23 0.0309
287 23 0.0635
23 24 0.0309
25 24 0.4895
26 24 0.0735
24 25 0.4895
24 26 0.0735
27 26 0.4701
29 26 0.3129
26 27 0.4701
28 27 0.1016
273 27 0.4175
27 28 0.1016
29 28 0.089
47 28 0.5995
50 28 0.9001
21 29 0.0411
26 29 0.3129
28 29 0.089
1 30 0.033
7 30 0.5179
31 30 0.6337
35 30 0.969
37 30 0.654
30 31 0.6337
32 31 0.3778
34 31 0.3334
35 31 0.6983
31 32 0.3778
33 32 1.1839
34 32 0.5516
32 33 1.1839
7 34 0.3249
31 34 0.3334
32 34 0.5516
30 35 0.969
31 35 0.6983
36 35 0.5821
37 35 0.6489
21 36 0.137
35 36 0.5821
37 36 0.5018
38 36 0.5988
1 37 0.0379
30 37 0.654
35 37 0.6489
36 37 0.5018
36 38 0.5988
39 38 1.4674
42 38 0.6079
55 38 0.5914
38 39 1.4674
40 39 0.7657
56 39 0.8503
39 40 0.7657
41 40 1.024
56 40 0.5744
1 41 0.0371
40 41 1.024
57 41 0.1084
38 42 0.6079
43 42 0.7267
46 42 1.3839
42 43 0.7267
44 43 0.3531
45 43 0.4039
43 44 0.3531
43 45 0.4039
42 46 1.3839
47 46 0.8787
49 46 0.5089
58 46 0.8666
28 47 0.5995
46 47 0.8787
48 47 0.6775
59 47 0.8237
47 48 0.6775
46 49 0.5089
28 50 0.9001
51 50 0.0878
60 50 0.6882
61 50 0.9862
50 51 0.0878
52 51 0.219
69 51 0.7294
51 52 0.219
53 52 0.6317
54 52 0.4739
72 52 0.92
52 53 0.6317
75 53 1.2814
77 53 0.5981
52 54 0.4739
38 55 0.5914
57 55 1.3142
58 55 0.9881
39 56 0.8503
40 56 0.5744
57 56 1.4588
41 57 0.1084
55 57 1.3142
56 57 1.4588
65 57 0.2491
46 58 0.8666
55 58 0.9881
59 58 0.0969
64 58 0.7752
47 59 0.8237
58 59 0.0969
60 59 0.8734
50 60 0.6882
59 60 0.8734
61 60 0.4577
63 60 0.8584
50 61 0.9862
60 61 0.4577
62 61 1.8601
61 62 1.8601
63 62 0.5476
67 62 0.1388
91 62 0.7587
60 63 0.8584
62 63 0.5476
65 63 0.8026
66 63 0.2663
58 64 0.7752
57 65 0.2491
63 65 0.8026
66 65 0.3517
63 66 0.2663
65 66 0.3517
90 66 0.9328
91 66 0.2089
62 67 0.1388
68 67 0.7013
91 67 0.3099
67 68 0.7013
69 68 0.2391
70 68 1.0003
92 68 0.4995
93 68 0.5089
51 69 0.7294
68 69 0.2391
70 69 1.3096
71 69 0.8496
68 70 1.0003
69 70 1.3096
71 70 0.8071
69 71 0.8496
70 71 0.8071
72 71 0.578
74 71 0.9579
52 72 0.92
71 72 0.578
73 72 1.7215
72 73 1.7215
74 73 0.4808
75 73 0.9099
71 74 0.9579
73 74 0.4808
79 74 0.0169
98 74 0.0855
53 75 1.2814
73 75 0.9099
76 75 1.3421
75 76 1.3421
77 76 0.9852
104 76 0.0444
53 77 0.5981
76 77 0.9852
78 77 0.5071
113 77 0.2812
114 77 0.0901
77 78 0.5071
74 79 0.0169
80 79 0.1032
96 79 0.5945
79 80 0.1032
81 80 0.2946
97 80 0.3943
80 81 0.2946
82 81 1.5746
84 81 0.3574
81 82 1.5746
83 82 0.4024
95 82 0.3588
82 83 0.4024
84 83 0.6394
87 83 0.7905
88 83 0.7262
1 84 0.1243
81 84 0.3574
83 84 0.6394
85 84 0.646
1 85 0.0444
84 85 0.646
86 85 0.9843
87 85 0.5516
1 86 0.0505
8 86 0.7315
85 86 0.9843
8 87 0.1699
83 87 0.7905
85 87 0.5516
88 87 1.1135
89 87 0.5155
90 87 1.1102
83 88 0.7262
87 88 1.1135
94 88 1.0687
1 89 0.0356
87 89 0.5155
90 89 0.2538
66 90 0.9328
87 90 1.1102
89 90 0.2538
62 91 0.7587
66 91 0.2089
67 91 0.3099
92 91 1.2395
68 92 0.4995
91 92 1.2395
93 92 1.4537
94 92 0.0989
68 93 0.5089
92 93 1.4537
95 93 0.1401
88 94 1.0687
92 94 0.0989
95 94 1.0247
82 95 0.3588
93 95 0.1401
94 95 1.0247
79 96 0.5945
80 97 0.3943
98 97 0.1226
100 97 0.4403
74 98 0.0855
97 98 0.1226
99 98 0.0504
98 99 0.0504
97 100 0.4403
101 100 0.0113
102 100 0.1248
100 101 0.0113
102 101 1.1855
104 101 0.1065
100 102 0.1248
101 102 1.1855
103 102 0.0825
102 103 0.0825
76 104 0.0444
101 104 0.1065
105 104 0.0388
113 104 0.2335
104 105 0.0388
106 105 0.2683
122 105 1.0692
105 106 0.2683
107 106 0.7452
121 106 0.6645
122 106 0.6618
106 107 0.7452
108 107 0.5811
121 107 0.6472
107 108 0.5811
109 108 0.1066
121 108 0.5258
108 109 0.1066
110 109 0.1008
125 109 0.4006
109 110 0.1008
111 110 0.061
128 110 1.0921
110 111 0.061
112 111 0.0701
126 111 0.996
111 112 0.0701
127 112 0.5731
132 112 0.3946
139 112 0.0509
77 113 0.2812
104 113 0.2335
120 113 1.0467
122 113 0.5596
77 114 0.0901
115 114 0.222
117 114 0.0188
114 115 0.222
116 115 0.1339
117 115 0.0395
120 115 0.0984
123 115 0.2052
115 116 0.1339
114 117 0.0188
115 117 0.0395
118 117 0.0314
184 117 0.1056
117 118 0.0314
119 118 0.0555
148 118 0.1788
118 119 0.0555
113 120 1.0467
115 120 0.0984
121 120 0.7937
106 121 0.6645
107 121 0.6472
108 121 0.5258
120 121 0.7937
124 121 0.7097
105 122 1.0692
106 122 0.6618
113 122 0.5596
115 123 0.2052
121 124 0.7097
125 124 0.6757
147 124 0.3541
109 125 0.4006
124 125 0.6757
128 125 1.6628
147 125 0.2418
111 126 0.996
127 126 1.0985
128 126 0.885
112 127 0.5731
126 127 1.0985
129 127 0.0169
110 128 1.0921
125 128 1.6628
126 128 0.885
127 129 0.0169
130 129 0.5141
142 129 0.0695
143 129 0.088
129 130 0.5141
131 130 0.4013
151 130 0.8071
152 130 1.0756
130 131 0.4013
144 131 0.6916
153 131 0.738
112 132 0.3946
133 132 0.2444
140 132 0.0097
141 132 0.0409
132 133 0.2444
134 133 0.365
161 133 0.1816
133 134 0.365
135 134 0.1156
163 134 0.0243
134 135 0.1156
136 135 0.2253
168 135 0.0415
135 136 0.2253
137 136 0.1856
176 136 0.0248
136 137 0.1856
138 137 0.5602
171 137 0.0596
137 138 0.5602
782 138 0.058
785 138 0.0989
112 139 0.0509
132 140 0.0097
132 141 0.0409
142 141 0.771
145 141 0.0363
129 142 0.0695
141 142 0.771
143 142 0.0619
129 143 0.088
142 143 0.0619
144 143 0.0263
131 144 0.6916
143 144 0.0263
145 144 0.1828
155 144 0.0378
141 145 0.0363
144 145 0.1828
160 145 0.6378
147 146 0.3449
124 147 0.3541
125 147 0.2418
146 147 0.3449
118 148 0.1788
149 148 0.2206
185 148 0.484
148 149 0.2206
150 149 0.297
177 149 0.1827
149 150 0.297
151 150 0.0812
177 150 0.0392
130 151 0.8071
150 151 0.0812
152 151 0.7874
130 152 1.0756
151 152 0.7874
153 152 0.2082
131 153 0.738
152 153 0.2082
154 153 0.0108
153 154 0.0108
186 154 0.8658
206 154 0.3292
207 154 0.3741
230 154 0.0358
144 155 0.0378
156 155 0.3527
166 155 0.4052
155 156 0.3527
157 156 0.0146
165 156 0.448
156 157 0.0146
158 157 0.6983
159 157 0.8389
157 158 0.6983
159 158 0.885
160 158 0.5018
162 158 0.0952
168 158 0.0177
157 159 0.8389
158 159 0.885
167 159 0.4511
172 159 0.0314
194 159 0.1959
145 160 0.6378
158 160 0.5018
161 160 0.0461
133 161 0.1816
160 161 0.0461
162 161 0.823
158 162 0.0952
161 162 0.823
163 162 0.251
134 163 0.0243
162 163 0.251
164 163 0.098
163 164 0.098
156 165 0.448
155 166 0.4052
159 167 0.4511
135 168 0.0415
158 168 0.0177
169 168 0.2509
175 168 0.5741
168 169 0.2509
170 169 0.0285
171 169 0.0551
169 170 0.0285
171 170 0.0554
173 170 0.067
137 171 0.0596
169 171 0.0551
170 171 0.0554
159 172 0.0314
173 172 0.017
174 172 0.0259
170 173 0.067
172 173 0.017
174 173 1.737
172 174 0.0259
173 174 1.737
264 174 0.6925
168 175 0.5741
136 176 0.0248
149 177 0.1827
150 177 0.0392
178 177 0.485
203 177 0.0228
177 178 0.485
179 178 0.0524
185 178 0.0451
178 179 0.0524
180 179 0.1296
184 179 0.0302
179 180 0.1296
181 180 0.6165
183 180 0.0602
214 180 0.105
180 181 0.6165
183 181 0.1091
215 181 0.7022
274 181 0.1958
183 182 0.2449
180 183 0.0602
181 183 0.1091
182 183 0.2449
117 184 0.1056
179 184 0.0302
185 184 0.2577
148 185 0.484
178 185 0.0451
184 185 0.2577
154 186 0.8658
187 186 0.1912
240 186 0.0429
186 187 0.1912
188 187 0.0629
193 187 0.0424
187 188 0.0629
189 188 0.6472
195 188 0.4274
188 189 0.6472
190 189 0.6188
196 189 0.7158
189 190 0.6188
191 190 0.641
197 190 0.5198
190 191 0.641
192 191 0.053
198 191 0.063
250 191 0.0215
191 192 0.053
193 192 0.1254
250 192 0.0163
187 193 0.0424
192 193 0.1254
245 193 0.0208
159 194 0.1959
195 194 0.5294
199 194 0.0066
188 195 0.4274
194 195 0.5294
196 195 1.0161
189 196 0.7158
195 196 1.0161
197 196 0.9381
190 197 0.5198
196 197 0.9381
198 197 0.5147
200 197 0.2068
201 197 0.1385
191 198 0.063
197 198 0.5147
249 198 0.3058
194 199 0.0066
197 200 0.2068
197 201 0.1385
202 201 0.2412
254 201 0.0797
201 202 0.2412
254 202 0.1101
256 202 0.1752
177 203 0.0228
204 203 0.0794
211 203 0.4883
241 203 0.0318
203 204 0.0794
205 204 0.2406
211 204 0.1871
242 204 0.038
204 205 0.2406
206 205 0.1243
209 205 0.2952
154 206 0.3292
205 206 0.1243
207 206 1.4455
154 207 0.3741
206 207 1.4455
208 207 0.2587
209 207 0.2872
207 208 0.2587
209 208 0.1282
227 208 0.0358
205 209 0.2952
207 209 0.2872
208 209 0.1282
210 209 0.3404
209 210 0.3404
211 210 0.1526
212 210 0.1502
222 210 0.3511
203 211 0.4883
204 211 0.1871
210 211 0.1526
210 212 0.1502
213 212 0.0889
222 212 0.7788
212 213 0.0889
214 213 0.0282
356 213 0.091
180 214 0.105
213 214 0.0282
215 214 0.4296
181 215 0.7022
214 215 0.4296
216 215 0.2567
278 215 0.0445
215 216 0.2567
217 216 0.0544
280 216 0.073
216 217 0.0544
218 217 0.0688
219 217 0.0557
220 217 0.0607
221 217 0.1198
217 218 0.0688
217 219 0.0557
217 220 0.0607
221 220 0.5236
222 220 0.1399
223 220 0.0236
217 221 0.1198
220 221 0.5236
291 221 1.0176
210 222 0.3511
212 222 0.7788
220 222 0.1399
220 223 0.0236
224 223 0.4153
296 223 0.7974
223 224 0.4153
225 224 0.3628
296 224 0.7386
224 225 0.3628
226 225 0.5741
368 225 0.1774
369 225 0.6105
225 226 0.5741
227 226 0.141
229 226 0.365
208 227 0.0358
226 227 0.141
228 227 0.1734
227 228 0.1734
226 229 0.365
230 229 0.3265
232 229 0.1369
154 230 0.0358
229 230 0.3265
231 230 0.0508
230 231 0.0508
229 232 0.1369
233 232 0.4623
719 232 0.0385
232 233 0.4623
234 233 0.191
728 233 0.1769
233 234 0.191
235 234 1.0165
237 234 0.1118
234 235 1.0165
236 235 0.8354
238 235 0.0483
235 236 0.8354
237 236 0.4625
251 236 0.0107
234 237 0.1118
236 237 0.4625
725 237 0.1916
730 237 0.0267
235 238 0.0483
239 238 0.7027
245 238 0.109
246 238 0.0163
238 239 0.7027
240 239 0.236
244 239 0.9083
245 239 0.1191
186 240 0.0429
239 240 0.236
243 240 0.8628
203 241 0.0318
204 242 0.038
240 243 0.8628
239 244 0.9083
193 245 0.0208
238 245 0.109
239 245 0.1191
238 246 0.0163
247 246 0.1485
250 246 0.339
246 247 0.1485
248 247 0.2422
249 247 0.1769
247 248 0.2422
249 248 1.1864
252 248 1.0169
796 248 0.0354
198 249 0.3058
247 249 0.1769
248 249 1.1864
254 249 0.5924
191 250 0.0215
192 250 0.0163
246 250 0.339
236 251 0.0107
252 251 1.1063
748 251 0.5013
248 252 1.0169
251 252 1.1063
253 252 0.4621
255 252 0.106
252 253 0.4621
255 253 0.334
267 253 0.0263
201 254 0.0797
202 254 0.1101
249 254 0.5924
252 255 0.106
253 255 0.334
266 255 0.1108
202 256 0.1752
257 256 0.4521
259 256 0.9407
256 257 0.4521
258 257 0.4757
794 257 0.0875
795 257 0.6234
257 258 0.4757
259 258 0.668
260 258 0.4325
256 259 0.9407
258 259 0.668
260 259 0.0352
258 260 0.4325
259 260 0.0352
261 260 0.0383
262 260 0.0671
260 261 0.0383
262 261 1.0368
263 261 1.2542
260 262 0.0671
261 262 1.0368
792 262 0.4662
261 263 1.2542
264 263 0.3467
786 263 0.0857
787 263 0.0783
174 264 0.6925
263 264 0.3467
265 264 0.0372
264 265 0.0372
255 266 0.1108
267 266 0.8953
268 266 0.5721
253 267 0.0263
266 267 0.8953
268 267 0.4543
266 268 0.5721
267 268 0.4543
269 268 0.3072
271 268 0.6623
808 268 0.0494
268 269 0.3072
270 269 0.0867
272 269 0.0263
758 269 0.0374
269 270 0.0867
268 271 0.6623
269 272 0.0263
27 273 0.4175
274 273 0.2029
276 273 0.8937
181 274 0.1958
273 274 0.2029
275 274 1.4592
274 275 1.4592
276 275 1.2827
278 275 1.3417
273 276 0.8937
275 276 1.2827
277 276 0.1282
276 277 0.1282
278 277 2.1805
279 277 0.4134
215 278 0.0445
275 278 1.3417
277 278 2.1805
277 279 0.4134
216 280 0.073
281 280 0.1265
289 280 0.2061
280 281 0.1265
282 281 2.5394
291 281 0.6313
281 282 2.5394
283 282 0.6817
323 282 1.4789
282 283 0.6817
284 283 1.1232
315 283 0.2744
316 283 0.1224
323 283 0.0754
283 284 1.1232
285 284 2.0907
288 284 1.919
284 285 2.0907
286 285 0.6993
316 285 0.2409
285 286 0.6993
287 286 1.5492
324 286 0.0356
23 287 0.0635
286 287 1.5492
288 287 0.5967
284 288 1.919
287 288 0.5967
289 288 0.3103
280 289 0.2061
288 289 0.3103
290 289 0.2167
289 290 0.2167
221 291 1.0176
281 291 0.6313
292 291 0.0195
291 292 0.0195
293 292 0.6105
295 292 0.4492
292 293 0.6105
294 293 0.1493
301 293 0.0965
293 294 0.1493
295 294 0.0702
357 294 0.036
292 295 0.4492
294 295 0.0702
296 295 0.086
223 296 0.7974
224 296 0.7386
295 296 0.086
298 297 0.016
303 297 0.038
320 297 0.1952
323 297 0.1336
297 298 0.016
299 298 0.0424
306 298 0.2228
298 299 0.0424
300 299 0.1851
375 299 0.1798
299 300 0.1851
301 300 0.2104
380 300 0.099
293 301 0.0965
300 301 0.2104
302 301 0.0636
301 302 0.0636
297 303 0.038
304 303 1.0553
321 303 0.693
303 304 1.0553
305 304 0.6807
322 304 0.1082
304 305 0.6807
306 305 0.1911
322 305 0.0374
298 306 0.2228
305 306 0.1911
307 306 0.1174
314 306 0.0545
306 307 0.1174
308 307 0.1699
317 307 0.2741
318 307 0.227
319 307 0.0709
307 308 0.1699
309 308 0.0446
311 308 0.1785
308 309 0.0446
310 309 0.1006
376 309 0.0508
309 310 0.1006
311 310 0.1319
329 310 0.0466
308 311 0.1785
310 311 0.1319
312 311 0.3134
311 312 0.3134
313 312 0.2388
339 312 0.0601
312 313 0.2388
314 313 0.0861
317 313 0.0496
306 314 0.0545
313 314 0.0861
317 314 0.0434
324 314 0.0302
283 315 0.2744
316 315 0.0829
322 315 0.0197
323 315 0.3798
283 316 0.1224
285 316 0.2409
315 316 0.0829
307 317 0.2741
313 317 0.0496
314 317 0.0434
307 318 0.227
307 319 0.0709
297 320 0.1952
303 321 0.693
304 322 0.1082
305 322 0.0374
315 322 0.0197
282 323 1.4789
283 323 0.0754
297 323 0.1336
315 323 0.3798
286 324 0.0356
314 324 0.0302
325 324 0.0518
418 324 0.125
324 325 0.0518
326 325 0.6676
328 325 0.5192
18 326 0.1292
325 326 0.6676
327 326 0.5488
326 327 0.5488
325 328 0.5192
310 329 0.0466
330 329 0.526
331 329 0.0671
337 329 0.7886
329 330 0.526
331 330 0.3069
338 330 0.1061
329 331 0.0671
330 331 0.3069
332 331 0.5385
346 331 0.2368
331 332 0.5385
333 332 1.4211
343 332 1.9073
332 333 1.4211
334 333 0.6826
340 333 0.4344
341 333 0.2159
343 333 1.5425
333 334 0.6826
335 334 0.1366
354 334 1.2057
334 335 0.1366
336 335 0.1389
337 335 0.0364
335 336 0.1389
329 337 0.7886
335 337 0.0364
377 337 0.8203
330 338 0.1061
339 338 0.9756
422 338 0.5461
312 339 0.0601
338 339 0.9756
418 339 0.0196
333 340 0.4344
333 341 0.2159
342 341 0.1891
347 341 0.0654
350 341 0.1401
341 342 0.1891
332 343 1.9073
333 343 1.5425
344 343 0.0347
345 343 0.325
343 344 0.0347
346 344 0.0258
347 344 0.0636
514 344 0.1404
343 345 0.325
331 346 0.2368
344 346 0.0258
435 346 0.2834
341 347 0.0654
344 347 0.0636
348 347 0.0469
519 347 0.0308
347 348 0.0469
349 348 0.0387
522 348 0.0341
676 348 0.0242
348 349 0.0387
350 349 0.0582
355 349 0.1596
341 350 0.1401
349 350 0.0582
351 350 0.1945
350 351 0.1945
352 351 0.4117
354 351 0.8857
351 352 0.4117
353 352 0.7981
354 352 0.721
385 352 0.7536
352 353 0.7981
334 354 1.2057
351 354 0.8857
352 354 0.721
349 355 0.1596
213 356 0.091
294 357 0.036
358 357 0.3112
372 357 0.03
384 357 0.523
357 358 0.3112
359 358 0.1509
383 358 0.6653
384 358 0.4095
358 359 0.1509
387 359 0.6024
390 359 0.0348
361 360 0.8803
373 360 0.8439
390 360 0.1162
360 361 0.8803
362 361 0.0119
364 361 0.0275
374 361 0.5834
361 362 0.0119
363 362 0.0264
683 362 0.1798
715 362 0.1962
362 363 0.0264
687 363 0.6373
702 363 0.0693
705 363 0.3686
361 364 0.0275
365 364 0.1376
372 364 0.1355
364 365 0.1376
366 365 0.3754
372 365 0.1282
365 366 0.3754
367 366 0.6481
718 366 0.392
366 367 0.6481
368 367 0.1867
371 367 0.956
225 368 0.1774
367 368 0.1867
370 368 1.0875
225 369 0.6105
368 370 1.0875
367 371 0.956
357 372 0.03
364 372 0.1355
365 372 0.1282
360 373 0.8439
374 373 0.7776
391 373 1.2794
361 374 0.5834
373 374 0.7776
402 374 0.0319
299 375 0.1798
309 376 0.0508
377 376 0.7396
378 376 0.1578
337 377 0.8203
376 377 0.7396
378 377 0.3608
376 378 0.1578
377 378 0.3608
379 378 0.4093
378 379 0.4093
380 379 0.2458
382 379 0.2874
384 379 0.0706
300 380 0.099
379 380 0.2458
381 380 0.1182
380 381 0.1182
379 382 0.2874
383 382 0.2565
386 382 0.5774
358 383 0.6653
382 383 0.2565
387 383 0.6246
357 384 0.523
358 384 0.4095
379 384 0.0706
352 385 0.7536
386 385 0.0287
389 385 0.0115
397 385 0.9191
398 385 0.0755
382 386 0.5774
385 386 0.0287
387 386 0.1074
388 386 0.1486
359 387 0.6024
383 387 0.6246
386 387 0.1074
386 388 0.1486
385 389 0.0115
359 390 0.0348
360 390 0.1162
391 390 0.4346
373 391 1.2794
390 391 0.4346
392 391 1.0286
391 392 1.0286
393 392 1.0438
404 392 0.7734
392 393 1.0438
394 393 0.731
403 393 0.0639
393 394 0.731
395 394 1.1511
401 394 0.3026
394 395 1.1511
396 395 0.9766
400 395 0.0691
395 396 0.9766
397 396 0.6285
680 396 0.043
385 397 0.9191
396 397 0.6285
399 397 0.9452
385 398 0.0755
397 399 0.9452
395 400 0.0691
394 401 0.3026
374 402 0.0319
403 402 0.3785
683 402 0.5025
393 403 0.0639
402 403 0.3785
680 403 0.5432
392 404 0.7734
5 405 0.4593
406 405 0.1287
451 405 0.2232
405 406 0.1287
407 406 0.6506
410 406 0.0298
451 406 0.2306
406 407 0.6506
408 407 0.1009
412 407 0.6345
16 408 0.0986
407 408 0.1009
409 408 0.0432
408 409 0.0432
410 409 0.2158
416 409 0.0354
406 410 0.0298
409 410 0.2158
413 410 0.0368
466 410 0.1376
6 411 0.6223
407 412 0.6345
410 413 0.0368
414 413 0.0856
419 413 0.5967
413 414 0.0856
415 414 0.1974
420 414 0.7273
422 414 0.059
414 415 0.1974
416 415 0.2435
417 415 0.3604
409 416 0.0354
415 416 0.2435
417 416 0.0386
415 417 0.3604
416 417 0.0386
418 417 0.29
324 418 0.125
339 418 0.0196
417 418 0.29
413 419 0.5967
420 419 1.0704
427 419 0.1919
445 419 0.0545
414 420 0.7273
419 420 1.0704
421 420 0.4486
420 421 0.4486
422 421 0.5206
431 421 0.0613
432 421 0.1413
338 422 0.5461
414 422 0.059
421 422 0.5206
424 423 0.2204
425 423 0.2299
426 423 0.2648
430 423 0.0783
423 424 0.2204
425 424 0.9372
426 424 1.0906
471 424 0.0337
423 425 0.2299
424 425 0.9372
431 425 0.2675
433 425 0.2456
423 426 0.2648
424 426 1.0906
479 426 0.1095
481 426 0.1434
419 427 0.1919
428 427 0.3229
431 427 0.0331
427 428 0.3229
429 428 0.3178
444 428 0.2399
428 429 0.3178
430 429 0.4634
436 429 0.051
442 429 0.3484
423 430 0.0783
429 430 0.4634
443 430 0.0642
421 431 0.0613
425 431 0.2675
427 431 0.0331
421 432 0.1413
425 433 0.2456
434 433 0.2758
467 433 0.0617
433 434 0.2758
435 434 0.5214
468 434 0.3675
346 435 0.2834
434 435 0.5214
469 435 1.2747
429 436 0.051
437 436 0.2744
453 436 0.061
436 437 0.2744
438 437 0.1048
441 437 0.3928
437 438 0.1048
439 438 0.5238
440 438 0.2209
2 439 0.1571
438 439 0.5238
440 439 0.4916
455 439 0.8787
438 440 0.2209
439 440 0.4916
441 440 0.1839
437 441 0.3928
440 441 0.1839
442 441 0.1781
429 442 0.3484
441 442 0.1781
443 442 0.0503
430 443 0.0642
442 443 0.0503
481 443 0.1073
495 443 0.0573
428 444 0.2399
445 444 0.1445
446 444 0.1799
419 445 0.0545
444 445 0.1445
465 445 0.1397
444 446 0.1799
447 446 0.4926
448 446 0.4675
465 446 0.5879
446 447 0.4926
448 447 0.1807
450 447 0.1538
466 447 0.3854
446 448 0.4675
447 448 0.1807
449 448 0.5634
448 449 0.5634
447 450 0.1538
451 450 0.19
452 450 0.1225
405 451 0.2232
406 451 0.2306
450 451 0.19
452 451 0.0596
450 452 0.1225
451 452 0.0596
453 452 0.1874
462 452 0.0988
436 453 0.061
452 453 0.1874
460 453 0.3344
2 454 0.1591
455 454 1.577
458 454 1.0652
439 455 0.8787
454 455 1.577
456 455 0.3973
455 456 0.3973
457 456 0.2812
458 456 0.7082
456 457 0.2812
454 458 1.0652
456 458 0.7082
459 458 0.8606
458 459 0.8606
460 459 0.0973
461 459 0.5163
453 460 0.3344
459 460 0.0973
461 460 0.1835
4 461 0.1704
459 461 0.5163
460 461 0.1835
5 462 0.399
452 462 0.0988
463 462 0.4857
4 463 0.6402
462 463 0.4857
464 463 1.194
463 464 1.194
445 465 0.1397
446 465 0.5879
466 465 0.1729
410 466 0.1376
447 466 0.3854
465 466 0.1729
433 467 0.0617
468 467 0.0562
471 467 0.0353
434 468 0.3675
467 468 0.0562
469 468 0.2191
435 469 1.2747
468 469 0.2191
470 469 0.5107
469 470 0.5107
424 471 0.0337
467 471 0.0353
480 471 0.5048
502 471 0.5705
473 472 0.7893
477 472 1.5063
480 472 0.3987
472 473 0.7893
474 473 1.5211
492 473 0.0451
473 474 1.5211
475 474 0.0784
476 474 0.0776
474 475 0.0784
476 475 0.07
480 475 0.0597
474 476 0.0776
475 476 0.07
510 476 0.0219
472 477 1.5063
478 477 0.0549
479 477 0.8439
477 478 0.0549
481 478 0.109
482 478 0.5737
426 479 0.1095
477 479 0.8439
480 479 1.4656
471 480 0.5048
472 480 0.3987
475 480 0.0597
479 480 1.4656
426 481 0.1434
443 481 0.1073
478 481 0.109
478 482 0.5737
483 482 0.3112
495 482 0.3337
482 483 0.3112
484 483 0.0338
486 483 0.0201
483 484 0.0338
485 484 0.0225
489 484 0.0262
484 485 0.0225
483 486 0.0201
487 486 0.0673
491 486 0.0722
486 487 0.0673
488 487 0.1003
490 487 0.1195
487 488 0.1003
489 488 0.0082
493 488 1.1688
484 489 0.0262
488 489 0.0082
494 489 0.0486
487 490 0.1195
486 491 0.0722
473 492 0.0451
493 492 0.0786
552 492 0.0233
488 493 1.1688
492 493 0.0786
494 493 0.3396
489 494 0.0486
493 494 0.3396
559 494 0.7605
443 495 0.0573
482 495 0.3337
496 495 0.5382
499 495 0.1345
495 496 0.5382
497 496 0.7819
498 496 1.0668
496 497 0.7819
496 498 1.0668
495 499 0.1345
500 499 0.1176
501 499 0.1619
499 500 0.1176
499 501 0.1619
471 502 0.5705
503 502 0.0499
512 502 0.2675
517 502 0.2657
502 503 0.0499
504 503 0.4261
520 503 0.2333
503 504 0.4261
505 504 0.668
510 504 0.223
504 505 0.668
506 505 0.3117
511 505 0.399
521 505 0.1128
522 505 0.0851
505 506 0.3117
507 506 1.2105
523 506 0.062
506 507 1.2105
508 507 0.4608
526 507 0.3405
507 508 0.4608
509 508 0.3021
525 508 0.0685
508 509 0.3021
529 509 0.0348
530 509 0.4617
544 509 0.0326
545 509 0.0884
476 510 0.0219
504 510 0.223
511 510 0.134
505 511 0.399
510 511 0.134
531 511 0.0133
502 512 0.2675
513 512 0.1787
516 512 0.102
512 513 0.1787
514 513 0.2634
515 513 0.1754
344 514 0.1404
513 514 0.2634
518 514 0.1395
513 515 0.1754
512 516 0.102
502 517 0.2657
514 518 0.1395
347 519 0.0308
503 520 0.2333
505 521 0.1128
348 522 0.0341
505 522 0.0851
523 522 0.2356
506 523 0.062
522 523 0.2356
524 523 0.0569
523 524 0.0569
525 524 0.5252
527 524 0.1565
508 525 0.0685
524 525 0.5252
528 525 0.0406
507 526 0.3405
524 527 0.1565
525 528 0.0406
509 529 0.0348
509 530 0.4617
511 531 0.0133
532 531 0.1335
553 531 0.3852
531 532 0.1335
533 532 0.0336
534 532 0.0459
554 532 0.5411
532 533 0.0336
532 534 0.0459
535 534 0.0212
558 534 0.0991
534 535 0.0212
536 535 0.8271
574 535 0.2942
535 536 0.8271
537 536 0.1021
539 536 0.164
536 537 0.1021
538 537 0.8734
599 537 0.0468
537 538 0.8734
536 539 0.164
540 539 0.5928
639 539 0.3971
641 539 0.1197
539 540 0.5928
541 540 0.0112
644 540 0.0425
540 541 0.0112
542 541 0.1493
550 541 0.0727
541 542 0.1493
543 542 0.2444
549 542 0.0632
542 543 0.2444
544 543 0.2327
551 543 0.0717
509 544 0.0326
543 544 0.2327
551 544 0.0854
509 545 0.0884
546 545 0.6277
551 545 0.0461
545 546 0.6277
547 546 0.2717
677 546 0.0339
546 547 0.2717
548 547 0.0317
662 547 0.3414
547 548 0.0317
549 548 0.1219
550 548 0.0986
542 549 0.0632
548 549 0.1219
550 549 0.6042
541 550 0.0727
548 550 0.0986
549 550 0.6042
543 551 0.0717
544 551 0.0854
545 551 0.0461
492 552 0.0233
553 552 0.1055
561 552 0.1218
531 553 0.3852
552 553 0.1055
554 553 0.5618
563 553 0.1195
532 554 0.5411
553 554 0.5618
555 554 0.0689
564 554 0.1687
554 555 0.0689
556 555 0.1809
565 555 0.2586
555 556 0.1809
557 556 0.0985
566 556 0.1462
567 556 0.1126
556 557 0.0985
534 558 0.0991
494 559 0.7605
560 559 0.3224
579 559 0.0571
580 559 0.077
559 560 0.3224
561 560 0.232
578 560 0.1369
552 561 0.1218
560 561 0.232
562 561 0.3695
581 561 0.0186
561 562 0.3695
563 562 0.2182
577 562 0.0596
553 563 0.1195
562 563 0.2182
564 563 0.0493
554 564 0.1687
563 564 0.0493
565 564 0.4136
555 565 0.2586
564 565 0.4136
566 565 0.3394
556 566 0.1462
565 566 0.3394
567 566 0.4355
556 567 0.1126
566 567 0.4355
568 567 0.7524
596 567 0.4207
567 568 0.7524
569 568 0.0188
573 568 0.1711
568 569 0.0188
570 569 0.417
597 569 0.4805
569 570 0.417
571 570 0.2166
599 570 0.055
570 571 0.2166
572 571 1.0862
585 571 0.0692
571 572 1.0862
602 572 0.1053
604 572 0.668
568 573 0.1711
574 573 0.0852
576 573 0.3078
535 574 0.2942
573 574 0.0852
575 574 0.0337
574 575 0.0337
573 576 0.3078
562 577 0.0596
560 578 0.1369
559 579 0.0571
559 580 0.077
561 581 0.0186
582 581 1.4877
609 581 0.1196
581 582 1.4877
583 582 0.8039
596 582 0.1623
582 583 0.8039
584 583 0.0923
598 583 0.6177
583 584 0.0923
585 584 0.0365
597 584 0.2075
612 584 0.0756
571 585 0.0692
584 585 0.0365
586 585 0.021
585 586 0.021
587 586 0.0577
622 586 0.3418
586 587 0.0577
588 587 0.0818
623 587 0.3075
587 588 0.0818
589 588 0.7508
593 588 0.1247
588 589 0.7508
590 589 0.6523
593 589 0.0698
589 590 0.6523
591 590 0.3334
621 590 0.1408
590 591 0.3334
592 591 0.1485
1103 591 0.0246
591 592 0.1485
588 593 0.1247
589 593 0.0698
594 593 0.0201
593 594 0.0201
595 594 0.1152
1067 594 0.3298
1082 594 0.0299
594 595 0.1152
567 596 0.4207
582 596 0.1623
598 596 0.1053
569 597 0.4805
584 597 0.2075
598 597 0.0844
583 598 0.6177
596 598 0.1053
597 598 0.0844
537 599 0.0468
570 599 0.055
603 599 0.7704
626 599 0.0368
601 600 0.3472
602 600 0.3168
603 600 1.0292
608 600 0.17
600 601 0.3472
572 602 0.1053
600 602 0.3168
603 602 0.3029
599 603 0.7704
600 603 1.0292
602 603 0.3029
572 604 0.668
605 604 0.6969
606 604 0.0797
604 605 0.6969
604 606 0.0797
607 606 0.0813
608 606 0.1219
1065 606 0.4509
1071 606 0.0722
606 607 0.0813
600 608 0.17
606 608 0.1219
635 608 0.0371
581 609 0.1196
610 609 0.2929
611 609 0.0037
609 610 0.2929
609 611 0.0037
584 612 0.0756
613 612 0.0232
625 612 0.0902
612 613 0.0232
614 613 0.7746
622 613 0.0974
613 614 0.7746
615 614 0.0502
625 614 0.4492
614 615 0.0502
616 615 0.4634
624 615 0.1914
625 615 0.1586
615 616 0.4634
617 616 0.2193
623 616 0.0656
616 617 0.2193
618 617 0.3719
621 617 0.1569
617 618 0.3719
621 618 0.2818
1095 618 0.0888
620 619 0.0805
1095 619 0.405
1096 619 0.0405
619 620 0.0805
590 621 0.1408
617 621 0.1569
618 621 0.2818
586 622 0.3418
613 622 0.0974
623 622 0.6653
587 623 0.3075
616 623 0.0656
622 623 0.6653
615 624 0.1914
612 625 0.0902
614 625 0.4492
615 625 0.1586
599 626 0.0368
627 626 0.288
636 626 0.1194
626 627 0.288
628 627 0.5747
629 627 0.1467
627 628 0.5747
627 629 0.1467
630 629 0.0808
647 629 0.3976
629 630 0.0808
631 630 0.0968
633 630 0.1376
630 631 0.0968
632 631 0.0496
634 631 0.0867
631 632 0.0496
630 633 0.1376
631 634 0.0867
608 635 0.0371
626 636 0.1194
637 636 0.1199
645 636 0.0858
636 637 0.1199
638 637 0.3928
648 637 0.0124
637 638 0.3928
639 638 0.1348
651 638 0.0831
539 639 0.3971
638 639 0.1348
640 639 0.0371
639 640 0.0371
641 640 0.2978
643 640 0.4636
539 641 0.1197
640 641 0.2978
642 641 0.1886
641 642 0.1886
643 642 0.0065
663 642 0.0296
640 643 0.4636
642 643 0.0065
660 643 0.0303
540 644 0.0425
636 645 0.0858
646 645 1.3198
648 645 0.4371
645 646 1.3198
647 646 1.1758
652 646 0.1205
629 647 0.3976
646 647 1.1758
1211 647 1.0472
637 648 0.0124
645 648 0.4371
649 648 0.119
648 649 0.119
650 649 0.7052
652 649 0.204
649 650 0.7052
651 650 0.3072
653 650 0.3067
657 650 0.147
638 651 0.0831
650 651 0.3072
661 651 1.0457
646 652 0.1205
649 652 0.204
653 652 0.0838
656 652 0.4329
650 653 0.3067
652 653 0.0838
654 653 0.0788
653 654 0.0788
655 654 0.1356
656 654 0.122
654 655 0.1356
652 656 0.4329
654 656 0.122
1214 656 0.1509
650 657 0.147
658 657 1.5649
673 657 0.0539
657 658 1.5649
659 658 0.1444
666 658 0.0132
671 658 0.1903
658 659 0.1444
660 659 0.504
661 659 0.6369
643 660 0.0303
659 660 0.504
661 660 0.6583
651 661 1.0457
659 661 0.6369
660 661 0.6583
547 662 0.3414
663 662 0.2567
675 662 0.0415
642 663 0.0296
662 663 0.2567
664 663 0.6406
682 663 0.0281
663 664 0.6406
665 664 0.0299
667 664 0.2383
664 665 0.0299
666 665 0.0868
667 665 0.058
674 665 0.1692
658 666 0.0132
665 666 0.0868
668 666 0.0175
664 667 0.2383
665 667 0.058
668 667 0.8532
692 667 0.0171
666 668 0.0175
667 668 0.8532
669 668 0.8251
690 668 0.0624
668 669 0.8251
670 669 0.0068
691 669 1.5967
693 669 0.0096
669 670 0.0068
671 670 0.6734
1032 670 0.0207
658 671 0.1903
670 671 0.6734
672 671 0.5482
671 672 0.5482
657 673 0.0539
665 674 0.1692
662 675 0.0415
348 676 0.0242
546 677 0.0339
678 677 0.0306
682 677 0.0544
677 678 0.0306
680 678 0.1421
703 678 0.2587
680 679 0.2473
681 679 1.1228
684 679 0.7353
703 679 0.7576
704 679 0.1093
396 680 0.043
403 680 0.5432
678 680 0.1421
679 680 0.2473
681 680 0.1217
679 681 1.1228
680 681 0.1217
683 681 0.5353
663 682 0.0281
677 682 0.0544
704 682 0.0133
362 683 0.1798
402 683 0.5025
681 683 0.5353
684 683 0.0999
679 684 0.7353
683 684 0.0999
685 684 0.2211
684 685 0.2211
686 685 1.2629
688 685 0.153
685 686 1.2629
687 686 0.8726
701 686 0.2053
363 687 0.6373
686 687 0.8726
701 687 0.2678
685 688 0.153
689 688 0.0336
692 688 0.0385
688 689 0.0336
690 689 0.0395
692 689 0.167
668 690 0.0624
689 690 0.0395
691 690 0.027
669 691 1.5967
690 691 0.027
694 691 0.2244
667 692 0.0171
688 692 0.0385
689 692 0.167
669 693 0.0096
999 693 0.1215
1015 693 0.0181
691 694 0.2244
695 694 0.6494
702 694 0.0261
694 695 0.6494
696 695 0.0324
978 695 0.3467
695 696 0.0324
697 696 0.4535
710 696 0.1022
696 697 0.4535
698 697 0.2124
711 697 0.0389
697 698 0.2124
699 698 0.1472
712 698 0.3407
698 699 0.1472
700 699 0.0602
713 699 0.0226
699 700 0.0602
686 701 0.2053
687 701 0.2678
702 701 0.2784
363 702 0.0693
694 702 0.0261
701 702 0.2784
678 703 0.2587
679 703 0.7576
704 703 0.4316
679 704 0.1093
682 704 0.0133
703 704 0.4316
363 705 0.3686
706 705 0.8643
709 705 0.4859
710 705 0.497
705 706 0.8643
707 706 0.0307
708 706 0.0482
706 707 0.0307
706 708 0.0482
705 709 0.4859
710 709 1.0924
711 709 0.1643
714 709 0.0243
696 710 0.1022
705 710 0.497
709 710 1.0924
697 711 0.0389
709 711 0.1643
712 711 0.152
698 712 0.3407
711 712 0.152
713 712 0.1318
699 713 0.0226
712 713 0.1318
714 713 0.2565
709 714 0.0243
713 714 0.2565
747 714 0.2608
984 714 1.0019
362 715 0.1962
716 715 0.1226
717 715 0.0655
715 716 0.1226
729 716 0.6192
747 716 0.0103
715 717 0.0655
366 718 0.392
719 718 1.0161
726 718 0.0327
232 719 0.0385
718 719 1.0161
720 719 0.0865
726 719 0.0338
719 720 0.0865
721 720 0.3785
729 720 0.0867
720 721 0.3785
722 721 1.3349
723 721 0.5141
721 722 1.3349
721 723 0.5141
724 723 0.0534
725 723 0.0228
723 724 0.0534
237 725 0.1916
723 725 0.0228
733 725 1.0381
718 726 0.0327
719 726 0.0338
727 726 0.0207
726 727 0.0207
233 728 0.1769
716 729 0.6192
720 729 0.0867
742 729 0.1084
237 730 0.0267
731 730 0.1198
732 730 0.037
751 730 0.0622
730 731 0.1198
730 732 0.037
733 732 1.4449
734 732 1.6767
753 732 0.0207
725 733 1.0381
732 733 1.4449
742 733 0.081
732 734 1.6767
735 734 0.4301
991 734 0.0103
734 735 0.4301
736 735 0.6238
992 735 0.0217
995 735 0.0175
735 736 0.6238
737 736 0.627
757 736 0.0406
736 737 0.627
738 737 0.6707
777 737 0.2687
737 738 0.6707
739 738 0.4824
771 738 0.1695
778 738 0.0478
738 739 0.4824
740 739 0.3893
995 739 0.0205
739 740 0.3893
741 740 0.5631
963 740 1.9505
740 741 0.5631
891 741 0.0333
908 741 0.3551
936 741 0.9242
729 742 0.1084
733 742 0.081
743 742 0.3326
991 742 0.5429
742 743 0.3326
744 743 0.8299
967 743 0.4593
743 744 0.8299
745 744 0.432
746 744 0.1642
744 745 0.432
746 745 0.4695
747 745 0.5467
744 746 0.1642
745 746 0.4695
983 746 0.0368
714 747 0.2608
716 747 0.0103
745 747 0.5467
251 748 0.5013
750 748 0.2879
752 748 0.4988
751 749 0.5299
752 749 0.0903
753 749 0.3997
754 749 0.0797
748 750 0.2879
758 750 1.0989
772 750 0.0907
730 751 0.0622
749 751 0.5299
752 751 0.4826
748 752 0.4988
749 752 0.0903
751 752 0.4826
732 753 0.0207
749 753 0.3997
754 753 0.6831
757 753 0.361
749 754 0.0797
753 754 0.6831
755 754 0.4943
754 755 0.4943
756 755 1.1199
766 755 0.8953
755 756 1.1199
757 756 0.9766
776 756 0.9363
736 757 0.0406
753 757 0.361
756 757 0.9766
269 758 0.0374
750 758 1.0989
759 758 1.3699
758 759 1.3699
760 759 0.2967
773 759 0.0235
759 760 0.2967
761 760 0.6361
775 760 0.19
760 761 0.6361
762 761 0.8865
766 761 0.0238
780 761 0.0138
761 762 0.8865
763 762 1.3716
767 762 0.0233
762 763 1.3716
764 763 0.1453
829 763 0.0991
830 763 0.591
763 764 0.1453
765 764 0.2783
768 764 0.1313
764 765 0.2783
770 765 0.1141
892 765 0.3702
755 766 0.8953
761 766 0.0238
767 766 0.4023
762 767 0.0233
766 767 0.4023
768 767 0.731
764 768 0.1313
767 768 0.731
769 768 0.1924
768 769 0.1924
770 769 0.939
779 769 0.8945
765 770 0.1141
769 770 0.939
771 770 0.4129
885 770 0.3722
738 771 0.1695
770 771 0.4129
885 771 0.6177
750 772 0.0907
759 773 0.0235
774 773 0.047
835 773 0.0246
773 774 0.047
781 774 0.2193
814 774 0.4359
760 775 0.19
756 776 0.9363
777 776 1.0249
779 776 0.2199
737 777 0.2687
776 777 1.0249
778 777 0.6592
738 778 0.0478
777 778 0.6592
779 778 0.5356
769 779 0.8945
776 779 0.2199
778 779 0.5356
761 780 0.0138
774 781 0.2193
138 782 0.058
783 782 0.0148
816 782 0.015
782 783 0.0148
784 783 0.082
789 783 0.3748
804 783 0.4392
783 784 0.082
805 784 0.6227
807 784 0.2751
138 785 0.0989
786 785 0.0859
789 785 0.3912
263 786 0.0857
785 786 0.0859
787 786 0.0484
263 787 0.0783
786 787 0.0484
788 787 0.3526
787 788 0.3526
789 788 0.074
790 788 0.0123
783 789 0.3748
785 789 0.3912
788 789 0.074
788 790 0.0123
791 790 0.9606
798 790 0.103
799 790 0.1154
790 791 0.9606
792 791 1.1259
794 791 0.1343
262 792 0.4662
791 792 1.1259
793 792 0.7225
792 793 0.7225
257 794 0.0875
791 794 0.1343
799 794 0.5784
257 795 0.6234
248 796 0.0354
797 796 0.9506
799 796 0.7605
796 797 0.9506
800 797 0.8688
802 797 0.1275
790 798 0.103
800 798 0.5302
801 798 0.41
790 799 0.1154
794 799 0.5784
796 799 0.7605
800 799 0.1273
797 800 0.8688
798 800 0.5302
799 800 0.1273
798 801 0.41
802 801 0.8183
803 801 0.8489
797 802 0.1275
801 802 0.8183
807 802 0.6901
809 802 0.1813
801 803 0.8489
783 804 0.4392
805 804 0.0453
811 804 0.4378
784 805 0.6227
804 805 0.0453
806 805 0.7974
811 805 0.1586
812 805 0.292
805 806 0.7974
807 806 0.1854
810 806 0.1662
784 807 0.2751
802 807 0.6901
806 807 0.1854
809 807 0.0935
268 808 0.0494
809 808 0.8985
813 808 0.1335
802 809 0.1813
807 809 0.0935
808 809 0.8985
806 810 0.1662
804 811 0.4378
805 811 0.1586
812 811 0.1915
805 812 0.292
811 812 0.1915
815 812 0.1936
820 812 0.4378
808 813 0.1335
814 813 0.3103
815 813 0.5051
774 814 0.4359
813 814 0.3103
815 814 0.3465
812 815 0.1936
813 815 0.5051
814 815 0.3465
782 816 0.015
817 816 0.7413
1352 816 0.0311
816 817 0.7413
818 817 0.4554
1349 817 0.1126
817 818 0.4554
819 818 0.2581
820 818 0.0256
818 819 0.2581
812 820 0.4378
818 820 0.0256
821 820 0.0347
828 820 0.226
820 821 0.0347
822 821 0.3129
826 821 0.01
821 822 0.3129
823 822 0.6035
827 822 0.0732
822 823 0.6035
824 823 0.2081
825 823 0.4478
823 824 0.2081
823 825 0.4478
821 826 0.01
822 827 0.0732
820 828 0.226
763 829 0.0991
763 830 0.591
831 830 0.0068
832 830 0.3708
830 831 0.0068
830 832 0.3708
837 832 0.7199
883 832 0.0791
834 833 0.0354
836 833 0.1266
883 833 0.0089
833 834 0.0354
773 835 0.0246
833 836 0.1266
879 836 0.1889
880 836 0.0534
832 837 0.7199
838 837 0.5066
884 837 0.0188
837 838 0.5066
839 838 0.9814
878 838 0.0242
838 839 0.9814
840 839 1.167
871 839 0.0173
839 840 1.167
841 840 0.8313
869 840 0.1148
840 841 0.8313
842 841 0.8052
857 841 0.1356
869 841 0.1834
892 841 0.1582
841 842 0.8052
843 842 0.793
893 842 0.1499
842 843 0.793
844 843 0.1151
893 843 0.1522
843 844 0.1151
845 844 0.4776
898 844 0.1729
844 845 0.4776
846 845 0.3145
856 845 0.0801
901 845 0.1969
845 846 0.3145
847 846 0.4878
854 846 0.2689
855 846 0.0989
846 847 0.4878
848 847 0.7072
853 847 0.152
847 848 0.7072
849 848 0.5192
852 848 0.4798
848 849 0.5192
850 849 0.7886
851 849 1.1858
849 850 0.7886
849 851 1.1858
848 852 0.4798
847 853 0.152
846 854 0.2689
846 855 0.0989
845 856 0.0801
841 857 0.1356
858 857 1.0321
867 857 0.0298
857 858 1.0321
859 858 0.2786
866 858 0.0276
867 858 0.0308
858 859 0.2786
860 859 0.277
863 859 0.0229
865 859 0.0427
859 860 0.277
861 860 0.1753
862 860 0.0662
864 860 0.267
860 861 0.1753
860 862 0.0662
859 863 0.0229
860 864 0.267
859 865 0.0427
858 866 0.0276
857 867 0.0298
858 867 0.0308
868 867 0.0362
867 868 0.0362
840 869 0.1148
841 869 0.1834
870 869 0.0187
869 870 0.0187
839 871 0.0173
872 871 0.2208
878 871 0.0964
871 872 0.2208
873 872 0.8726
876 872 0.1937
877 872 0.0351
872 873 0.8726
874 873 0.0861
878 873 0.0886
873 874 0.0861
875 874 0.0238
879 874 0.0569
874 875 0.0238
872 876 0.1937
872 877 0.0351
838 878 0.0242
871 878 0.0964
873 878 0.0886
879 878 0.1269
884 878 0.133
836 879 0.1889
874 879 0.0569
878 879 0.1269
836 880 0.0534
881 880 0.2006
882 880 0.036
880 881 0.2006
880 882 0.036
832 883 0.0791
833 883 0.0089
884 883 0.2082
837 884 0.0188
878 884 0.133
883 884 0.2082
770 885 0.3722
771 885 0.6177
886 885 0.1123
885 886 0.1123
887 886 0.6254
892 886 0.2997
886 887 0.6254
888 887 0.2299
893 887 0.2345
887 888 0.2299
889 888 0.3662
904 888 0.0651
906 888 0.0576
888 889 0.3662
890 889 0.258
902 889 0.1216
903 889 0.1499
889 890 0.258
894 890 0.0969
895 890 0.2136
741 891 0.0333
905 891 0.0805
908 891 0.1643
765 892 0.3702
841 892 0.1582
886 892 0.2997
893 892 0.1089
842 893 0.1499
843 893 0.1522
887 893 0.2345
892 893 0.1089
890 894 0.0969
890 895 0.2136
896 895 0.1162
897 895 0.1778
895 896 0.1162
895 897 0.1778
844 898 0.1729
899 898 0.1562
900 898 0.0875
898 899 0.1562
898 900 0.0875
845 901 0.1969
889 902 0.1216
889 903 0.1499
888 904 0.0651
891 905 0.0805
906 905 0.3072
934 905 0.0988
888 906 0.0576
905 906 0.3072
907 906 0.0868
906 907 0.0868
741 908 0.3551
891 908 0.1643
909 908 0.2933
908 909 0.2933
910 909 1.0175
934 909 0.103
953 909 0.8711
909 910 1.0175
911 910 0.6901
934 910 0.0485
910 911 0.6901
912 911 0.4634
935 911 0.0808
952 911 0.0192
911 912 0.4634
913 912 0.1475
929 912 0.1008
912 913 0.1475
914 913 0.6297
923 913 0.0381
926 913 0.0694
913 914 0.6297
915 914 0.4751
923 914 0.0392
914 915 0.4751
916 915 0.3674
922 915 0.1
915 916 0.3674
917 916 0.1154
918 916 0.0927
919 916 0.0752
916 917 0.1154
920 917 0.6105
921 917 0.2213
916 918 0.0927
916 919 0.0752
917 920 0.6105
917 921 0.2213
915 922 0.1
913 923 0.0381
914 923 0.0392
924 923 0.1008
925 923 0.0756
923 924 0.1008
923 925 0.0756
913 926 0.0694
927 926 0.4589
928 926 0.3689
926 927 0.4589
926 928 0.3689
912 929 0.1008
930 929 0.1384
931 929 0.0737
929 930 0.1384
932 930 0.0893
933 930 0.0924
929 931 0.0737
930 932 0.0893
930 933 0.0924
905 934 0.0988
909 934 0.103
910 934 0.0485
911 935 0.0808
741 936 0.9242
937 936 0.0119
962 936 0.4425
963 936 0.365
936 937 0.0119
938 937 0.0496
953 937 0.0273
959 937 0.6667
961 937 0.8425
937 938 0.0496
939 938 0.0386
954 938 0.3316
938 939 0.0386
940 939 0.2687
957 939 0.0887
939 940 0.2687
941 940 0.0395
952 940 0.0356
965 940 0.1311
940 941 0.0395
944 941 0.2961
949 941 0.0895
950 941 0.0941
951 941 0.1006
943 942 0.3321
944 942 0.0693
945 942 0.1104
942 943 0.3321
941 944 0.2961
942 944 0.0693
946 944 0.8439
942 945 0.1104
944 946 0.8439
947 946 0.051
948 946 0.0602
946 947 0.051
972 947 0.0699
981 947 0.1635
946 948 0.0602
941 949 0.0895
941 950 0.0941
941 951 0.1006
911 952 0.0192
940 952 0.0356
953 952 0.0325
909 953 0.8711
937 953 0.0273
952 953 0.0325
938 954 0.3316
955 954 0.1096
956 954 0.1092
954 955 0.1096
954 956 0.1092
939 957 0.0887
958 957 0.0973
964 957 0.1847
957 958 0.0973
959 958 0.1289
964 958 0.5353
937 959 0.6667
958 959 0.1289
960 959 0.0622
959 960 0.0622
961 960 0.1906
964 960 0.1346
998 960 0.009
937 961 0.8425
960 961 0.1906
962 961 0.01
936 962 0.4425
961 962 0.01
963 962 0.3063
996 962 0.5675
740 963 1.9505
936 963 0.365
962 963 0.3063
957 964 0.1847
958 964 0.5353
960 964 0.1346
940 965 0.1311
966 965 0.1852
970 965 0.0416
965 966 0.1852
967 966 0.0063
969 966 0.0706
743 967 0.4593
966 967 0.0063
968 967 0.0104
991 967 0.0315
967 968 0.0104
966 969 0.0706
970 969 0.5359
986 969 0.1124
965 970 0.0416
969 970 0.5359
971 970 0.3088
970 971 0.3088
947 972 0.0699
