2 1 0.0513
3 1 0.0305
4 1 0.0247
65 1 0.0257
144 1 0.0405
445 1 0.0034
473 1 0.0154
1 2 0.0513
67 2 0.0143
472 2 0.0135
1 3 0.0305
9 3 0.1413
52 3 0.0758
1 4 0.0247
5 4 0.0521
6 4 0.0256
4 5 0.0521
4 6 0.0256
7 6 0.0206
8 6 0.019
6 7 0.0206
8 7 0.0182
13 7 0.1201
6 8 0.019
7 8 0.0182
445 8 0.1105
3 9 0.1413
10 9 0.3348
15 9 0.3028
9 10 0.3348
11 10 0.3455
12 10 0.0873
13 10 0.0748
10 11 0.3455
10 12 0.0873
7 13 0.1201
10 13 0.0748
14 13 0.0387
13 14 0.0387
36 14 0.0602
37 14 0.0273
449 14 0.0467
9 15 0.3028
16 15 0.082
38 15 0.0485
15 16 0.082
17 16 0.3504
19 16 0.0181
21 16 0.1342
16 17 0.3504
18 17 0.0193
37 17 0.0132
17 18 0.0193
16 19 0.0181
20 19 0.1257
22 19 0.2059
19 20 0.1257
16 21 0.1342
22 21 0.0165
24 21 0.1606
19 22 0.2059
21 22 0.0165
23 22 0.1439
22 23 0.1439
21 24 0.1606
25 24 0.0451
28 24 0.2937
24 25 0.0451
26 25 0.0454
27 25 0.0448
25 26 0.0454
25 27 0.0448
24 28 0.2937
29 28 0.268
30 28 0.2618
28 29 0.268
28 30 0.2618
31 30 0.3678
32 30 0.4232
30 31 0.3678
30 32 0.4232
33 32 0.0103
34 32 0.0987
406 32 0.2705
32 33 0.0103
32 34 0.0987
35 34 0.0107
36 34 0.0703
34 35 0.0107
36 35 0.0299
452 35 0.0628
14 36 0.0602
34 36 0.0703
35 36 0.0299
14 37 0.0273
17 37 0.0132
451 37 0.1214
15 38 0.0485
39 38 0.2723
40 38 0.1418
38 39 0.2723
38 40 0.1418
41 40 0.1376
42 40 0.3903
40 41 0.1376
40 42 0.3903
43 42 0.242
44 42 0.0822
42 43 0.242
42 44 0.0822
45 44 0.1787
56 44 0.0326
44 45 0.1787
46 45 0.0978
322 45 0.0397
391 45 0.0349
45 46 0.0978
47 46 0.0947
48 46 0.1664
46 47 0.0947
352 47 0.0072
353 47 0.0207
46 48 0.1664
49 48 0.0197
341 48 0.0992
48 49 0.0197
50 49 0.0537
51 49 0.0228
49 50 0.0537
51 50 0.0978
391 50 0.0364
393 50 0.1319
49 51 0.0228
50 51 0.0978
369 51 0.014
3 52 0.0758
53 52 0.0927
62 52 0.1047
52 53 0.0927
54 53 0.1184
55 53 0.1817
53 54 0.1184
53 55 0.1817
56 55 0.039
58 55 0.0295
44 56 0.0326
55 56 0.039
57 56 0.0968
56 57 0.0968
55 58 0.0295
59 58 0.0978
60 58 0.0118
58 59 0.0978
58 60 0.0118
61 60 0.0779
319 60 0.0162
60 61 0.0779
52 62 0.1047
63 62 0.0044
64 62 0.3524
62 63 0.0044
62 64 0.3524
71 64 0.0128
116 64 0.0657
1 65 0.0257
66 65 0.02
67 65 0.0883
65 66 0.02
2 67 0.0143
65 67 0.0883
68 67 0.0402
67 68 0.0402
69 68 0.0599
75 68 0.0851
68 69 0.0599
70 69 0.0238
71 69 0.0975
69 70 0.0238
64 71 0.0128
69 71 0.0975
72 71 0.107
71 72 0.107
73 72 0.0688
85 72 0.0474
72 73 0.0688
74 73 0.0456
86 73 0.0503
73 74 0.0456
68 75 0.0851
76 75 0.0801
78 75 0.1138
75 76 0.0801
77 76 0.1091
79 76 0.0964
76 77 0.1091
78 77 0.1281
82 77 0.0334
75 78 0.1138
77 78 0.1281
84 78 0.1183
76 79 0.0964
80 79 0.0541
472 79 0.0123
79 80 0.0541
81 80 0.0087
216 80 0.0145
80 81 0.0087
216 81 0.0223
474 81 0.0298
77 82 0.0334
83 82 0.0097
89 82 0.1999
216 82 0.0105
82 83 0.0097
78 84 0.1183
85 84 0.1952
89 84 0.0478
92 84 0.1004
72 85 0.0474
84 85 0.1952
86 85 0.284
73 86 0.0503
85 86 0.284
87 86 0.1471
86 87 0.1471
88 87 0.1436
101 87 0.0611
87 88 0.1436
82 89 0.1999
84 89 0.0478
90 89 0.0433
89 90 0.0433
91 90 0.03
195 90 0.0261
90 91 0.03
84 92 0.1004
93 92 0.0101
95 92 0.1271
92 93 0.0101
94 93 0.0771
106 93 0.0168
93 94 0.0771
92 95 0.1271
96 95 0.0305
97 95 0.2086
95 96 0.0305
95 97 0.2086
98 97 0.0123
99 97 0.2886
97 98 0.0123
97 99 0.2886
100 99 0.0168
108 99 0.3408
99 100 0.0168
87 101 0.0611
102 101 0.0667
104 101 0.0476
101 102 0.0667
103 102 0.0193
105 102 0.0678
102 103 0.0193
101 104 0.0476
105 104 0.1147
106 104 0.1359
102 105 0.0678
104 105 0.1147
127 105 0.0501
93 106 0.0168
104 106 0.1359
107 106 0.0259
106 107 0.0259
127 107 0.7968
131 107 0.4873
99 108 0.3408
109 108 0.0391
110 108 0.309
108 109 0.0391
108 110 0.309
111 110 0.0495
112 110 0.2472
110 111 0.0495
110 112 0.2472
113 112 0.0072
145 112 0.0131
154 112 0.0486
112 113 0.0072
114 113 0.0436
115 113 0.0418
113 114 0.0436
113 115 0.0418
64 116 0.0657
117 116 0.1334
118 116 0.211
116 117 0.1334
116 118 0.211
119 118 0.0171
123 118 0.0624
118 119 0.0171
120 119 0.0419
121 119 0.0201
123 119 0.0734
124 119 0.0605
119 120 0.0419
119 121 0.0201
122 121 0.0115
129 121 0.0257
121 122 0.0115
118 123 0.0624
119 123 0.0734
124 123 0.0794
119 124 0.0605
123 124 0.0794
125 124 0.0676
124 125 0.0676
126 125 0.1329
127 125 0.7027
125 126 0.1329
105 127 0.0501
107 127 0.7968
125 127 0.7027
128 127 0.1008
129 127 0.1212
127 128 0.1008
121 129 0.0257
127 129 0.1212
130 129 0.0759
129 130 0.0759
138 130 0.0062
241 130 0.006
107 131 0.4873
132 131 0.0342
133 131 0.4399
135 131 0.0051
131 132 0.0342
131 133 0.4399
134 133 0.0585
135 133 0.3578
133 134 0.0585
135 134 0.2249
136 134 0.1982
131 135 0.0051
133 135 0.3578
134 135 0.2249
134 136 0.1982
137 136 0.0314
149 136 0.2383
136 137 0.0314
138 137 0.2079
243 137 0.0066
244 137 0.0058
130 138 0.0062
137 138 0.2079
139 138 0.015
217 138 0.0405
138 139 0.015
140 139 0.0761
141 139 0.0445
139 140 0.0761
139 141 0.0445
142 141 0.0316
143 141 0.1319
141 142 0.0316
141 143 0.1319
1 144 0.0405
112 145 0.0131
146 145 0.0425
153 145 0.043
145 146 0.0425
147 146 0.0799
148 146 0.048
146 147 0.0799
148 147 0.1268
153 147 0.0618
146 148 0.048
147 148 0.1268
162 148 0.0984
136 149 0.2383
150 149 0.0166
152 149 0.3537
149 150 0.0166
151 150 0.0224
152 150 0.0244
150 151 0.0224
152 151 0.1829
153 151 0.1967
149 152 0.3537
150 152 0.0244
151 152 0.1829
243 152 0.2939
145 153 0.043
147 153 0.0618
151 153 0.1967
112 154 0.0486
155 154 0.0165
156 154 0.0552
154 155 0.0165
154 156 0.0552
157 156 0.014
158 156 0.0373
156 157 0.014
156 158 0.0373
159 158 0.029
160 158 0.1366
158 159 0.029
158 160 0.1366
161 160 0.0188
172 160 0.0354
160 161 0.0188
148 162 0.0984
163 162 0.0249
164 162 0.0661
162 163 0.0249
162 164 0.0661
165 164 0.0213
166 164 0.0373
253 164 0.0141
164 165 0.0213
164 166 0.0373
167 166 0.1142
254 166 0.0117
166 167 0.1142
168 167 0.0282
255 167 0.0236
167 168 0.0282
169 168 0.0521
171 168 0.0068
168 169 0.0521
170 169 0.0091
183 169 0.01
169 170 0.0091
168 171 0.0068
160 172 0.0354
173 172 0.0294
181 172 0.0771
172 173 0.0294
174 173 0.0078
175 173 0.0068
173 174 0.0078
175 174 0.0487
194 174 0.009
203 174 0.0524
173 175 0.0068
174 175 0.0487
176 175 0.0355
175 176 0.0355
177 176 0.0085
178 176 0.0175
176 177 0.0085
176 178 0.0175
179 178 0.0098
180 178 0.0097
178 179 0.0098
180 179 0.0228
183 179 0.033
178 180 0.0097
179 180 0.0228
185 180 0.0525
172 181 0.0771
182 181 0.0525
183 181 0.0589
181 182 0.0525
169 183 0.01
179 183 0.033
181 183 0.0589
184 183 0.0629
183 184 0.0629
180 185 0.0525
186 185 0.0186
187 185 0.0608
185 186 0.0186
185 187 0.0608
188 187 0.0564
189 187 0.0313
187 188 0.0564
187 189 0.0313
190 189 0.0269
191 189 0.0442
189 190 0.0269
189 191 0.0442
192 191 0.0242
193 191 0.0361
191 192 0.0242
191 193 0.0361
174 194 0.009
90 195 0.0261
196 195 0.0134
208 195 0.0097
195 196 0.0134
197 196 0.0994
198 196 0.0862
196 197 0.0994
196 198 0.0862
199 198 0.0394
200 198 0.0792
198 199 0.0394
198 200 0.0792
201 200 0.0404
202 200 0.0276
200 201 0.0404
205 201 0.0518
214 201 0.0727
200 202 0.0276
203 202 0.0182
206 202 0.0238
174 203 0.0524
202 203 0.0182
204 203 0.0078
203 204 0.0078
201 205 0.0518
206 205 0.0581
215 205 0.0106
202 206 0.0238
205 206 0.0581
207 206 0.0061
206 207 0.0061
195 208 0.0097
209 208 0.0885
479 208 0.0408
483 208 0.0158
208 209 0.0885
210 209 0.0111
211 209 0.0129
209 210 0.0111
209 211 0.0129
212 211 0.0129
213 211 0.0168
211 212 0.0129
211 213 0.0168
214 213 0.051
215 213 0.0128
201 214 0.0727
213 214 0.051
215 214 0.0084
205 215 0.0106
213 215 0.0128
214 215 0.0084
80 216 0.0145
81 216 0.0223
82 216 0.0105
138 217 0.0405
218 217 0.0036
219 217 0.031
217 218 0.0036
217 219 0.031
220 219 0.0102
221 219 0.0909
219 220 0.0102
219 221 0.0909
222 221 0.0274
229 221 0.1141
221 222 0.0274
223 222 0.0131
224 222 0.0273
222 223 0.0131
222 224 0.0273
225 224 0.0155
226 224 0.0098
224 225 0.0155
224 226 0.0098
227 226 0.0115
228 226 0.0105
226 227 0.0115
226 228 0.0105
221 229 0.1141
230 229 0.0796
238 229 0.0611
229 230 0.0796
232 231 0.064
233 231 0.0706
238 231 0.1527
240 231 0.048
231 232 0.064
231 233 0.0706
234 233 0.0698
235 233 0.1391
233 234 0.0698
233 235 0.1391
236 235 0.0992
237 235 0.0137
235 236 0.0992
235 237 0.0137
229 238 0.0611
231 238 0.1527
239 238 0.0437
238 239 0.0437
231 240 0.048
130 241 0.006
242 241 0.0071
328 241 0.0044
241 242 0.0071
137 243 0.0066
152 243 0.2939
247 243 0.2208
137 244 0.0058
245 244 0.0236
250 244 0.012
244 245 0.0236
246 245 0.0279
260 245 0.023
245 246 0.0279
243 247 0.2208
248 247 0.3119
251 247 0.0554
247 248 0.3119
249 248 0.0441
252 248 0.0269
248 249 0.0441
250 249 0.1508
253 249 0.0403
244 250 0.012
249 250 0.1508
259 250 0.1175
247 251 0.0554
248 252 0.0269
164 253 0.0141
249 253 0.0403
254 253 0.0172
166 254 0.0117
253 254 0.0172
255 254 0.0351
167 255 0.0236
254 255 0.0351
256 255 0.0416
255 256 0.0416
257 256 0.084
258 256 0.0792
256 257 0.084
256 258 0.0792
250 259 0.1175
260 259 0.0257
270 259 0.1729
245 260 0.023
259 260 0.0257
261 260 0.0389
260 261 0.0389
262 261 0.0366
263 261 0.1801
261 262 0.0366
261 263 0.1801
264 263 0.0154
265 263 0.1373
263 264 0.0154
263 265 0.1373
266 265 0.0305
267 265 0.0117
265 266 0.0305
265 267 0.0117
268 267 0.0226
269 267 0.0204
267 268 0.0226
267 269 0.0204
259 270 0.1729
271 270 0.0104
272 270 0.0754
270 271 0.0104
270 272 0.0754
273 272 0.0133
274 272 0.0108
275 272 0.1071
272 273 0.0133
272 274 0.0108
272 275 0.1071
276 275 0.0861
282 275 0.1816
275 276 0.0861
277 276 0.0145
278 276 0.0119
276 277 0.0145
276 278 0.0119
279 278 0.0214
282 278 0.0171
278 279 0.0214
280 279 0.0029
281 279 0.0067
279 280 0.0029
279 281 0.0067
275 282 0.1816
278 282 0.0171
283 282 0.1008
282 283 0.1008
284 283 0.0137
287 283 0.0309
303 283 0.0608
283 284 0.0137
285 284 0.0033
286 284 0.0042
284 285 0.0033
284 286 0.0042
283 287 0.0309
288 287 0.0108
289 287 0.0475
287 288 0.0108
287 289 0.0475
290 289 0.0328
291 289 0.0401
289 290 0.0328
289 291 0.0401
294 291 0.0148
300 291 0.0108
293 292 0.0336
294 292 0.082
296 292 0.0444
292 293 0.0336
291 294 0.0148
292 294 0.082
295 294 0.0046
294 295 0.0046
292 296 0.0444
297 296 0.0284
298 296 0.0261
299 296 0.0197
296 297 0.0284
296 298 0.0261
296 299 0.0197
291 300 0.0108
301 300 0.006
302 300 0.0057
300 301 0.006
300 302 0.0057
283 303 0.0608
304 303 0.046
307 303 0.0123
303 304 0.046
305 304 0.008
306 304 0.0121
304 305 0.008
304 306 0.0121
303 307 0.0123
308 307 0.0476
311 307 0.0678
307 308 0.0476
309 308 0.0146
310 308 0.0238
308 309 0.0146
308 310 0.0238
307 311 0.0678
312 311 0.0339
313 311 0.0201
316 311 0.01
311 312 0.0339
311 313 0.0201
314 313 0.0271
315 313 0.0141
313 314 0.0271
313 315 0.0141
311 316 0.01
317 316 0.0149
318 316 0.0207
316 317 0.0149
316 318 0.0207
60 319 0.0162
320 319 0.0046
321 319 0.0054
324 319 0.0833
319 320 0.0046
327 320 0.0304
354 320 0.169
319 321 0.0054
322 321 0.2646
354 321 0.1361
45 322 0.0397
321 322 0.2646
323 322 0.172
322 323 0.172
319 324 0.0833
325 324 0.0596
326 324 0.0178
324 325 0.0596
324 326 0.0178
320 327 0.0304
328 327 0.0233
355 327 0.1155
241 328 0.0044
327 328 0.0233
329 328 0.0543
328 329 0.0543
330 329 0.1068
331 329 0.0827
329 330 0.1068
329 331 0.0827
332 331 0.0112
333 331 0.1126
331 332 0.0112
331 333 0.1126
334 333 0.0318
337 333 0.0533
333 334 0.0318
335 334 0.013
336 334 0.0175
334 335 0.013
334 336 0.0175
333 337 0.0533
338 337 0.0358
339 337 0.0495
340 337 0.0116
337 338 0.0358
337 339 0.0495
337 340 0.0116
48 341 0.0992
342 341 0.0232
368 341 0.0596
341 342 0.0232
343 342 0.0194
361 342 0.0418
342 343 0.0194
344 343 0.0202
347 343 0.0832
343 344 0.0202
345 344 0.0268
346 344 0.0332
344 345 0.0268
344 346 0.0332
343 347 0.0832
348 347 0.0077
349 347 0.0086
347 348 0.0077
347 349 0.0086
350 349 0.0064
351 349 0.0054
349 350 0.0064
349 351 0.0054
47 352 0.0072
47 353 0.0207
354 353 0.0359
355 353 0.0171
320 354 0.169
321 354 0.1361
353 354 0.0359
327 355 0.1155
353 355 0.0171
356 355 0.0473
355 356 0.0473
357 356 0.0089
358 356 0.0148
356 357 0.0089
356 358 0.0148
359 358 0.019
360 358 0.0378
358 359 0.019
358 360 0.0378
342 361 0.0418
362 361 0.0061
363 361 0.0529
361 362 0.0061
361 363 0.0529
364 363 0.0486
365 363 0.0539
363 364 0.0486
363 365 0.0539
366 365 0.03
367 365 0.0299
365 366 0.03
365 367 0.0299
341 368 0.0596
369 368 0.0254
376 368 0.1173
51 369 0.014
368 369 0.0254
370 369 0.0747
371 369 0.1211
369 370 0.0747
369 371 0.1211
372 371 0.0494
394 371 0.0087
371 372 0.0494
373 372 0.0147
396 372 0.0109
399 372 0.014
372 373 0.0147
374 373 0.0337
375 373 0.031
373 374 0.0337
373 375 0.031
368 376 0.1173
377 376 0.1263
384 376 0.0893
376 377 0.1263
378 377 0.0092
379 377 0.0204
377 378 0.0092
377 379 0.0204
380 379 0.0506
381 379 0.0315
379 380 0.0506
379 381 0.0315
382 381 0.0444
383 381 0.0159
381 382 0.0444
381 383 0.0159
376 384 0.0893
385 384 0.0348
390 384 0.0289
384 385 0.0348
386 385 0.0696
389 385 0.0117
385 386 0.0696
387 386 0.0143
388 386 0.0117
386 387 0.0143
386 388 0.0117
385 389 0.0117
384 390 0.0289
45 391 0.0349
50 391 0.0364
392 391 0.2184
391 392 0.2184
393 392 0.1174
395 392 0.322
407 392 0.029
50 393 0.1319
392 393 0.1174
394 393 0.0542
371 394 0.0087
393 394 0.0542
395 394 0.0388
392 395 0.322
394 395 0.0388
396 395 0.3348
407 395 0.0264
414 395 0.0072
372 396 0.0109
395 396 0.3348
397 396 0.1797
396 397 0.1797
398 397 0.0144
400 397 0.2286
397 398 0.0144
372 399 0.014
397 400 0.2286
401 400 0.0468
436 400 0.1218
437 400 0.0494
400 401 0.0468
402 401 0.0143
405 401 0.0224
439 401 0.0122
401 402 0.0143
403 402 0.0223
404 402 0.0392
439 402 0.0147
402 403 0.0223
402 404 0.0392
401 405 0.0224
32 406 0.2705
407 406 0.0194
408 406 0.6349
392 407 0.029
395 407 0.0264
406 407 0.0194
406 408 0.6349
409 408 0.1115
418 408 0.2124
452 408 0.0186
408 409 0.1115
410 409 0.0061
411 409 0.0342
409 410 0.0061
409 411 0.0342
412 411 0.0658
413 411 0.0374
411 412 0.0658
411 413 0.0374
414 413 0.1926
419 413 0.0218
395 414 0.0072
413 414 0.1926
415 414 0.0617
417 414 0.088
414 415 0.0617
416 415 0.1119
422 415 0.0195
415 416 0.1119
414 417 0.088
408 418 0.2124
419 418 0.0738
454 418 0.0739
413 419 0.0218
418 419 0.0738
420 419 0.4968
419 420 0.4968
421 420 0.8347
435 420 0.0883
420 421 0.8347
422 421 0.382
434 421 0.2444
415 422 0.0195
421 422 0.382
423 422 0.1246
433 422 0.0226
422 423 0.1246
424 423 0.207
431 423 0.017
423 424 0.207
425 424 0.0193
426 424 0.1213
432 424 0.0312
424 425 0.0193
424 426 0.1213
427 426 0.0085
430 426 0.0105
462 426 0.0413
426 427 0.0085
428 427 0.052
429 427 0.0265
441 427 0.0132
427 428 0.052
427 429 0.0265
426 430 0.0105
423 431 0.017
424 432 0.0312
422 433 0.0226
421 434 0.2444
420 435 0.0883
400 436 0.1218
437 436 0.0541
440 436 0.0276
400 437 0.0494
436 437 0.0541
438 437 0.0401
441 437 0.0367
437 438 0.0401
439 438 0.0357
442 438 0.032
401 439 0.0122
402 439 0.0147
438 439 0.0357
444 439 0.0103
436 440 0.0276
427 441 0.0132
437 441 0.0367
442 441 0.0981
438 442 0.032
441 442 0.0981
443 442 0.013
442 443 0.013
439 444 0.0103
1 445 0.0034
8 445 0.1105
446 445 0.0994
445 446 0.0994
447 446 0.1058
448 446 0.0597
446 447 0.1058
446 448 0.0597
14 449 0.0467
450 449 0.1053
469 449 0.0117
449 450 0.1053
37 451 0.1214
35 452 0.0628
408 452 0.0186
453 452 0.0124
452 453 0.0124
454 453 0.0237
455 453 0.0186
418 454 0.0739
453 454 0.0237
455 454 0.0305
453 455 0.0186
454 455 0.0305
456 455 0.157
455 456 0.157
457 456 0.0514
468 456 0.0072
456 457 0.0514
458 457 0.0116
467 457 0.006
457 458 0.0116
459 458 0.0205
462 458 0.0047
458 459 0.0205
460 459 0.0182
461 459 0.011
459 460 0.0182
459 461 0.011
426 462 0.0413
458 462 0.0047
463 462 0.0087
464 462 0.0378
462 463 0.0087
462 464 0.0378
465 464 0.0981
466 464 0.0208
464 465 0.0981
464 466 0.0208
457 467 0.006
456 468 0.0072
449 469 0.0117
470 469 0.0215
471 469 0.0105
469 470 0.0215
469 471 0.0105
2 472 0.0135
79 472 0.0123
473 472 0.0164
1 473 0.0154
472 473 0.0164
474 473 0.0208
81 474 0.0298
473 474 0.0208
475 474 0.087
476 474 0.0401
474 475 0.087
474 476 0.0401
477 476 0.0368
478 476 0.0465
482 476 0.0438
476 477 0.0368
476 478 0.0465
479 478 0.0652
481 478 0.0414
208 479 0.0408
478 479 0.0652
480 479 0.0613
479 480 0.0613
478 481 0.0414
476 482 0.0438
208 483 0.0158
