2 1 0.0401
3 1 0.04
4 1 0.0396
5 1 0.0447
6 1 0.0222
14 1 0.0288
20 1 0.0276
21 1 0.0272
427 1 0.0242
466 1 0.037
474 1 0.0199
482 1 0.0296
1 2 0.0401
454 2 0.0887
455 2 0.106
1 3 0.04
475 3 0.1121
476 3 0.1187
1 4 0.0396
484 4 0.1065
486 4 0.0385
1 5 0.0447
692 5 0.1022
697 5 0.0989
1 6 0.0222
7 6 0.0496
8 6 0.1878
6 7 0.0496
8 7 0.177
9 7 0.3584
13 7 0.0997
6 8 0.1878
7 8 0.177
9 8 0.1789
42 8 0.4511
7 9 0.3584
8 9 0.1789
10 9 0.0127
67 9 0.1463
9 10 0.0127
11 10 1.0217
24 10 0.4746
10 11 1.0217
12 11 0.2014
15 11 0.1908
11 12 0.2014
13 12 0.089
18 12 0.1222
7 13 0.0997
12 13 0.089
14 13 0.7686
1 14 0.0288
13 14 0.7686
18 14 0.0898
11 15 0.1908
16 15 0.0829
31 15 0.9625
15 16 0.0829
17 16 0.8382
165 16 0.5056
16 17 0.8382
18 17 0.0366
19 17 0.2377
12 18 0.1222
14 18 0.0898
17 18 0.0366
19 18 0.2089
17 19 0.2377
18 19 0.2089
20 19 0.2479
1 20 0.0276
19 20 0.2479
21 20 0.7013
1 21 0.0272
20 21 0.7013
22 21 0.5525
21 22 0.5525
23 22 0.0542
158 22 0.1193
22 23 0.0542
10 24 0.4746
25 24 0.7215
33 24 0.3535
24 25 0.7215
26 25 0.639
28 25 0.639
31 25 0.2692
25 26 0.639
27 26 0.7764
33 26 0.7893
26 27 0.7764
28 27 0.6353
34 27 0.5549
38 27 0.2511
25 28 0.639
27 28 0.6353
29 28 0.1514
28 29 0.1514
30 29 0.3768
165 29 0.1691
29 30 0.3768
164 30 0.2067
169 30 0.1074
15 31 0.9625
25 31 0.2692
32 31 0.135
31 32 0.135
24 33 0.3535
26 33 0.7893
34 33 0.7189
27 34 0.5549
33 34 0.7189
35 34 0.2231
34 35 0.2231
36 35 0.1048
40 35 0.1031
35 36 0.1048
37 36 0.4529
108 36 0.0157
36 37 0.4529
38 37 0.1041
111 37 1.0939
27 38 0.2511
37 38 0.1041
39 38 0.3857
38 39 0.3857
35 40 0.1031
41 40 0.0553
69 40 0.1027
40 41 0.0553
8 42 0.4511
43 42 0.3544
44 42 0.117
42 43 0.3544
42 44 0.117
45 44 0.3008
48 44 0.0856
44 45 0.3008
46 45 0.3423
49 45 0.6234
45 46 0.3423
47 46 0.1663
48 46 0.3182
46 47 0.1663
48 47 0.3762
81 47 0.9116
44 48 0.0856
46 48 0.3182
47 48 0.3762
45 49 0.6234
50 49 0.0425
56 49 0.5931
49 50 0.0425
51 50 0.5914
62 50 0.7943
50 51 0.5914
52 51 0.7013
61 51 0.2117
51 52 0.7013
53 52 0.6386
60 52 0.466
52 53 0.6386
54 53 0.7874
57 53 0.2157
53 54 0.7874
55 54 0.2994
71 54 0.6227
54 55 0.2994
56 55 0.316
292 55 0.1968
49 56 0.5931
55 56 0.316
77 56 0.1908
53 57 0.2157
58 57 0.7862
60 57 0.2453
57 58 0.7862
59 58 0.0883
76 58 0.2297
58 59 0.0883
60 59 0.1123
87 59 0.2264
52 60 0.466
57 60 0.2453
59 60 0.1123
61 60 0.5033
51 61 0.2117
60 61 0.5033
62 61 0.1485
50 62 0.7943
61 62 0.1485
63 62 0.396
62 63 0.396
64 63 0.577
66 63 0.6277
63 64 0.577
65 64 0.4239
82 64 0.1137
64 65 0.4239
66 65 0.4252
67 65 0.1737
69 65 0.0629
63 66 0.6277
65 66 0.4252
67 66 0.3555
9 67 0.1463
65 67 0.1737
66 67 0.3555
68 67 0.1574
67 68 0.1574
40 69 0.1027
65 69 0.0629
70 69 0.3622
69 70 0.3622
54 71 0.6227
72 71 0.1717
74 71 0.346
71 72 0.1717
73 72 0.0198
126 72 1.0411
72 73 0.0198
71 74 0.346
75 74 0.1561
76 74 0.265
74 75 0.1561
58 76 0.2297
74 76 0.265
97 76 0.4016
98 76 0.221
109 76 0.0524
56 77 0.1908
78 77 0.4098
81 77 0.6579
77 78 0.4098
79 78 0.4968
299 78 0.8518
78 79 0.4968
80 79 0.0404
81 79 0.7236
79 80 0.0404
47 81 0.9116
77 81 0.6579
79 81 0.7236
64 82 0.1137
83 82 0.0328
84 82 0.2627
82 83 0.0328
82 84 0.2627
85 84 0.0598
86 84 0.591
84 85 0.0598
84 86 0.591
87 86 0.0175
89 86 0.5362
59 87 0.2264
86 87 0.0175
88 87 0.2108
87 88 0.2108
86 89 0.5362
90 89 0.0551
91 89 0.0326
92 89 0.0223
93 89 0.4733
89 90 0.0551
89 91 0.0326
89 92 0.0223
93 92 0.028
96 92 0.0617
98 92 0.3206
100 92 0.2957
89 93 0.4733
92 93 0.028
94 93 0.8026
93 94 0.8026
95 94 0.0315
103 94 0.0567
104 94 0.2874
94 95 0.0315
112 95 0.2595
113 95 0.7825
114 95 0.1133
92 96 0.0617
76 97 0.4016
76 98 0.221
92 98 0.3206
99 98 0.0802
98 99 0.0802
92 100 0.2957
101 100 0.6064
110 100 0.039
100 101 0.6064
102 101 0.4054
103 101 0.1632
101 102 0.4054
94 103 0.0567
101 103 0.1632
123 103 0.2091
124 103 0.1925
94 104 0.2874
105 104 0.0708
106 104 0.2391
104 105 0.0708
104 106 0.2391
107 106 0.0267
114 106 0.0576
106 107 0.0267
36 108 0.0157
76 109 0.0524
110 109 0.0274
131 109 0.0782
100 110 0.039
109 110 0.0274
136 110 0.0706
37 111 1.0939
112 111 0.2253
172 111 0.1485
95 112 0.2595
111 112 0.2253
113 112 0.3129
178 112 0.0732
95 113 0.7825
112 113 0.3129
115 113 1.0051
178 113 0.017
95 114 0.1133
106 114 0.0576
120 114 0.2849
123 114 0.0752
113 115 1.0051
116 115 0.0534
191 115 0.0781
193 115 0.7564
115 116 0.0534
117 116 0.4978
118 116 0.8183
194 116 0.8741
116 117 0.4978
116 118 0.8183
119 118 0.693
232 118 0.2203
118 119 0.693
120 119 0.0611
271 119 0.129
114 120 0.2849
119 120 0.0611
121 120 0.2205
120 121 0.2205
122 121 0.0302
141 121 0.1362
121 122 0.0302
103 123 0.2091
114 123 0.0752
124 123 0.5938
103 124 0.1925
123 124 0.5938
125 124 0.0835
136 124 0.1626
124 125 0.0835
72 126 1.0411
127 126 0.2263
128 126 1.2018
126 127 0.2263
126 128 1.2018
129 128 0.2898
133 128 0.1475
135 128 1.1252
295 128 0.0119
128 129 0.2898
130 129 0.1032
131 129 0.163
129 130 0.1032
109 131 0.0782
129 131 0.163
132 131 0.6588
131 132 0.6588
128 133 0.1475
134 133 0.4058
136 133 0.0311
133 134 0.4058
135 134 0.1201
145 134 0.1047
128 135 1.1252
134 135 0.1201
151 135 0.5938
110 136 0.0706
124 136 0.1626
133 136 0.0311
137 136 0.2072
144 136 0.1029
136 137 0.2072
138 137 0.099
145 137 0.1414
137 138 0.099
139 138 0.1297
140 138 0.0998
138 139 0.1297
138 140 0.0998
121 141 0.1362
142 141 0.0565
143 141 0.0926
141 142 0.0565
141 143 0.0926
136 144 0.1029
134 145 0.1047
137 145 0.1414
146 145 0.1568
145 146 0.1568
147 146 0.0417
148 146 0.2947
146 147 0.0417
146 148 0.2947
149 148 0.0789
150 148 0.0348
148 149 0.0789
148 150 0.0348
135 151 0.5938
152 151 0.0407
154 151 0.2994
151 152 0.0407
153 152 0.0898
285 152 0.0089
152 153 0.0898
151 154 0.2994
155 154 0.1379
306 154 0.0454
315 154 0.3517
316 154 0.5828
154 155 0.1379
157 156 0.1506
156 157 0.1506
158 157 1.0133
166 157 0.2497
22 158 0.1193
157 158 1.0133
159 158 0.2993
160 158 0.0892
158 159 0.2993
158 160 0.0892
161 160 0.209
165 160 0.1233
427 160 0.0276
160 161 0.209
162 161 0.2243
428 161 0.0208
161 162 0.2243
163 162 0.0342
165 162 0.0705
429 162 0.0401
162 163 0.0342
164 163 0.3768
433 163 0.1313
30 164 0.2067
163 164 0.3768
165 164 0.6297
16 165 0.5056
29 165 0.1691
160 165 0.1233
162 165 0.0705
164 165 0.6297
157 166 0.2497
167 166 0.3174
168 166 0.4259
166 167 0.3174
166 168 0.4259
30 169 0.1074
170 169 0.0118
171 169 0.2807
169 170 0.0118
169 171 0.2807
172 171 0.0624
173 171 0.7283
111 172 0.1485
171 172 0.0624
178 172 0.014
171 173 0.7283
174 173 0.5621
179 173 0.565
173 174 0.5621
175 174 0.0446
176 174 0.0775
174 175 0.0446
174 176 0.0775
177 176 0.0187
180 176 0.1152
176 177 0.0187
433 177 0.0992
458 177 0.1087
459 177 0.5804
112 178 0.0732
113 178 0.017
172 178 0.014
186 178 0.0552
173 179 0.565
180 179 0.1796
182 179 0.3243
176 180 0.1152
179 180 0.1796
181 180 0.0373
182 180 0.3752
180 181 0.0373
179 182 0.3243
180 182 0.3752
183 182 0.2478
182 183 0.2478
184 183 0.0332
186 183 1.2623
183 184 0.0332
185 184 0.0122
510 184 0.0284
184 185 0.0122
178 186 0.0552
183 186 1.2623
187 186 0.2491
188 186 0.5737
202 186 0.3724
186 187 0.2491
188 187 0.457
190 187 0.2875
186 188 0.5737
187 188 0.457
189 188 0.0646
188 189 0.0646
187 190 0.2875
191 190 0.088
197 190 0.0941
198 190 0.0459
115 191 0.0781
190 191 0.088
192 191 0.0769
191 192 0.0769
193 192 0.2686
197 192 0.0459
115 193 0.7564
192 193 0.2686
194 193 0.52
116 194 0.8741
193 194 0.52
195 194 0.0792
194 195 0.0792
196 195 0.0594
230 195 0.0509
195 196 0.0594
197 196 0.3639
231 196 0.2983
190 197 0.0941
192 197 0.0459
196 197 0.3639
190 198 0.0459
199 198 0.1769
200 198 0.0663
198 199 0.1769
200 199 0.4361
204 199 0.6365
198 200 0.0663
199 200 0.4361
201 200 0.577
200 201 0.577
202 201 0.2806
214 201 0.7519
186 202 0.3724
201 202 0.2806
203 202 0.1344
215 202 0.1201
202 203 0.1344
199 204 0.6365
205 204 0.1164
224 204 0.2306
204 205 0.1164
206 205 1.0687
226 205 0.031
205 206 1.0687
207 206 1.292
240 206 0.3801
206 207 1.292
208 207 0.2646
209 207 0.2984
207 208 0.2646
209 208 0.1586
211 208 0.2503
207 209 0.2984
208 209 0.1586
210 209 0.0665
209 210 0.0665
208 211 0.2503
212 211 0.2638
245 211 0.3772
211 212 0.2638
213 212 1.1421
214 212 0.3697
212 213 1.1421
252 213 0.1819
541 213 0.0601
201 214 0.7519
212 214 0.3697
216 214 0.0033
202 215 0.1201
216 215 0.1025
217 215 0.13
214 216 0.0033
215 216 0.1025
221 216 0.0557
223 216 0.1911
215 217 0.13
218 217 0.0352
219 217 0.1765
217 218 0.0352
217 219 0.1765
220 219 0.057
221 219 0.4531
219 220 0.057
216 221 0.0557
219 221 0.4531
222 221 0.1852
533 221 0.0509
221 222 0.1852
216 223 0.1911
204 224 0.2306
225 224 0.3279
228 224 0.1468
224 225 0.3279
226 225 0.3193
237 225 0.3626
205 226 0.031
225 226 0.3193
227 226 0.2173
226 227 0.2173
224 228 0.1468
229 228 0.0316
231 228 0.0253
228 229 0.0316
230 229 0.0895
234 229 0.3833
195 230 0.0509
229 230 0.0895
231 230 0.0464
196 231 0.2983
228 231 0.0253
230 231 0.0464
118 232 0.2203
233 232 0.0689
234 232 0.4801
232 233 0.0689
229 234 0.3833
232 234 0.4801
235 234 0.4433
234 235 0.4433
236 235 0.1648
260 235 0.2916
235 236 0.1648
237 236 0.0051
239 236 0.0385
225 237 0.3626
236 237 0.0051
238 237 0.3212
237 238 0.3212
236 239 0.0385
206 240 0.3801
241 240 0.1509
242 240 0.7057
240 241 0.1509
240 242 0.7057
243 242 0.2406
244 242 0.1744
242 243 0.2406
242 244 0.1744
211 245 0.3772
246 245 0.6506
249 245 0.4515
245 246 0.6506
247 246 0.1365
248 246 0.1403
246 247 0.1365
246 248 0.1403
245 249 0.4515
250 249 0.1364
251 249 0.1073
249 250 0.1364
249 251 0.1073
256 251 0.7337
259 251 0.2082
213 252 0.1819
253 252 0.4122
254 252 0.2698
252 253 0.4122
252 254 0.2698
568 254 0.6341
569 254 0.1431
256 255 0.6223
564 255 0.1163
568 255 0.6983
251 256 0.7337
255 256 0.6223
257 256 0.4388
256 257 0.4388
258 257 0.1882
566 257 0.0973
257 258 0.1882
251 259 0.2082
235 260 0.2916
261 260 0.0348
262 260 0.0452
263 260 0.7553
260 261 0.0348
260 262 0.0452
260 263 0.7553
264 263 0.3519
267 263 0.3842
270 263 0.0366
263 264 0.3519
265 264 0.1623
266 264 0.1127
264 265 0.1623
264 266 0.1127
263 267 0.3842
268 267 0.2132
269 267 0.1258
267 268 0.2132
267 269 0.1258
263 270 0.0366
119 271 0.129
272 271 0.2384
278 271 0.3405
271 272 0.2384
273 272 0.0492
274 272 0.0081
275 272 0.1618
272 273 0.0492
272 274 0.0081
272 275 0.1618
276 275 0.2077
277 275 0.2033
275 276 0.2077
275 277 0.2033
271 278 0.3405
279 278 0.2034
284 278 0.6498
278 279 0.2034
280 279 0.3382
281 279 0.4149
279 280 0.3382
279 281 0.4149
282 281 0.4492
283 281 0.1846
281 282 0.4492
281 283 0.1846
278 284 0.6498
285 284 0.0986
287 284 0.2426
152 285 0.0089
284 285 0.0986
286 285 0.0377
285 286 0.0377
284 287 0.2426
288 287 0.1202
289 287 0.3011
287 288 0.1202
287 289 0.3011
290 289 0.0739
291 289 0.0613
289 290 0.0739
289 291 0.0613
55 292 0.1968
293 292 0.5074
295 292 0.3112
292 293 0.5074
294 293 0.208
296 293 0.1917
293 294 0.208
295 294 0.2722
304 294 0.2726
128 295 0.0119
292 295 0.3112
294 295 0.2722
305 295 0.3023
293 296 0.1917
297 296 0.0607
298 296 0.0345
296 297 0.0607
298 297 0.4024
302 297 0.1951
296 298 0.0345
297 298 0.4024
299 298 0.1974
300 298 0.1167
78 299 0.8518
298 299 0.1974
301 299 0.0485
298 300 0.1167
299 301 0.0485
297 302 0.1951
303 302 0.3717
304 302 0.0503
302 303 0.3717
304 303 0.1752
411 303 0.2332
294 304 0.2726
302 304 0.0503
303 304 0.1752
295 305 0.3023
306 305 0.3457
314 305 0.0794
154 306 0.0454
305 306 0.3457
307 306 0.2761
306 307 0.2761
308 307 0.4054
403 307 0.0421
307 308 0.4054
309 308 0.138
310 308 0.2648
308 309 0.138
308 310 0.2648
311 310 0.0247
355 310 0.363
310 311 0.0247
312 311 0.1684
313 311 0.1147
311 312 0.1684
311 313 0.1147
305 314 0.0794
409 314 0.427
410 314 0.4151
154 315 0.3517
316 315 0.777
320 315 0.167
154 316 0.5828
315 316 0.777
317 316 1.5684
316 317 1.5684
318 317 0.2905
319 317 0.5663
317 318 0.2905
319 318 0.2589
320 318 0.0287
327 318 0.0968
328 318 0.0543
317 319 0.5663
318 319 0.2589
332 319 0.1936
349 319 0.1864
315 320 0.167
318 320 0.0287
321 320 0.5504
325 320 0.1348
320 321 0.5504
322 321 0.1859
330 321 0.028
321 322 0.1859
323 322 0.1535
324 322 0.2571
330 322 0.184
322 323 0.1535
322 324 0.2571
320 325 0.1348
326 325 0.0579
341 325 0.2796
325 326 0.0579
318 327 0.0968
328 327 0.175
330 327 0.4433
318 328 0.0543
327 328 0.175
329 328 0.0991
328 329 0.0991
331 329 0.5914
332 329 0.165
335 329 0.3211
321 330 0.028
322 330 0.184
327 330 0.4433
331 330 0.0095
329 331 0.5914
330 331 0.0095
339 331 0.3433
343 331 0.0848
319 332 0.1936
329 332 0.165
333 332 0.2358
332 333 0.2358
334 333 0.2275
350 333 0.0128
356 333 0.3154
333 334 0.2275
335 334 0.029
337 334 0.0223
360 334 0.1698
329 335 0.3211
334 335 0.029
336 335 0.3896
335 336 0.3896
337 336 0.4427
348 336 0.0403
334 337 0.0223
336 337 0.4427
338 337 0.0764
337 338 0.0764
331 339 0.3433
340 339 0.0137
341 339 0.1169
339 340 0.0137
325 341 0.2796
339 341 0.1169
342 341 0.0254
341 342 0.0254
331 343 0.0848
344 343 0.0795
345 343 0.2086
343 344 0.0795
343 345 0.2086
346 345 0.1282
347 345 0.0726
345 346 0.1282
345 347 0.0726
336 348 0.0403
319 349 0.1864
350 349 0.2216
351 349 0.3928
333 350 0.0128
349 350 0.2216
351 350 0.504
353 350 0.5131
349 351 0.3928
350 351 0.504
352 351 0.1287
351 352 0.1287
353 352 0.4357
354 352 0.6988
350 353 0.5131
352 353 0.4357
386 353 0.1438
352 354 0.6988
355 354 0.2702
385 354 0.3551
310 355 0.363
354 355 0.2702
374 355 0.6935
333 356 0.3154
357 356 0.4744
365 356 0.3105
356 357 0.4744
358 357 0.0811
359 357 0.1867
357 358 0.0811
357 359 0.1867
334 360 0.1698
361 360 0.2303
362 360 0.0897
360 361 0.2303
363 361 0.1858
364 361 0.1415
360 362 0.0897
361 363 0.1858
361 364 0.1415
356 365 0.3105
366 365 0.2504
371 365 0.0822
372 365 0.1099
365 366 0.2504
367 366 0.0408
368 366 0.2341
366 367 0.0408
366 368 0.2341
369 368 0.1051
370 368 0.1074
368 369 0.1051
368 370 0.1074
365 371 0.0822
365 372 0.1099
373 372 0.0867
386 372 0.123
372 373 0.0867
355 374 0.6935
375 374 0.0265
376 374 0.1952
374 375 0.0265
374 376 0.1952
377 376 0.4527
385 376 0.0469
395 376 0.5299
376 377 0.4527
378 377 0.2364
381 377 0.1322
377 378 0.2364
379 378 0.0291
380 378 0.0338
378 379 0.0291
378 380 0.0338
377 381 0.1322
382 381 0.1902
383 381 0.1604
384 381 0.0652
381 382 0.1902
381 383 0.1604
381 384 0.0652
354 385 0.3551
376 385 0.0469
386 385 0.0496
387 385 0.0411
388 385 0.2869
353 386 0.1438
372 386 0.123
385 386 0.0496
385 387 0.0411
385 388 0.2869
389 388 0.0426
390 388 0.2071
388 389 0.0426
388 390 0.2071
391 390 0.0822
392 390 0.1758
393 390 0.127
394 390 0.1299
390 391 0.0822
390 392 0.1758
390 393 0.127
390 394 0.1299
376 395 0.5299
396 395 0.0871
397 395 0.3109
395 396 0.0871
395 397 0.3109
398 397 0.0491
399 397 0.6002
397 398 0.0491
397 399 0.6002
400 399 0.4517
401 399 0.1133
402 399 0.121
399 400 0.4517
399 401 0.1133
399 402 0.121
307 403 0.0421
404 403 0.0235
405 403 0.2957
403 404 0.0235
403 405 0.2957
406 405 0.0881
407 405 0.0787
408 405 0.1225
405 406 0.0881
405 407 0.0787
405 408 0.1225
314 409 0.427
314 410 0.4151
411 410 0.0684
412 410 0.1582
303 411 0.2332
410 411 0.0684
425 411 0.578
410 412 0.1582
413 412 0.0473
424 412 0.1041
412 413 0.0473
414 413 0.8985
426 413 0.2406
413 414 0.8985
415 414 0.3205
416 414 0.4446
414 415 0.3205
416 415 0.1468
426 415 0.2577
414 416 0.4446
415 416 0.1468
417 416 0.0851
416 417 0.0851
418 417 0.0558
419 417 0.4388
417 418 0.0558
417 419 0.4388
420 419 0.0675
421 419 0.176
419 420 0.0675
419 421 0.176
422 421 0.1795
423 421 0.1537
421 422 0.1795
421 423 0.1537
412 424 0.1041
425 424 0.2415
426 424 0.2134
411 425 0.578
424 425 0.2415
426 425 0.0907
413 426 0.2406
415 426 0.2577
424 426 0.2134
425 426 0.0907
1 427 0.0242
160 427 0.0276
428 427 0.282
435 427 0.0749
161 428 0.0208
427 428 0.282
429 428 0.036
162 429 0.0401
428 429 0.036
430 429 0.3668
436 429 0.0837
437 429 0.3459
429 430 0.3668
431 430 0.2826
434 430 0.2785
430 431 0.2826
432 431 0.4119
437 431 0.7364
431 432 0.4119
433 432 1.7528
457 432 0.3989
163 433 0.1313
177 433 0.0992
432 433 1.7528
430 434 0.2785
427 435 0.0749
436 435 0.2154
453 435 0.269
454 435 0.0431
429 436 0.0837
435 436 0.2154
452 436 0.4132
429 437 0.3459
431 437 0.7364
438 437 0.0117
456 437 0.4407
437 438 0.0117
439 438 1.0032
445 438 1.0272
438 439 1.0032
440 439 0.7241
442 439 0.2416
439 440 0.7241
441 440 0.1154
464 440 0.1678
440 441 0.1154
442 441 0.8489
502 441 0.0331
505 441 0.087
439 442 0.2416
441 442 0.8489
443 442 0.6105
444 442 0.3778
442 443 0.6105
444 443 0.6207
445 443 0.0272
448 443 0.3549
442 444 0.3778
443 444 0.6207
465 444 0.721
490 444 0.0486
438 445 1.0272
443 445 0.0272
446 445 0.4492
445 446 0.4492
447 446 0.8271
448 446 0.5233
449 446 0.1259
446 447 0.8271
443 448 0.3549
446 448 0.5233
449 448 0.0962
465 448 0.5316
446 449 0.1259
448 449 0.0962
450 449 0.4895
449 450 0.4895
451 450 0.5136
452 450 0.4401
468 450 0.1715
450 451 0.5136
436 452 0.4132
450 452 0.4401
453 452 0.3457
435 453 0.269
452 453 0.3457
455 453 0.3529
2 454 0.0887
435 454 0.0431
455 454 0.1879
2 455 0.106
453 455 0.3529
454 455 0.1879
437 456 0.4407
457 456 0.6124
458 456 0.4401
432 457 0.3989
456 457 0.6124
458 457 0.5879
177 458 0.1087
456 458 0.4401
457 458 0.5879
177 459 0.5804
460 459 0.1339
461 459 0.4161
459 460 0.1339
461 460 0.1028
464 460 0.4866
459 461 0.4161
460 461 0.1028
462 461 0.4437
461 462 0.4437
463 462 0.481
508 462 1.2653
462 463 0.481
464 463 0.205
507 463 0.5028
440 464 0.1678
460 464 0.4866
463 464 0.205
444 465 0.721
448 465 0.5316
470 465 0.328
490 465 0.2333
1 466 0.037
467 466 0.5817
473 466 0.0621
466 467 0.5817
468 467 0.2351
470 467 0.0878
450 468 0.1715
467 468 0.2351
469 468 0.1305
468 469 0.1305
465 470 0.328
467 470 0.0878
471 470 0.59
473 470 0.2268
470 471 0.59
472 471 0.1721
500 471 1.3423
471 472 0.1721
473 472 0.3801
479 472 0.0662
466 473 0.0621
470 473 0.2268
472 473 0.3801
476 473 0.261
1 474 0.0199
3 475 0.1121
3 476 0.1187
473 476 0.261
477 476 0.5675
476 477 0.5675
478 477 0.0344
483 477 0.3858
477 478 0.0344
479 478 0.0238
481 478 0.0477
472 479 0.0662
478 479 0.0238
480 479 0.0629
492 479 0.1936
499 479 0.0756
500 479 0.4552
479 480 0.0629
481 480 0.1219
499 480 0.1348
478 481 0.0477
480 481 0.1219
498 481 0.1528
1 482 0.0296
483 482 0.1454
484 482 0.4688
477 483 0.3858
482 483 0.1454
484 483 0.579
485 483 0.0407
4 484 0.1065
482 484 0.4688
483 484 0.579
485 484 0.3241
483 485 0.0407
484 485 0.3241
486 485 0.332
4 486 0.0385
485 486 0.332
487 486 0.1735
700 486 0.1381
486 487 0.1735
488 487 0.6024
489 487 0.533
487 488 0.6024
489 488 0.7133
699 488 0.1335
487 489 0.533
488 489 0.7133
692 489 1.173
444 490 0.0486
465 490 0.2333
491 490 0.7734
490 491 0.7734
492 491 0.1947
500 491 0.5247
501 491 0.905
479 492 0.1936
491 492 0.1947
493 492 0.0919
492 493 0.0919
494 493 0.046
496 493 0.1523
493 494 0.046
495 494 0.651
498 494 0.4417
494 495 0.651
496 495 0.2201
497 495 0.3877
701 495 0.8795
493 496 0.1523
495 496 0.2201
497 496 0.4037
495 497 0.3877
496 497 0.4037
702 497 0.5875
481 498 0.1528
494 498 0.4417
499 498 0.1945
700 498 0.9891
479 499 0.0756
480 499 0.1348
498 499 0.1945
471 500 1.3423
479 500 0.4552
491 500 0.5247
491 501 0.905
502 501 0.5498
702 501 0.0277
441 502 0.0331
501 502 0.5498
503 502 0.5914
502 503 0.5914
504 503 0.0154
604 503 0.313
503 504 0.0154
441 505 0.087
506 505 0.6481
610 505 0.1489
505 506 0.6481
507 506 0.0104
597 506 0.447
463 507 0.5028
506 507 0.0104
508 507 0.6464
515 507 0.2033
597 507 0.0096
462 508 1.2653
507 508 0.6464
509 508 1.1207
508 509 1.1207
510 509 0.4671
512 509 0.7746
184 510 0.0284
509 510 0.4671
511 510 0.0622
510 511 0.0622
509 512 0.7746
513 512 0.199
515 512 0.6373
512 513 0.199
514 513 0.1429
516 513 0.2348
513 514 0.1429
507 515 0.2033
512 515 0.6373
516 515 0.6803
513 516 0.2348
515 516 0.6803
517 516 1.29
598 516 0.0345
516 517 1.29
518 517 0.5467
520 517 0.2904
522 517 0.3743
599 517 0.033
517 518 0.5467
519 518 0.3096
521 518 0.1379
518 519 0.3096
517 520 0.2904
518 521 0.1379
517 522 0.3743
523 522 1.0626
602 522 0.7987
522 523 1.0626
524 523 0.4826
525 523 0.6207
523 524 0.4826
523 525 0.6207
526 525 0.6031
527 525 0.2192
532 525 0.3711
525 526 0.6031
525 527 0.2192
528 527 0.7294
529 527 0.1282
527 528 0.7294
527 529 0.1282
530 529 0.8244
585 529 0.6978
529 530 0.8244
531 530 0.4075
583 530 0.0751
530 531 0.4075
525 532 0.3711
533 532 0.6498
535 532 0.5596
221 533 0.0509
532 533 0.6498
534 533 0.2244
533 534 0.2244
532 535 0.5596
536 535 0.113
537 535 0.5311
535 536 0.113
535 537 0.5311
538 537 0.0692
548 537 0.6557
537 538 0.0692
539 538 0.4316
543 538 0.1194
538 539 0.4316
540 539 0.0878
541 539 0.4442
539 540 0.0878
213 541 0.0601
539 541 0.4442
542 541 0.0548
541 542 0.0548
538 543 0.1194
544 543 0.3509
545 543 0.3521
564 543 0.2488
569 543 0.199
543 544 0.3509
545 544 0.7032
550 544 1.3503
551 544 0.0578
543 545 0.3521
544 545 0.7032
546 545 0.1974
557 545 0.2828
545 546 0.1974
547 546 0.0545
570 546 0.5612
546 547 0.0545
537 548 0.6557
549 548 0.0305
550 548 0.4753
548 549 0.0305
583 549 0.3377
591 549 0.4228
544 550 1.3503
548 550 0.4753
551 550 0.043
544 551 0.0578
550 551 0.043
552 551 0.0704
557 551 0.0281
551 552 0.0704
553 552 0.5056
559 552 0.0501
552 553 0.5056
554 553 0.7337
590 553 0.1525
553 554 0.7337
555 554 0.0815
592 554 0.1716
554 555 0.0815
556 555 0.1307
625 555 0.0452
555 556 0.1307
545 557 0.2828
551 557 0.0281
558 557 0.6734
557 558 0.6734
559 558 0.1796
561 558 0.1387
552 559 0.0501
558 559 0.1796
560 559 0.0358
581 559 0.0899
582 559 0.0906
559 560 0.0358
558 561 0.1387
562 561 0.1693
563 561 0.2375
561 562 0.1693
561 563 0.2375
255 564 0.1163
543 564 0.2488
565 564 0.0984
566 564 0.4785
564 565 0.0984
257 566 0.0973
564 566 0.4785
567 566 0.0652
566 567 0.0652
254 568 0.6341
255 568 0.6983
569 568 0.0869
254 569 0.1431
543 569 0.199
568 569 0.0869
546 570 0.5612
571 570 0.7899
572 570 0.969
570 571 0.7899
570 572 0.969
573 572 0.1956
574 572 0.6349
572 573 0.1956
572 574 0.6349
575 574 0.1064
576 574 0.4232
574 575 0.1064
574 576 0.4232
577 576 0.1263
578 576 0.4472
576 577 0.1263
576 578 0.4472
579 578 0.2893
580 578 0.1307
578 579 0.2893
578 580 0.1307
559 581 0.0899
559 582 0.0906
530 583 0.0751
549 583 0.3377
584 583 0.5461
583 584 0.5461
585 584 0.1009
587 584 0.1409
591 584 0.3643
529 585 0.6978
584 585 0.1009
586 585 0.7424
585 586 0.7424
587 586 0.3766
618 586 0.0653
584 587 0.1409
586 587 0.3766
588 587 0.333
587 588 0.333
589 588 0.1023
627 588 0.0954
588 589 0.1023
590 589 0.251
625 589 0.5599
627 589 0.1967
553 590 0.1525
589 590 0.251
591 590 0.3778
549 591 0.4228
584 591 0.3643
590 591 0.3778
554 592 0.1716
593 592 0.0962
594 592 0.2821
592 593 0.0962
592 594 0.2821
595 594 0.247
596 594 0.2221
594 595 0.247
594 596 0.2221
506 597 0.447
507 597 0.0096
598 597 0.406
516 598 0.0345
597 598 0.406
599 598 0.5952
517 599 0.033
598 599 0.5952
603 599 0.6242
601 600 0.6242
603 600 0.7022
617 600 1.29
600 601 0.6242
522 602 0.7987
599 603 0.6242
600 603 0.7022
624 603 0.1462
503 604 0.313
605 604 0.0515
615 604 0.4143
604 605 0.0515
606 605 0.085
607 605 0.1607
608 605 0.1042
605 606 0.085
605 607 0.1607
605 608 0.1042
609 608 0.021
610 608 0.4067
608 609 0.021
505 610 0.1489
608 610 0.4067
611 610 0.2836
612 610 0.646
610 611 0.2836
610 612 0.646
613 612 0.0775
614 612 0.212
612 613 0.0775
612 614 0.212
604 615 0.4143
616 615 0.1658
708 615 0.4184
615 616 0.1658
600 617 1.29
618 617 0.4144
622 617 0.0165
624 617 0.0775
586 618 0.0653
617 618 0.4144
619 618 0.1062
621 618 0.1257
618 619 0.1062
620 619 0.7052
654 619 0.1078
619 620 0.7052
621 620 0.6734
622 620 0.7163
731 620 0.0764
618 621 0.1257
620 621 0.6734
622 621 0.4312
617 622 0.0165
620 622 0.7163
621 622 0.4312
623 622 0.4953
622 623 0.4953
624 623 0.0684
730 623 0.2202
603 624 0.1462
617 624 0.0775
623 624 0.0684
555 625 0.0452
589 625 0.5599
626 625 0.1223
628 625 0.1981
625 626 0.1223
588 627 0.0954
589 627 0.1967
628 627 0.9217
625 628 0.1981
627 628 0.9217
629 628 0.6689
628 629 0.6689
630 629 0.1151
633 629 0.8562
629 630 0.1151
631 630 0.1566
635 630 0.1151
640 630 0.4778
630 631 0.1566
632 631 0.1367
637 631 0.1753
631 632 0.1367
629 633 0.8562
634 633 0.6882
659 633 0.1322
633 634 0.6882
635 634 0.4593
649 634 0.1204
630 635 0.1151
634 635 0.4593
636 635 0.4083
635 636 0.4083
637 636 0.2107
641 636 0.6949
631 637 0.1753
636 637 0.2107
638 637 0.0487
637 638 0.0487
639 638 0.0926
641 638 0.2023
638 639 0.0926
630 640 0.4778
636 641 0.6949
638 641 0.2023
642 641 0.4684
641 642 0.4684
643 642 0.1064
644 642 0.1463
642 643 0.1064
642 644 0.1463
645 644 0.1858
646 644 0.4965
644 645 0.1858
644 646 0.4965
647 646 0.272
648 646 0.2922
646 647 0.272
646 648 0.2922
634 649 0.1204
650 649 0.077
651 649 0.1934
649 650 0.077
649 651 0.1934
652 651 0.2207
653 651 0.3197
651 652 0.2207
651 653 0.3197
619 654 0.1078
655 654 0.0342
659 654 0.4419
654 655 0.0342
656 655 0.22
657 655 0.0831
655 656 0.22
655 657 0.0831
658 657 0.0542
671 657 0.0562
741 657 0.042
657 658 0.0542
633 659 0.1322
654 659 0.4419
660 659 0.6378
659 660 0.6378
661 660 0.096
667 660 0.029
660 661 0.096
662 661 0.0679
673 661 0.5397
661 662 0.0679
663 662 0.0606
673 662 0.0091
662 663 0.0606
664 663 0.2001
687 663 0.2355
663 664 0.2001
665 664 0.2452
666 664 0.3011
664 665 0.2452
666 665 0.0792
670 665 0.2004
664 666 0.3011
665 666 0.0792
667 666 0.2632
660 667 0.029
666 667 0.2632
668 667 0.0134
671 667 0.0799
667 668 0.0134
669 668 1.0589
672 668 0.264
668 669 1.0589
670 669 0.0751
767 669 0.9174
665 670 0.2004
669 670 0.0751
769 670 0.1192
657 671 0.0562
667 671 0.0799
672 671 0.4733
668 672 0.264
671 672 0.4733
743 672 1.058
661 673 0.5397
662 673 0.0091
674 673 0.0391
675 673 0.0786
673 674 0.0391
673 675 0.0786
676 675 0.0586
677 675 0.5147
675 676 0.0586
675 677 0.5147
678 677 0.21
683 677 0.0894
684 677 0.2945
677 678 0.21
679 678 0.2079
682 678 0.2306
678 679 0.2079
680 679 0.2743
681 679 0.0876
679 680 0.2743
679 681 0.0876
678 682 0.2306
677 683 0.0894
677 684 0.2945
685 684 0.389
686 684 0.1539
684 685 0.389
684 686 0.1539
663 687 0.2355
688 687 0.0855
689 687 0.2621
687 688 0.0855
687 689 0.2621
690 689 0.2007
691 689 0.0384
770 689 0.0349
689 690 0.2007
689 691 0.0384
790 691 0.4462
798 691 1.4697
5 692 0.1022
489 692 1.173
693 692 0.13
692 693 0.13
694 693 0.1931
713 693 1.0059
693 694 0.1931
695 694 0.0792
697 694 0.0995
694 695 0.0792
696 695 0.4448
723 695 0.3037
695 696 0.4448
697 696 0.3239
939 696 0.1151
5 697 0.0989
694 697 0.0995
696 697 0.3239
698 697 0.2993
697 698 0.2993
488 699 0.1335
700 699 0.554
709 699 0.5675
710 699 0.6443
713 699 0.5807
486 700 0.1381
498 700 0.9891
699 700 0.554
701 700 0.3267
495 701 0.8795
700 701 0.3267
702 701 0.1974
709 701 1.3682
497 702 0.5875
501 702 0.0277
701 702 0.1974
703 702 0.3967
702 703 0.3967
704 703 0.3092
708 703 0.1215
703 704 0.3092
705 704 0.2327
706 704 0.5727
704 705 0.2327
706 705 0.4452
707 705 0.5023
704 706 0.5727
705 706 0.4452
707 706 0.2767
709 706 0.1286
705 707 0.5023
706 707 0.2767
708 707 0.0676
728 707 0.181
615 708 0.4184
703 708 0.1215
707 708 0.0676
724 708 0.3636
726 708 0.2842
699 709 0.5675
701 709 1.3682
706 709 0.1286
699 710 0.6443
711 710 0.7158
712 710 1.3004
710 711 0.7158
712 711 0.7117
716 711 0.2999
710 712 1.3004
711 712 0.7117
713 712 0.9107
714 712 0.1376
693 713 1.0059
699 713 0.5807
712 713 0.9107
712 714 0.1376
715 714 0.1235
716 714 0.0653
714 715 0.1235
711 716 0.2999
714 716 0.0653
717 716 0.5747
716 717 0.5747
718 717 0.0289
722 717 0.7758
717 718 0.0289
719 718 0.375
723 718 0.0641
718 719 0.375
720 719 0.2417
861 719 0.2798
719 720 0.2417
721 720 0.1492
722 720 0.3229
720 721 0.1492
722 721 0.3663
729 721 0.1561
717 722 0.7758
720 722 0.3229
721 722 0.3663
695 723 0.3037
718 723 0.0641
891 723 0.0723
708 724 0.3636
725 724 0.2749
726 724 0.8532
724 725 0.2749
708 726 0.2842
724 726 0.8532
727 726 0.2061
726 727 0.2061
728 727 0.7924
730 727 0.4264
707 728 0.181
727 728 0.7924
729 728 0.2008
721 729 0.1561
728 729 0.2008
734 729 0.693
861 729 0.0281
623 730 0.2202
727 730 0.4264
733 730 0.0247
620 731 0.0764
732 731 0.1224
739 731 1.148
740 731 0.499
731 732 0.1224
730 733 0.0247
734 733 0.1742
739 733 0.6406
744 733 0.1732
729 734 0.693
733 734 0.1742
735 734 0.3294
744 734 0.1872
734 735 0.3294
736 735 0.6798
757 735 0.2209
735 736 0.6798
737 736 0.1746
745 736 0.7669
736 737 0.1746
738 737 0.0743
739 737 0.5271
737 738 0.0743
731 739 1.148
733 739 0.6406
737 739 0.5271
744 739 0.0957
731 740 0.499
741 740 0.0698
742 740 0.2104
657 741 0.042
740 741 0.0698
742 741 0.2026
740 742 0.2104
741 742 0.2026
743 742 0.0243
672 743 1.058
742 743 0.0243
752 743 0.4286
733 744 0.1732
734 744 0.1872
739 744 0.0957
736 745 0.7669
746 745 0.7616
756 745 0.0302
759 745 0.6489
745 746 0.7616
747 746 0.551
748 746 0.7179
746 747 0.551
746 748 0.7179
749 748 1.1285
750 748 1.1608
748 749 1.1285
748 750 1.1608
751 750 0.461
752 750 1.059
750 751 0.461
743 752 0.4286
750 752 1.059
753 752 0.5227
754 752 0.1628
752 753 0.5227
752 754 0.1628
755 754 0.0559
761 754 0.2865
763 754 0.8285
754 755 0.0559
745 756 0.0302
757 756 0.0838
862 756 0.2279
865 756 0.5464
735 757 0.2209
756 757 0.0838
758 757 0.0427
757 758 0.0427
745 759 0.6489
760 759 0.179
761 759 0.8584
759 760 0.179
754 761 0.2865
759 761 0.8584
762 761 0.2468
761 762 0.2468
754 763 0.8285
764 763 0.8097
780 763 0.5731
763 764 0.8097
765 764 0.2466
766 764 0.0447
764 765 0.2466
764 766 0.0447
669 767 0.9174
768 767 1.1045
782 767 0.0231
767 768 1.1045
769 768 0.2732
770 768 0.3415
771 768 0.3779
772 768 0.0309
670 769 0.1192
768 769 0.2732
770 769 0.2633
689 770 0.0349
768 770 0.3415
769 770 0.2633
768 771 0.3779
772 771 0.0181
798 771 0.206
768 772 0.0309
771 772 0.0181
773 772 0.104
772 773 0.104
774 773 0.1112
777 773 0.0644
773 774 0.1112
775 774 0.1192
776 774 0.2449
774 775 0.1192
776 775 0.4184
799 775 0.1226
774 776 0.2449
775 776 0.4184
777 776 0.2382
779 776 0.1207
801 776 0.2027
773 777 0.0644
776 777 0.2382
778 777 0.0663
777 778 0.0663
779 778 0.4212
789 778 0.473
776 779 0.1207
778 779 0.4212
802 779 0.1938
763 780 0.5731
781 780 1.0539
785 780 0.0673
780 781 1.0539
782 781 0.322
783 781 0.744
767 782 0.0231
781 782 0.322
783 782 0.4468
781 783 0.744
782 783 0.4468
784 783 0.1976
789 783 0.3476
783 784 0.1976
780 785 0.0673
786 785 0.0976
853 785 0.8224
785 786 0.0976
787 786 0.1604
868 786 0.088
786 787 0.1604
788 787 0.0465
871 787 0.5872
787 788 0.0465
778 789 0.473
783 789 0.3476
840 789 0.3209
848 789 0.0181
691 790 0.4462
791 790 0.5875
797 790 0.0187
790 791 0.5875
792 791 0.0749
805 791 0.046
806 791 0.0726
809 791 0.3283
791 792 0.0749
793 792 0.0519
794 792 0.0369
792 793 0.0519
794 793 0.0497
826 793 0.0358
792 794 0.0369
793 794 0.0497
795 794 0.1749
797 794 0.2621
794 795 0.1749
796 795 0.1186
825 795 0.4122
795 796 0.1186
797 796 0.5285
804 796 0.3948
790 797 0.0187
794 797 0.2621
796 797 0.5285
691 798 1.4697
771 798 0.206
799 798 0.3156
775 799 0.1226
798 799 0.3156
800 799 0.0232
799 800 0.0232
801 800 0.2892
804 800 0.2643
776 801 0.2027
800 801 0.2892
802 801 0.0732
779 802 0.1938
801 802 0.0732
803 802 0.9398
802 803 0.9398
804 803 0.0395
824 803 0.3429
796 804 0.3948
800 804 0.2643
803 804 0.0395
791 805 0.046
791 806 0.0726
807 806 0.2619
808 806 0.1617
806 807 0.2619
806 808 0.1617
791 809 0.3283
810 809 0.0862
811 809 2.4546
809 810 0.0862
809 811 2.4546
812 811 0.0935
813 811 1.9968
811 812 0.0935
811 813 1.9968
814 813 0.099
815 813 0.8306
817 813 0.054
818 813 0.0749
827 813 0.0226
813 814 0.099
813 815 0.8306
816 815 0.2727
819 815 0.3765
815 816 0.2727
813 817 0.054
813 818 0.0749
815 819 0.3765
820 819 0.1393
821 819 0.1072
822 819 0.2151
823 819 0.6293
819 820 0.1393
819 821 0.1072
819 822 0.2151
819 823 0.6293
803 824 0.3429
825 824 0.4878
847 824 0.0933
795 825 0.4122
824 825 0.4878
826 825 0.5974
980 825 0.2723
793 826 0.0358
825 826 0.5974
827 826 0.817
813 827 0.0226
826 827 0.817
828 827 0.1095
831 827 0.114
834 827 0.5804
827 828 0.1095
829 828 0.0177
830 828 0.0733
828 829 0.0177
828 830 0.0733
827 831 0.114
832 831 0.1392
833 831 0.1142
831 832 0.1392
831 833 0.1142
827 834 0.5804
835 834 0.1108
836 834 0.7994
834 835 0.1108
834 836 0.7994
837 836 0.2758
838 836 0.1845
839 836 0.1224
836 837 0.2758
836 838 0.1845
836 839 0.1224
789 840 0.3209
841 840 0.0465
842 840 0.7616
840 841 0.0465
842 841 0.2709
852 841 0.2708
840 842 0.7616
841 842 0.2709
843 842 1.2661
842 843 1.2661
844 843 0.0446
846 843 0.2959
843 844 0.0446
845 844 0.3372
852 844 0.0242
1005 844 0.1537
844 845 0.3372
846 845 0.1159
859 845 0.1622
843 846 0.2959
845 846 0.1159
847 846 0.1002
858 846 0.3429
824 847 0.0933
846 847 0.1002
990 847 0.3029
789 848 0.0181
849 848 0.069
850 848 0.2825
848 849 0.069
848 850 0.2825
851 850 0.2183
852 850 0.6281
850 851 0.2183
841 852 0.2708
844 852 0.0242
850 852 0.6281
853 852 0.1052
855 852 0.6394
785 853 0.8224
852 853 0.1052
854 853 0.5033
853 854 0.5033
855 854 0.1834
856 854 0.3929
871 854 0.438
852 855 0.6394
854 855 0.1834
856 855 0.1693
854 856 0.3929
855 856 0.1693
857 856 0.1501
878 856 0.1607
1005 856 0.0213
856 857 0.1501
846 858 0.3429
859 858 0.017
860 858 0.3817
989 858 0.9174
845 859 0.1622
858 859 0.017
860 859 0.0628
858 860 0.3817
859 860 0.0628
1000 860 0.0675
1001 860 0.0559
1009 860 0.3219
719 861 0.2798
729 861 0.0281
862 861 0.9461
756 862 0.2279
861 862 0.9461
863 862 0.0275
865 862 0.0235
862 863 0.0275
864 863 0.4283
891 863 0.3823
863 864 0.4283
756 865 0.5464
862 865 0.0235
866 865 0.0431
868 865 0.0562
865 866 0.0431
867 866 0.0758
903 866 0.2248
866 867 0.0758
786 868 0.088
865 868 0.0562
869 868 0.0147
870 868 0.0501
868 869 0.0147
868 870 0.0501
787 871 0.5872
854 871 0.438
872 871 0.206
871 872 0.206
873 872 0.0541
874 872 0.2641
872 873 0.0541
872 874 0.2641
875 874 0.0813
876 874 0.0922
877 874 0.1129
874 875 0.0813
874 876 0.0922
874 877 0.1129
856 878 0.1607
879 878 0.1732
880 878 0.0904
881 878 0.0637
878 879 0.1732
880 879 0.618
882 879 0.6988
878 880 0.0904
879 880 0.618
917 880 0.4498
878 881 0.0637
879 882 0.6988
883 882 0.4077
888 882 0.5621
882 883 0.4077
884 883 0.2705
885 883 0.2897
883 884 0.2705
883 885 0.2897
886 885 0.1071
887 885 0.1504
885 886 0.1071
885 887 0.1504
882 888 0.5621
889 888 0.067
890 888 0.0593
888 889 0.067
888 890 0.0593
723 891 0.0723
863 891 0.3823
892 891 0.4688
891 892 0.4688
893 892 0.3852
940 892 0.1888
892 893 0.3852
894 893 0.7593
895 893 0.2544
893 894 0.7593
893 895 0.2544
896 895 0.0461
897 895 0.7955
895 896 0.0461
897 896 0.4943
898 896 0.551
895 897 0.7955
896 897 0.4943
898 897 0.8718
896 898 0.551
897 898 0.8718
899 898 0.3184
900 898 0.0942
910 898 0.3271
941 898 0.0275
898 899 0.3184
898 900 0.0942
901 900 0.1491
907 900 0.6601
900 901 0.1491
902 901 0.1334
906 901 0.1993
901 902 0.1334
866 903 0.2248
904 903 0.1233
905 903 0.0442
903 904 0.1233
903 905 0.0442
901 906 0.1993
900 907 0.6601
908 907 0.339
910 907 0.4234
907 908 0.339
909 908 0.1013
916 908 0.5356
908 909 0.1013
898 910 0.3271
907 910 0.4234
911 910 0.1934
912 910 0.5995
915 910 0.4448
910 911 0.1934
910 912 0.5995
913 912 0.207
914 912 0.1946
912 913 0.207
912 914 0.1946
910 915 0.4448
916 915 0.0204
923 915 0.9579
937 915 0.036
908 916 0.5356
915 916 0.0204
917 916 0.1864
880 917 0.4498
916 917 0.1864
918 917 0.0847
919 917 0.1737
922 917 0.05
917 918 0.0847
917 919 0.1737
920 919 0.0398
921 919 0.0323
919 920 0.0398
919 921 0.0323
917 922 0.05
915 923 0.9579
924 923 0.0534
935 923 0.8197
923 924 0.0534
925 924 0.1918
926 924 0.024
924 925 0.1918
926 925 0.6618
927 925 0.3475
924 926 0.024
925 926 0.6618
932 926 0.1004
925 927 0.3475
928 927 0.147
929 927 0.1125
927 928 0.147
927 929 0.1125
930 929 0.26
931 929 0.1107
929 930 0.26
929 931 0.1107
926 932 0.1004
933 932 0.081
934 932 0.7536
932 933 0.081
934 933 0.9515
935 933 0.2306
932 934 0.7536
933 934 0.9515
942 934 0.4275
923 935 0.8197
933 935 0.2306
936 935 0.0121
938 935 0.0429
935 936 0.0121
915 937 0.036
935 938 0.0429
696 939 0.1151
892 940 0.1888
898 941 0.0275
934 942 0.4275
943 942 0.1354
944 942 1.0286
942 943 0.1354
942 944 1.0286
945 944 0.1361
946 944 0.8658
944 945 0.1361
944 946 0.8658
947 946 0.0892
949 946 0.4132
946 947 0.0892
948 947 0.0555
949 947 0.1123
947 948 0.0555
946 949 0.4132
947 949 0.1123
950 949 0.7153
949 950 0.7153
951 950 0.0828
952 950 0.5063
950 951 0.0828
950 952 0.5063
953 952 0.7734
954 952 0.028
955 952 0.6013
952 953 0.7734
952 954 0.028
952 955 0.6013
956 955 0.2647
958 955 0.8889
955 956 0.2647
957 956 0.3198
958 956 0.3504
956 957 0.3198
955 958 0.8889
956 958 0.3504
959 958 0.0971
960 958 0.8396
958 959 0.0971
958 960 0.8396
961 960 0.0782
962 960 0.1782
965 960 0.4677
974 960 0.811
960 961 0.0782
960 962 0.1782
963 962 0.1469
964 962 0.1012
962 963 0.1469
962 964 0.1012
960 965 0.4677
966 965 0.1825
967 965 0.4376
965 966 0.1825
965 967 0.4376
968 967 0.476
971 967 0.4105
967 968 0.476
969 968 0.1282
970 968 0.2179
968 969 0.1282
968 970 0.2179
967 971 0.4105
972 971 0.2966
973 971 0.2308
971 972 0.2966
971 973 0.2308
960 974 0.811
975 974 0.2637
976 974 0.2555
977 974 0.1713
978 974 0.208
979 974 0.1097
974 975 0.2637
974 976 0.2555
974 977 0.1713
974 978 0.208
974 979 0.1097
825 980 0.2723
981 980 0.0888
990 980 0.5206
980 981 0.0888
982 981 0.078
985 981 0.0232
981 982 0.078
983 982 0.4697
989 982 0.9416
982 983 0.4697
984 983 0.2496
993 983 0.1185
983 984 0.2496
985 984 0.2635
991 984 0.1955
981 985 0.0232
984 985 0.2635
986 985 0.3861
985 986 0.3861
987 986 0.1814
988 986 0.2264
991 986 0.2683
986 987 0.1814
986 988 0.2264
858 989 0.9174
982 989 0.9416
990 989 0.2582
847 990 0.3029
980 990 0.5206
989 990 0.2582
984 991 0.1955
986 991 0.2683
992 991 0.106
991 992 0.106
983 993 0.1185
994 993 0.4519
995 993 0.1583
996 993 0.4216
993 994 0.4519
993 995 0.1583
993 996 0.4216
997 996 0.1156
998 996 0.1643
999 996 0.1245
996 997 0.1156
996 998 0.1643
996 999 0.1245
860 1000 0.0675
860 1001 0.0559
1002 1001 0.084
1003 1001 0.1172
1004 1001 0.0473
1001 1002 0.084
1001 1003 0.1172
1001 1004 0.0473
844 1005 0.1537
856 1005 0.0213
1006 1005 0.1056
1005 1006 0.1056
1007 1006 0.1231
1008 1006 0.0329
1006 1007 0.1231
1006 1008 0.0329
860 1009 0.3219
1010 1009 0.1473
1015 1009 0.3052
1009 1010 0.1473
1011 1010 0.1913
1014 1010 0.0849
1010 1011 0.1913
1012 1011 0.1873
1013 1011 0.2096
1011 1012 0.1873
1011 1013 0.2096
1010 1014 0.0849
1009 1015 0.3052
1016 1015 0.0464
1017 1015 0.1343
1024 1015 0.1802
1015 1016 0.0464
1015 1017 0.1343
1018 1017 0.3789
1019 1017 0.5063
1017 1018 0.3789
1017 1019 0.5063
1020 1019 0.0684
1021 1019 0.576
1019 1020 0.0684
1019 1021 0.576
1022 1021 0.273
1023 1021 0.263
1021 1022 0.273
1021 1023 0.263
1015 1024 0.1802
1025 1024 0.1055
1026 1024 0.3127
1029 1024 0.0347
1024 1025 0.1055
1024 1026 0.3127
1027 1026 0.1977
1028 1026 0.1418
1026 1027 0.1977
1026 1028 0.1418
1024 1029 0.0347
