2 1 0.0239
3 1 0.021
14 1 0.0143
21 1 0.0202
47 1 0.0065
81 1 0.0133
82 1 0.0204
508 1 0.0135
1 2 0.0239
506 2 0.0867
507 2 0.1465
1 3 0.021
15 3 0.0479
16 3 0.0209
5 4 0.0507
18 4 0.0679
19 4 0.1059
52 4 0.0225
53 4 0.0236
4 5 0.0507
7 6 0.0905
14 6 0.2001
33 6 0.0572
6 7 0.0905
8 7 0.0339
25 7 0.1014
7 8 0.0339
24 8 0.0646
427 8 0.0357
428 8 0.1419
10 9 0.0391
22 9 0.0146
428 9 0.0976
9 10 0.0391
11 10 0.0179
22 10 0.0186
10 11 0.0179
12 11 0.1557
419 11 0.0509
11 12 0.1557
13 12 0.0976
21 12 0.1089
12 13 0.0976
420 13 0.1303
507 13 0.0612
1 14 0.0143
6 14 0.2001
35 14 0.0229
3 15 0.0479
16 15 0.0482
18 15 0.1449
35 15 0.0386
3 16 0.0209
15 16 0.0482
17 16 0.0524
20 16 0.1074
16 17 0.0524
18 17 0.2837
19 17 0.1165
4 18 0.0679
15 18 0.1449
17 18 0.2837
4 19 0.1059
17 19 0.1165
20 19 0.0369
16 20 0.1074
19 20 0.0369
48 20 0.1009
49 20 0.0877
52 20 0.0087
1 21 0.0202
12 21 0.1089
22 21 0.0198
23 21 0.021
9 22 0.0146
10 22 0.0186
21 22 0.0198
21 23 0.021
8 24 0.0646
25 24 0.1183
32 24 0.1504
427 24 0.0481
7 25 0.1014
24 25 0.1183
26 25 0.2869
25 26 0.2869
27 26 0.1704
32 26 0.2615
26 27 0.1704
28 27 0.1404
33 27 0.3473
27 28 0.1404
29 28 0.0782
43 28 0.0543
28 29 0.0782
30 29 0.1833
72 29 0.03
75 29 0.136
76 29 0.0236
29 30 0.1833
31 30 0.1101
413 30 0.0271
415 30 0.0452
30 31 0.1101
32 31 0.1377
415 31 0.0404
24 32 0.1504
26 32 0.2615
31 32 0.1377
415 32 0.0048
6 33 0.0572
27 33 0.3473
34 33 0.2234
33 34 0.2234
35 34 0.0528
39 34 0.0287
14 35 0.0229
15 35 0.0386
34 35 0.0528
36 35 0.0806
35 36 0.0806
37 36 0.0561
39 36 0.0158
36 37 0.0561
38 37 0.0173
40 37 0.0285
37 38 0.0173
39 38 0.0855
43 38 0.3656
34 39 0.0287
36 39 0.0158
38 39 0.0855
37 40 0.0285
41 40 0.4647
73 40 0.3121
74 40 0.0349
40 41 0.4647
42 41 0.0219
45 41 0.1203
41 42 0.0219
28 43 0.0543
38 43 0.3656
44 43 0.0605
45 43 0.3081
43 44 0.0605
41 45 0.1203
43 45 0.3081
46 45 0.0228
45 46 0.0228
1 47 0.0065
48 47 0.0628
51 47 0.1271
20 48 0.1009
47 48 0.0628
49 48 0.0556
20 49 0.0877
48 49 0.0556
50 49 0.0287
49 50 0.0287
51 50 0.0055
57 50 0.0447
47 51 0.1271
50 51 0.0055
58 51 0.0639
4 52 0.0225
20 52 0.0087
56 52 0.0645
57 52 0.0235
4 53 0.0236
54 53 0.118
56 53 0.1165
61 53 0.0099
53 54 0.118
55 54 0.1237
62 54 0.0873
54 55 0.1237
56 55 0.1048
169 55 0.0135
52 56 0.0645
53 56 0.1165
55 56 0.1048
50 57 0.0447
52 57 0.0235
59 57 0.0804
175 57 0.0532
51 58 0.0639
59 58 0.0249
60 58 0.0392
87 58 0.0427
90 58 0.0506
57 59 0.0804
58 59 0.0249
60 59 0.0686
58 60 0.0392
59 60 0.0686
90 60 0.0274
180 60 0.0862
53 61 0.0099
147 61 0.0513
158 61 0.0064
54 62 0.0873
63 62 0.0842
71 62 0.0873
62 63 0.0842
64 63 0.3349
70 63 0.0285
63 64 0.3349
65 64 0.1411
68 64 0.0113
169 64 0.0851
170 64 0.1525
64 65 0.1411
66 65 0.0233
69 65 0.0154
65 66 0.0233
67 66 0.1507
158 66 0.1851
66 67 0.1507
174 67 0.0535
185 67 0.1428
64 68 0.0113
65 69 0.0154
63 70 0.0285
62 71 0.0873
29 72 0.03
73 72 0.0104
76 72 0.1345
80 72 0.0801
109 72 0.0427
40 73 0.3121
72 73 0.0104
77 73 0.1843
40 74 0.0349
29 75 0.136
29 76 0.0236
72 76 0.1345
91 76 0.0775
417 76 0.0048
418 76 0.0124
73 77 0.1843
78 77 0.0572
80 77 0.018
77 78 0.0572
79 78 0.0469
110 78 0.1008
152 78 0.1158
78 79 0.0469
80 79 0.0765
131 79 0.0202
72 80 0.0801
77 80 0.018
79 80 0.0765
109 80 0.0343
1 81 0.0133
82 81 0.0347
87 81 0.0059
200 81 0.0179
1 82 0.0204
81 82 0.0347
83 82 0.0329
82 83 0.0329
84 83 0.0995
86 83 0.0633
201 83 0.0896
83 84 0.0995
85 84 0.2441
202 84 0.1676
203 84 0.1848
206 84 0.2064
84 85 0.2441
83 86 0.0633
58 87 0.0427
81 87 0.0059
88 87 0.0196
87 88 0.0196
89 88 0.2037
200 88 0.0584
88 89 0.2037
90 89 0.0188
194 89 0.1269
58 90 0.0506
60 90 0.0274
89 90 0.0188
76 91 0.0775
92 91 0.0191
95 91 0.1346
91 92 0.0191
93 92 0.0073
108 92 0.0024
417 92 0.0177
92 93 0.0073
94 93 0.0236
416 93 0.019
93 94 0.0236
91 95 0.1346
96 95 0.1663
109 95 0.0032
95 96 0.1663
97 96 0.1447
99 96 0.0731
96 97 0.1447
98 97 0.1747
101 97 0.04
107 97 0.0019
97 98 0.1747
99 98 0.0394
100 98 0.0064
96 99 0.0731
98 99 0.0394
100 99 0.0181
98 100 0.0064
99 100 0.0181
109 100 0.202
129 100 0.0385
131 100 0.1519
97 101 0.04
102 101 0.0241
103 101 0.0212
106 101 0.0101
101 102 0.0241
101 103 0.0212
104 103 0.0122
105 103 0.0124
103 104 0.0122
103 105 0.0124
101 106 0.0101
97 107 0.0019
92 108 0.0024
72 109 0.0427
80 109 0.0343
95 109 0.0032
100 109 0.202
78 110 0.1008
111 110 0.2169
131 110 0.0158
151 110 0.0128
110 111 0.2169
112 111 0.1366
129 111 0.0048
132 111 0.0148
111 112 0.1366
113 112 0.1229
123 112 0.0243
112 113 0.1229
114 113 0.0054
115 113 0.1513
113 114 0.0054
113 115 0.1513
116 115 0.0459
122 115 0.1162
115 116 0.0459
117 116 0.0034
118 116 0.0632
121 116 0.0113
116 117 0.0034
116 118 0.0632
119 118 0.0052
120 118 0.0201
118 119 0.0052
118 120 0.0201
116 121 0.0113
115 122 0.1162
123 122 0.0549
126 122 0.0208
127 122 0.0095
112 123 0.0243
122 123 0.0549
124 123 0.1059
128 123 0.006
123 124 0.1059
125 124 0.0079
129 124 0.0542
124 125 0.0079
122 126 0.0208
122 127 0.0095
123 128 0.006
100 129 0.0385
111 129 0.0048
124 129 0.0542
130 129 0.0061
129 130 0.0061
79 131 0.0202
100 131 0.1519
110 131 0.0158
111 132 0.0148
133 132 0.0174
134 132 0.0429
132 133 0.0174
132 134 0.0429
135 134 0.0249
136 134 0.0728
146 134 0.0205
134 135 0.0249
134 136 0.0728
137 136 0.0812
140 136 0.0416
136 137 0.0812
138 137 0.0053
139 137 0.0052
137 138 0.0053
137 139 0.0052
136 140 0.0416
141 140 0.0104
144 140 0.0287
145 140 0.0186
140 141 0.0104
142 141 0.0132
143 141 0.0131
141 142 0.0132
141 143 0.0131
140 144 0.0287
140 145 0.0186
134 146 0.0205
149 146 0.0556
156 146 0.0078
61 147 0.0513
148 147 0.0803
166 147 0.0329
147 148 0.0803
149 148 0.0249
157 148 0.0218
146 149 0.0556
148 149 0.0249
150 149 0.041
153 149 0.0292
149 150 0.041
110 151 0.0128
78 152 0.1158
149 153 0.0292
154 153 0.0058
155 153 0.0029
153 154 0.0058
153 155 0.0029
146 156 0.0078
148 157 0.0218
61 158 0.0064
66 158 0.1851
159 158 0.0947
158 159 0.0947
160 159 0.3264
163 159 0.1115
159 160 0.3264
161 160 0.1935
168 160 0.0206
187 160 0.075
160 161 0.1935
162 161 0.0274
188 161 0.0596
161 162 0.0274
159 163 0.1115
164 163 0.0083
165 163 0.0087
163 164 0.0083
163 165 0.0087
166 165 0.0059
167 165 0.0077
147 166 0.0329
165 166 0.0059
167 166 0.0144
165 167 0.0077
166 167 0.0144
168 167 0.0085
160 168 0.0206
167 168 0.0085
181 168 0.0723
184 168 0.0113
55 169 0.0135
64 169 0.0851
171 169 0.0431
64 170 0.1525
171 170 0.1699
174 170 0.1163
169 171 0.0431
170 171 0.1699
172 171 0.0707
171 172 0.0707
173 172 0.0537
176 172 0.1958
172 173 0.0537
174 173 0.0445
208 173 0.0429
67 174 0.0535
170 174 0.1163
173 174 0.0445
57 175 0.0532
176 175 0.2106
180 175 0.0886
172 176 0.1958
175 176 0.2106
177 176 0.0931
176 177 0.0931
178 177 0.1628
210 177 0.0188
177 178 0.1628
179 178 0.0053
180 178 0.1675
178 179 0.0053
198 179 0.0676
213 179 0.0515
236 179 0.0618
60 180 0.0862
175 180 0.0886
178 180 0.1675
168 181 0.0723
182 181 0.014
183 181 0.0277
181 182 0.014
181 183 0.0277
168 184 0.0113
67 185 0.1428
186 185 0.1346
193 185 0.1744
208 185 0.0704
185 186 0.1346
187 186 0.0646
209 186 0.0883
160 187 0.075
186 187 0.0646
188 187 0.1581
209 187 0.0427
161 188 0.0596
187 188 0.1581
189 188 0.2143
209 188 0.0495
188 189 0.2143
190 189 0.0082
212 189 0.1503
189 190 0.0082
191 190 0.0196
192 190 0.0129
190 191 0.0196
190 192 0.0129
185 193 0.1744
89 194 0.1269
195 194 0.0066
196 194 0.123
218 194 0.0122
194 195 0.0066
194 196 0.123
197 196 0.0229
198 196 0.1332
196 197 0.0229
179 198 0.0676
196 198 0.1332
199 198 0.0308
198 199 0.0308
81 200 0.0179
88 200 0.0584
201 200 0.033
83 201 0.0896
200 201 0.033
202 201 0.1162
84 202 0.1676
201 202 0.1162
203 202 0.1333
84 203 0.1848
202 203 0.1333
204 203 0.0468
203 204 0.0468
205 204 0.0347
206 204 0.1341
204 205 0.0347
206 205 0.2707
217 205 0.139
220 205 0.0353
84 206 0.2064
204 206 0.1341
205 206 0.2707
207 206 0.168
206 207 0.168
173 208 0.0429
185 208 0.0704
209 208 0.1095
186 209 0.0883
187 209 0.0427
188 209 0.0495
208 209 0.1095
177 210 0.0188
211 210 0.0606
212 210 0.1686
210 211 0.0606
189 212 0.1503
210 212 0.1686
248 212 0.1492
249 212 0.1729
179 213 0.0515
214 213 0.039
222 213 0.0536
213 214 0.039
215 214 0.0252
222 214 0.2254
214 215 0.0252
216 215 0.0699
235 215 0.0098
215 216 0.0699
217 216 0.0139
220 216 0.0266
205 217 0.139
216 217 0.0139
218 217 0.3141
194 218 0.0122
217 218 0.3141
219 218 0.1042
218 219 0.1042
205 220 0.0353
216 220 0.0266
221 220 0.0531
220 221 0.0531
213 222 0.0536
214 222 0.2254
223 222 0.1129
224 222 0.1054
225 222 0.2467
222 223 0.1129
222 224 0.1054
222 225 0.2467
234 225 0.2183
235 225 0.146
237 225 0.0396
239 225 0.0594
227 226 0.026
228 226 0.0976
234 226 0.1896
226 227 0.026
226 228 0.0976
229 228 0.088
230 228 0.094
233 228 0.0187
228 229 0.088
230 229 0.1133
232 229 0.2899
228 230 0.094
229 230 0.1133
231 230 0.3002
367 230 0.0465
230 231 0.3002
232 231 0.0578
365 231 0.2785
368 231 0.3155
229 232 0.2899
231 232 0.0578
245 232 0.46
228 233 0.0187
225 234 0.2183
226 234 0.1896
235 234 0.1452
239 234 0.1064
215 235 0.0098
225 235 0.146
234 235 0.1452
179 236 0.0618
237 236 0.0803
241 236 0.1228
225 237 0.0396
236 237 0.0803
238 237 0.1159
237 238 0.1159
239 238 0.1424
241 238 0.1641
225 239 0.0594
234 239 0.1064
238 239 0.1424
240 239 0.0726
239 240 0.0726
241 240 0.2478
242 240 0.1164
236 241 0.1228
238 241 0.1641
240 241 0.2478
240 242 0.1164
243 242 0.1046
244 242 0.027
242 243 0.1046
242 244 0.027
232 245 0.46
246 245 0.1398
252 245 0.0935
245 246 0.1398
247 246 0.0637
248 246 0.0894
246 247 0.0637
212 248 0.1492
246 248 0.0894
249 248 0.0735
212 249 0.1729
248 249 0.0735
250 249 0.1603
249 250 0.1603
251 250 0.0512
255 250 0.0815
250 251 0.0512
252 251 0.022
253 251 0.0177
245 252 0.0935
251 252 0.022
256 252 0.3805
365 252 0.0682
251 253 0.0177
254 253 0.0709
255 253 0.0964
253 254 0.0709
250 255 0.0815
253 255 0.0964
268 255 0.0172
280 255 0.0744
252 256 0.3805
257 256 0.0343
261 256 0.1127
366 256 0.0495
369 256 0.0457
256 257 0.0343
258 257 0.0062
262 257 0.0286
257 258 0.0062
259 258 0.0416
267 258 0.0113
258 259 0.0416
268 260 0.0086
256 261 0.1127
262 261 0.1285
269 261 0.0275
257 262 0.0286
261 262 0.1285
263 262 0.1248
369 262 0.1112
262 263 0.1248
264 263 0.1951
266 263 0.0461
263 264 0.1951
265 264 0.0271
271 264 0.1221
314 264 0.1855
369 264 0.0775
376 264 0.0946
264 265 0.0271
266 265 0.0403
270 265 0.0353
263 266 0.0461
265 266 0.0403
267 266 0.0099
258 267 0.0113
266 267 0.0099
268 267 0.0072
255 268 0.0172
260 268 0.0086
267 268 0.0072
261 269 0.0275
265 270 0.0353
271 270 0.0162
275 270 0.0095
264 271 0.1221
270 271 0.0162
272 271 0.0899
271 272 0.0899
273 272 0.0334
317 272 0.0982
272 273 0.0334
274 273 0.0071
276 273 0.043
273 274 0.0071
270 275 0.0095
273 276 0.043
277 276 0.0154
292 276 0.0959
276 277 0.0154
278 277 0.0112
279 277 0.0509
277 278 0.0112
277 279 0.0509
255 280 0.0744
281 280 0.0285
282 280 0.1417
280 281 0.0285
280 282 0.1417
283 282 0.0066
284 282 0.0058
285 282 0.0567
282 283 0.0066
282 284 0.0058
282 285 0.0567
286 285 0.0056
287 285 0.0095
285 286 0.0056
285 287 0.0095
288 287 0.0681
291 287 0.0419
287 288 0.0681
289 288 0.0129
290 288 0.0221
288 289 0.0129
288 290 0.0221
287 291 0.0419
276 292 0.0959
293 292 0.0047
294 292 0.0324
292 293 0.0047
292 294 0.0324
295 294 0.012
296 294 0.0188
294 295 0.012
294 296 0.0188
298 297 0.0157
299 297 0.0406
306 297 0.0162
319 297 0.1832
335 297 0.0192
297 298 0.0157
318 298 0.0353
329 298 0.0179
297 299 0.0406
300 299 0.0261
336 299 0.0393
299 300 0.0261
301 300 0.0157
340 300 0.1068
300 301 0.0157
302 301 0.0507
313 301 0.0207
301 302 0.0507
303 302 0.0069
305 302 0.0065
302 303 0.0069
304 303 0.0095
313 303 0.01
303 304 0.0095
302 305 0.0065
297 306 0.0162
307 306 0.0054
308 306 0.122
306 307 0.0054
306 308 0.122
309 308 0.028
312 308 0.01
308 309 0.028
310 309 0.0085
311 309 0.0076
309 310 0.0085
309 311 0.0076
308 312 0.01
301 313 0.0207
303 313 0.01
347 313 0.0416
264 314 0.1855
315 314 0.1655
375 314 0.0095
377 314 0.0413
314 315 0.1655
316 315 0.0917
374 315 0.0086
315 316 0.0917
317 316 0.0838
318 316 0.1466
272 317 0.0982
316 317 0.0838
319 317 0.0846
298 318 0.0353
316 318 0.1466
319 318 0.0429
320 318 0.0921
297 319 0.1832
317 319 0.0846
318 319 0.0429
318 320 0.0921
321 320 0.1055
322 320 0.1184
320 321 0.1055
320 322 0.1184
323 322 0.0376
324 322 0.0691
322 323 0.0376
322 324 0.0691
325 324 0.008
326 324 0.0218
324 325 0.008
326 325 0.0161
392 325 0.0047
324 326 0.0218
325 326 0.0161
327 326 0.1058
326 327 0.1058
328 327 0.0398
357 327 0.0259
327 328 0.0398
298 329 0.0179
330 329 0.0681
332 329 0.059
329 330 0.0681
331 330 0.0338
334 330 0.0404
338 330 0.0541
330 331 0.0338
329 332 0.059
333 332 0.0077
335 332 0.0121
332 333 0.0077
334 333 0.0121
337 333 0.0085
330 334 0.0404
333 334 0.0121
339 334 0.0038
297 335 0.0192
332 335 0.0121
336 335 0.0113
299 336 0.0393
335 336 0.0113
337 336 0.0484
333 337 0.0085
336 337 0.0484
340 337 0.0505
330 338 0.0541
339 338 0.0209
342 338 0.0357
343 338 0.0357
334 339 0.0038
338 339 0.0209
341 339 0.0134
300 340 0.1068
337 340 0.0505
341 340 0.0031
339 341 0.0134
340 341 0.0031
343 341 0.0127
338 342 0.0357
338 343 0.0357
341 343 0.0127
344 343 0.0863
346 343 0.0325
343 344 0.0863
345 344 0.0545
363 344 0.0078
344 345 0.0545
343 346 0.0325
347 346 0.0033
348 346 0.0536
351 346 0.0125
356 346 0.0054
313 347 0.0416
346 347 0.0033
348 347 0.0132
349 347 0.0056
346 348 0.0536
347 348 0.0132
350 348 0.0113
347 349 0.0056
348 350 0.0113
346 351 0.0125
352 351 0.0101
353 351 0.0377
351 352 0.0101
351 353 0.0377
354 353 0.0128
355 353 0.0079
353 354 0.0128
353 355 0.0079
346 356 0.0054
327 357 0.0259
358 357 0.0207
359 357 0.0305
357 358 0.0207
359 358 0.0323
400 358 0.0148
402 358 0.0025
357 359 0.0305
358 359 0.0323
360 359 0.046
359 360 0.046
361 360 0.0437
363 360 0.005
360 361 0.0437
362 361 0.0027
372 361 0.0317
361 362 0.0027
344 363 0.0078
360 363 0.005
364 363 0.0063
363 364 0.0063
231 365 0.2785
252 365 0.0682
366 365 0.386
367 365 0.0507
256 366 0.0495
365 366 0.386
367 366 0.0228
371 366 0.1108
230 367 0.0465
365 367 0.0507
366 367 0.0228
231 368 0.3155
256 369 0.0457
262 369 0.1112
264 369 0.0775
370 369 0.1571
369 370 0.1571
371 370 0.0496
376 370 0.1472
366 371 0.1108
370 371 0.0496
378 371 0.2927
361 372 0.0317
373 372 0.0038
411 372 0.0141
372 373 0.0038
315 374 0.0086
375 374 0.0382
381 374 0.0097
314 375 0.0095
374 375 0.0382
377 375 0.0131
380 375 0.015
264 376 0.0946
370 376 0.1472
377 376 0.1293
378 376 0.0126
314 377 0.0413
375 377 0.0131
376 377 0.1293
380 377 0.046
371 378 0.2927
376 378 0.0126
379 378 0.4843
378 379 0.4843
380 379 0.0424
381 379 0.2522
375 380 0.015
377 380 0.046
379 380 0.0424
374 381 0.0097
379 381 0.2522
382 381 0.0712
383 381 0.2494
381 382 0.0712
381 383 0.2494
384 383 0.4552
386 383 0.0313
383 384 0.4552
385 384 0.0481
387 384 0.0247
388 384 0.2293
384 385 0.0481
383 386 0.0313
384 387 0.0247
384 388 0.2293
389 388 0.0114
390 388 0.3399
388 389 0.0114
388 390 0.3399
391 390 0.0086
392 390 0.3063
390 391 0.0086
325 392 0.0047
390 392 0.3063
393 392 0.1654
392 393 0.1654
394 393 0.0153
395 393 0.2253
393 394 0.0153
393 395 0.2253
396 395 0.0126
397 395 0.1714
395 396 0.0126
395 397 0.1714
398 397 0.0068
399 397 0.0702
397 398 0.0068
399 398 0.0062
400 398 0.0186
397 399 0.0702
398 399 0.0062
401 399 0.099
358 400 0.0148
398 400 0.0186
401 400 0.0057
399 401 0.099
400 401 0.0057
402 401 0.1282
358 402 0.0025
401 402 0.1282
403 402 0.0391
402 403 0.0391
404 403 0.0164
411 403 0.0049
403 404 0.0164
405 404 0.0456
410 404 0.0035
404 405 0.0456
406 405 0.0143
409 405 0.005
405 406 0.0143
407 406 0.0056
408 406 0.0039
406 407 0.0056
406 408 0.0039
405 409 0.005
404 410 0.0035
372 411 0.0141
403 411 0.0049
412 411 0.0239
411 412 0.0239
30 413 0.0271
414 413 0.0418
416 413 0.3393
418 413 0.0428
413 414 0.0418
415 414 0.0774
416 414 0.0158
30 415 0.0452
31 415 0.0404
32 415 0.0048
414 415 0.0774
93 416 0.019
413 416 0.3393
414 416 0.0158
417 416 0.4715
430 416 0.2023
76 417 0.0048
92 417 0.0177
416 417 0.4715
418 417 0.064
76 418 0.0124
413 418 0.0428
417 418 0.064
11 419 0.0509
420 419 0.1308
425 419 0.1023
435 419 0.0683
13 420 0.1303
419 420 0.1308
421 420 0.1134
420 421 0.1134
422 421 0.0551
510 421 0.1337
421 422 0.0551
423 422 0.0442
424 422 0.0172
422 423 0.0442
424 423 0.0383
516 423 0.062
525 423 0.0311
422 424 0.0172
423 424 0.0383
505 424 0.0449
419 425 0.1023
426 425 0.015
431 425 0.0215
425 426 0.015
427 426 0.0779
428 426 0.1093
429 426 0.0025
8 427 0.0357
24 427 0.0481
426 427 0.0779
8 428 0.1419
9 428 0.0976
426 428 0.1093
426 429 0.0025
416 430 0.2023
425 431 0.0215
432 431 0.0204
434 431 0.0638
431 432 0.0204
433 432 0.068
437 432 0.0415
432 433 0.068
434 433 0.1063
435 433 0.0578
439 433 0.2811
431 434 0.0638
433 434 0.1063
435 434 0.1589
419 435 0.0683
433 435 0.0578
434 435 0.1589
436 435 0.0213
435 436 0.0213
445 436 0.194
448 436 0.0549
505 436 0.0228
432 437 0.0415
442 437 0.056
449 437 0.0087
449 438 0.0241
433 439 0.2811
440 439 0.1259
441 439 0.3075
439 440 0.1259
439 441 0.3075
442 441 0.034
443 441 0.1474
437 442 0.056
441 442 0.034
446 442 0.043
441 443 0.1474
444 443 0.0249
445 443 0.243
443 444 0.0249
445 444 0.0199
446 444 0.1079
436 445 0.194
443 445 0.243
444 445 0.0199
442 446 0.043
444 446 0.1079
447 446 0.0579
446 447 0.0579
436 448 0.0549
449 448 0.0016
450 448 0.2226
490 448 0.019
437 449 0.0087
438 449 0.0241
448 449 0.0016
448 450 0.2226
451 450 0.1032
485 450 0.0161
450 451 0.1032
452 451 0.004
453 451 0.3233
451 452 0.004
451 453 0.3233
454 453 0.0053
456 453 0.141
453 454 0.0053
455 454 0.006
463 454 0.0064
464 454 0.0065
454 455 0.006
453 456 0.141
457 456 0.2237
479 456 0.0066
456 457 0.2237
462 457 0.069
466 457 0.1435
459 458 0.0065
460 458 0.0081
461 458 0.0419
458 459 0.0065
458 460 0.0081
458 461 0.0419
462 461 0.0625
463 461 0.0404
464 461 0.0319
457 462 0.069
461 462 0.0625
463 462 0.0539
454 463 0.0064
461 463 0.0404
462 463 0.0539
454 464 0.0065
461 464 0.0319
465 464 0.0027
464 465 0.0027
457 466 0.1435
467 466 0.0123
468 466 0.1355
466 467 0.0123
479 467 0.0146
482 467 0.038
466 468 0.1355
469 468 0.0085
470 468 0.2934
468 469 0.0085
468 470 0.2934
471 470 0.0051
472 470 0.0975
470 471 0.0051
470 472 0.0975
473 472 0.0097
474 472 0.0985
472 473 0.0097
472 474 0.0985
475 474 0.0059
476 474 0.0746
474 475 0.0059
474 476 0.0746
477 476 0.0144
478 476 0.0264
476 477 0.0144
476 478 0.0264
456 479 0.0066
467 479 0.0146
480 479 0.1265
486 479 0.0317
489 479 0.0883
479 480 0.1265
481 480 0.0152
482 480 0.0769
484 480 0.0115
489 480 0.0861
480 481 0.0152
467 482 0.038
480 482 0.0769
483 482 0.013
482 483 0.013
480 484 0.0115
450 485 0.0161
486 485 0.0783
491 485 0.1105
479 486 0.0317
485 486 0.0783
487 486 0.0583
493 486 0.0131
486 487 0.0583
488 487 0.2043
493 487 0.0162
487 488 0.2043
489 488 0.0588
494 488 0.1971
498 488 0.0116
479 489 0.0883
480 489 0.0861
488 489 0.0588
448 490 0.019
491 490 0.0087
492 490 0.0142
485 491 0.1105
490 491 0.0087
492 491 0.0546
490 492 0.0142
491 492 0.0546
493 492 0.0933
486 493 0.0131
487 493 0.0162
492 493 0.0933
497 493 0.0708
488 494 0.1971
495 494 0.0228
496 494 0.1708
494 495 0.0228
496 495 0.0192
501 495 0.0215
494 496 0.1708
495 496 0.0192
497 496 0.0784
493 497 0.0708
496 497 0.0784
504 497 0.0581
526 497 0.0353
488 498 0.0116
499 498 0.0186
500 498 0.0054
498 499 0.0186
498 500 0.0054
495 501 0.0215
502 501 0.0187
503 501 0.0081
501 502 0.0187
501 503 0.0081
497 504 0.0581
505 504 0.0931
527 504 0.0068
424 505 0.0449
436 505 0.0228
504 505 0.0931
2 506 0.0867
2 507 0.1465
13 507 0.0612
508 507 0.0339
509 507 0.0086
1 508 0.0135
507 508 0.0339
509 508 0.0116
512 508 0.0355
519 508 0.0149
507 509 0.0086
508 509 0.0116
510 509 0.0839
511 509 0.0521
421 510 0.1337
509 510 0.0839
511 510 0.061
509 511 0.0521
510 511 0.061
514 511 0.427
508 512 0.0355
513 512 0.0644
516 512 0.0279
517 512 0.0235
512 513 0.0644
514 513 0.0182
515 513 0.0789
511 514 0.427
513 514 0.0182
515 514 0.1586
513 515 0.0789
514 515 0.1586
516 515 0.1591
423 516 0.062
512 516 0.0279
515 516 0.1591
517 516 0.0453
512 517 0.0235
516 517 0.0453
518 517 0.0812
525 517 0.1364
517 518 0.0812
508 519 0.0149
520 519 0.1489
529 519 0.0175
519 520 0.1489
521 520 0.1851
533 520 0.0105
520 521 0.1851
522 521 0.4527
530 521 0.0036
521 522 0.4527
523 522 0.3393
531 522 0.0052
522 523 0.3393
524 523 0.0053
532 523 0.0059
523 524 0.0053
423 525 0.0311
517 525 0.1364
526 525 0.1554
497 526 0.0353
525 526 0.1554
527 526 0.2238
504 527 0.0068
526 527 0.2238
528 527 0.0161
527 528 0.0161
519 529 0.0175
521 530 0.0036
522 531 0.0052
523 532 0.0059
520 533 0.0105
534 533 0.0187
535 533 0.0202
533 534 0.0187
533 535 0.0202
536 535 0.042
537 535 0.3201
535 536 0.042
535 537 0.3201
538 537 0.0161
541 537 0.006
537 538 0.0161
539 538 0.0068
540 538 0.0228
538 539 0.0068
538 540 0.0228
541 540 0.0184
542 540 0.0218
537 541 0.006
540 541 0.0184
542 541 0.0045
540 542 0.0218
541 542 0.0045
543 542 0.0105
542 543 0.0105
