2 1 0.034
3 1 0.0292
4 1 0.0269
5 1 0.0295
6 1 0.0377
7 1 0.0421
8 1 0.0261
9 1 0.0232
11 1 0.0244
22 1 0.0249
271 1 0.026
488 1 0.022
533 1 0.026
539 1 0.0339
548 1 0.0311
553 1 0.0258
1 2 0.034
493 2 0.3109
529 2 0.2309
1 3 0.0292
312 3 0.1104
319 3 0.0709
1 4 0.0269
325 4 0.2698
326 4 0.0945
1 5 0.0295
488 5 0.1308
489 5 0.1283
1 6 0.0377
533 6 0.1526
539 6 0.225
1 7 0.0421
538 7 0.0976
540 7 0.1487
1 8 0.0261
9 8 0.1857
13 8 0.0991
1 9 0.0232
8 9 0.1857
10 9 0.2476
21 9 0.374
22 9 1.0452
28 9 0.2399
9 10 0.2476
1 11 0.0244
12 11 0.1262
20 11 0.2305
11 12 0.1262
13 12 0.384
20 12 0.0352
8 13 0.0991
12 13 0.384
14 13 0.1547
28 13 0.2054
13 14 0.1547
15 14 0.7072
17 14 0.4398
14 15 0.7072
16 15 0.1547
29 15 0.9328
15 16 0.1547
17 16 0.4625
48 16 0.3269
14 17 0.4398
16 17 0.4625
18 17 1.2694
17 18 1.2694
19 18 0.3293
47 18 0.2287
18 19 0.3293
20 19 0.2894
47 19 0.0948
11 20 0.2305
12 20 0.0352
19 20 0.2894
9 21 0.374
22 21 0.3791
23 21 0.1614
1 22 0.0249
9 22 1.0452
21 22 0.3791
56 22 0.0613
271 22 0.6545
21 23 0.1614
24 23 0.3243
51 23 0.2503
60 23 0.0959
23 24 0.3243
25 24 0.4708
26 24 0.4876
24 25 0.4708
26 25 0.5718
29 25 0.5152
30 25 0.2024
24 26 0.4876
25 26 0.5718
27 26 0.3748
26 27 0.3748
28 27 0.1773
29 27 0.2111
9 28 0.2399
13 28 0.2054
27 28 0.1773
15 29 0.9328
25 29 0.5152
27 29 0.2111
31 29 0.1316
25 30 0.2024
31 30 0.466
32 30 0.5528
29 31 0.1316
30 31 0.466
32 31 0.1431
38 31 0.1575
30 32 0.5528
31 32 0.1431
33 32 0.2679
32 33 0.2679
34 33 0.1245
35 33 0.6116
33 34 0.1245
33 35 0.6116
36 35 0.31
37 35 0.5479
38 35 0.3099
46 35 0.3393
35 36 0.31
35 37 0.5479
31 38 0.1575
35 38 0.3099
39 38 1.216
38 39 1.216
40 39 0.6116
42 39 0.0649
46 39 0.0235
50 39 0.2591
39 40 0.6116
41 40 0.2929
49 40 0.3678
40 41 0.2929
39 42 0.0649
43 42 0.1733
80 42 0.0275
42 43 0.1733
44 43 0.0451
45 43 0.0117
43 44 0.0451
45 44 0.4355
76 44 0.576
43 45 0.0117
44 45 0.4355
46 45 0.1737
35 46 0.3393
39 46 0.0235
45 46 0.1737
18 47 0.2287
19 47 0.0948
48 47 0.639
49 47 0.4836
16 48 0.3269
47 48 0.639
50 48 0.469
40 49 0.3678
47 49 0.4836
50 49 0.5999
39 50 0.2591
48 50 0.469
49 50 0.5999
23 51 0.2503
52 51 0.2418
54 51 0.2512
51 52 0.2418
53 52 0.3301
62 52 0.0941
52 53 0.3301
54 53 0.3666
286 53 0.2788
51 54 0.2512
53 54 0.3666
55 54 0.4606
56 54 0.3028
54 55 0.4606
56 55 0.6452
277 55 0.0727
282 55 0.5701
22 56 0.0613
54 56 0.3028
55 56 0.6452
57 56 1.149
56 57 1.149
58 57 0.0647
59 57 0.0623
57 58 0.0647
59 58 0.2308
277 58 0.5099
57 59 0.0623
58 59 0.2308
276 59 0.947
23 60 0.0959
61 60 0.2144
62 60 0.2495
63 60 0.2917
60 61 0.2144
62 61 0.4585
180 61 0.0888
52 62 0.0941
60 62 0.2495
61 62 0.4585
60 63 0.2917
64 63 0.4684
65 63 0.498
63 64 0.4684
63 65 0.498
66 65 0.6079
68 65 0.099
65 66 0.6079
67 66 0.0778
73 66 0.1231
66 67 0.0778
65 68 0.099
69 68 0.8511
181 68 0.4203
182 68 0.0386
68 69 0.8511
70 69 0.0129
184 69 0.0633
69 70 0.0129
71 70 0.4845
189 70 0.0567
232 70 0.5313
70 71 0.4845
72 71 0.0455
180 71 0.3196
71 72 0.0455
66 73 0.1231
74 73 0.0397
83 73 0.5058
73 74 0.0397
75 74 0.186
76 74 0.0453
74 75 0.186
44 76 0.576
74 76 0.0453
77 76 0.4892
76 77 0.4892
78 77 0.1457
80 77 0.9597
77 78 0.1457
79 78 0.0588
81 78 0.0647
78 79 0.0588
80 79 0.6321
95 79 0.0457
42 80 0.0275
77 80 0.9597
79 80 0.6321
96 80 0.0159
78 81 0.0647
82 81 0.0569
83 81 0.0506
81 82 0.0569
83 82 0.654
84 82 0.3392
73 83 0.5058
81 83 0.0506
82 83 0.654
82 84 0.3392
85 84 0.0176
86 84 0.3019
84 85 0.0176
84 86 0.3019
87 86 0.1057
88 86 0.4513
86 87 0.1057
86 88 0.4513
89 88 0.0278
90 88 0.7564
88 89 0.0278
88 90 0.7564
91 90 0.2408
92 90 0.425
94 90 0.0158
90 91 0.2408
92 91 0.6101
108 91 0.0593
90 92 0.425
91 92 0.6101
93 92 0.0141
97 92 0.1212
92 93 0.0141
90 94 0.0158
79 95 0.0457
80 96 0.0159
92 97 0.1212
98 97 0.0209
99 97 0.0094
97 98 0.0209
97 99 0.0094
100 99 1.0964
111 99 0.2588
99 100 1.0964
101 100 0.4721
110 100 0.0476
113 100 0.4305
100 101 0.4721
102 101 0.0129
103 101 0.3741
101 102 0.0129
101 103 0.3741
104 103 0.1617
110 103 0.1575
103 104 0.1617
105 104 0.2433
108 104 0.6398
104 105 0.2433
106 105 0.4627
107 105 0.0172
105 106 0.4627
105 107 0.0172
91 108 0.0593
104 108 0.6398
109 108 0.0224
214 108 1.1371
108 109 0.0224
110 109 0.0676
468 109 0.0726
100 110 0.0476
103 110 0.1575
109 110 0.0676
99 111 0.2588
112 111 0.6031
467 111 0.0415
728 111 0.022
111 112 0.6031
113 112 0.7722
117 112 0.0345
118 112 0.6124
100 113 0.4305
112 113 0.7722
114 113 0.0197
113 114 0.0197
115 114 0.039
116 114 0.0112
114 115 0.039
114 116 0.0112
112 117 0.0345
112 118 0.6124
119 118 0.0129
120 118 0.0596
118 119 0.0129
123 119 0.0134
124 119 0.0125
125 119 0.0117
118 120 0.0596
121 120 0.0515
731 120 0.0272
120 121 0.0515
122 121 0.6596
124 121 0.2473
121 122 0.6596
123 122 0.0142
126 122 1.2932
119 123 0.0134
122 123 0.0142
125 123 0.2734
119 124 0.0125
121 124 0.2473
125 124 0.0153
119 125 0.0117
123 125 0.2734
124 125 0.0153
122 126 1.2932
127 126 1.3016
133 126 0.1174
126 127 1.3016
128 127 0.0368
176 127 0.0369
127 128 0.0368
129 128 0.2821
141 128 0.025
179 128 0.2048
128 129 0.2821
130 129 0.2075
141 129 0.0116
145 129 0.0164
129 130 0.2075
131 130 0.0508
132 130 0.1789
130 131 0.0508
130 132 0.1789
126 133 0.1174
134 133 0.0942
138 133 0.4067
140 133 0.3009
133 134 0.0942
135 134 0.0348
175 134 0.0229
134 135 0.0348
136 135 0.0476
137 135 0.0713
135 136 0.0476
135 137 0.0713
133 138 0.4067
139 138 0.0134
151 138 0.0381
138 139 0.0134
133 140 0.3009
141 140 0.0527
142 140 0.0252
143 140 1.1448
128 141 0.025
129 141 0.0116
140 141 0.0527
140 142 0.0252
140 143 1.1448
144 143 0.0594
146 143 1.6622
143 144 0.0594
129 145 0.0164
146 145 0.082
147 145 0.0858
143 146 1.6622
145 146 0.082
147 146 1.216
145 147 0.0858
146 147 1.216
148 147 0.1081
156 147 0.6357
147 148 0.1081
149 148 0.1018
150 148 0.134
148 149 0.1018
148 150 0.134
138 151 0.0381
152 151 0.0499
153 151 0.0999
151 152 0.0499
151 153 0.0999
154 153 0.0317
155 153 0.0262
153 154 0.0317
153 155 0.0262
147 156 0.6357
157 156 0.038
159 156 0.6146
156 157 0.038
158 157 0.0373
160 157 0.0404
157 158 0.0373
156 159 0.6146
160 159 0.4085
161 159 0.6789
157 160 0.0404
159 160 0.4085
169 160 0.3134
159 161 0.6789
162 161 0.4338
163 161 0.3409
161 162 0.4338
161 163 0.3409
164 163 0.016
165 163 0.5274
163 164 0.016
163 165 0.5274
166 165 0.3741
167 165 0.2588
168 165 0.1184
165 166 0.3741
165 167 0.2588
165 168 0.1184
160 169 0.3134
170 169 0.026
171 169 0.0297
172 169 0.4394
169 170 0.026
169 171 0.0297
169 172 0.4394
173 172 0.1222
174 172 0.0727
172 173 0.1222
172 174 0.0727
134 175 0.0229
127 176 0.0369
177 176 0.149
178 176 0.0165
176 177 0.149
736 177 0.2131
743 177 0.2856
176 178 0.0165
128 179 0.2048
61 180 0.0888
71 180 0.3196
286 180 0.0863
287 180 0.1226
68 181 0.4203
182 181 0.0419
191 181 0.2329
68 182 0.0386
181 182 0.0419
183 182 0.1155
182 183 0.1155
190 183 1.0905
196 183 0.4921
69 184 0.0633
185 184 1.514
190 184 0.3654
223 184 0.0524
184 185 1.514
186 185 0.018
189 185 0.5685
185 186 0.018
188 186 0.248
234 186 0.0974
242 186 0.3255
188 187 0.3178
242 187 0.0614
243 187 0.5804
186 188 0.248
187 188 0.3178
332 188 0.5141
70 189 0.0567
185 189 0.5685
234 189 0.7716
183 190 1.0905
184 190 0.3654
219 190 0.1856
181 191 0.2329
192 191 0.6285
194 191 0.52
191 192 0.6285
193 192 0.9042
196 192 0.123
192 193 0.9042
194 193 1.1164
195 193 0.3922
191 194 0.52
193 194 1.1164
200 194 0.1936
193 195 0.3922
196 195 0.6826
202 195 0.4216
183 196 0.4921
192 196 0.123
195 196 0.6826
197 196 0.207
196 197 0.207
198 197 0.2114
199 197 0.9251
201 197 0.0885
202 197 0.664
197 198 0.2114
199 198 0.5008
215 198 0.0991
197 199 0.9251
198 199 0.5008
203 199 0.072
207 199 0.9302
194 200 0.1936
201 200 0.146
202 200 0.1657
197 201 0.0885
200 201 0.146
203 201 0.095
195 202 0.4216
197 202 0.664
200 202 0.1657
199 203 0.072
201 203 0.095
204 203 0.0587
203 204 0.0587
205 204 1.1348
214 204 0.3534
204 205 1.1348
206 205 1.0294
207 205 1.5518
205 206 1.0294
199 207 0.9302
205 207 1.5518
208 207 0.0402
207 208 0.0402
209 208 0.5417
227 208 0.0504
208 209 0.5417
210 209 0.9407
214 209 0.0613
209 210 0.9407
211 210 0.1664
213 210 0.3265
210 211 0.1664
212 211 0.8496
449 211 0.0329
458 211 0.2537
211 212 0.8496
213 212 1.225
433 212 0.0696
210 213 0.3265
212 213 1.225
429 213 0.2908
108 214 1.1371
204 214 0.3534
209 214 0.0613
198 215 0.0991
216 215 0.6596
217 215 0.0231
215 216 0.6596
217 216 0.0904
218 216 0.2334
215 217 0.0231
216 217 0.0904
224 217 0.2314
225 217 0.3902
228 217 0.1188
216 218 0.2334
190 219 0.1856
220 219 0.2871
224 219 0.1114
219 220 0.2871
221 220 0.0232
223 220 0.0585
220 221 0.0232
222 221 0.432
226 221 0.1394
221 222 0.432
223 222 0.183
334 222 0.1423
184 223 0.0524
220 223 0.0585
222 223 0.183
217 224 0.2314
219 224 0.1114
226 224 0.3655
217 225 0.3902
226 225 0.5444
231 225 0.2439
221 226 0.1394
224 226 0.3655
225 226 0.5444
208 227 0.0504
228 227 0.2425
229 227 0.5094
217 228 0.1188
227 228 0.2425
229 228 0.2444
227 229 0.5094
228 229 0.2444
230 229 0.201
229 230 0.201
231 230 0.6277
428 230 0.8183
225 231 0.2439
230 231 0.6277
427 231 0.3064
70 232 0.5313
233 232 0.1009
238 232 0.0299
232 233 0.1009
234 233 0.0353
236 233 0.0361
186 234 0.0974
189 234 0.7716
233 234 0.0353
235 234 1.1245
234 235 1.1245
236 235 0.3973
240 235 0.694
233 236 0.0361
235 236 0.3973
237 236 2.0859
252 236 1.0886
236 237 2.0859
238 237 0.2783
258 237 0.7337
232 238 0.0299
237 238 0.2783
239 238 0.0517
288 238 0.0569
238 239 0.0517
235 240 0.694
241 240 0.1113
251 240 0.3808
240 241 0.1113
242 241 0.0515
243 241 0.009
186 242 0.3255
187 242 0.0614
241 242 0.0515
187 243 0.5804
241 243 0.009
244 243 0.2377
243 244 0.2377
245 244 0.3705
248 244 1.2628
244 245 0.3705
246 245 0.5379
253 245 0.3156
245 246 0.5379
247 246 0.7911
254 246 0.4181
246 247 0.7911
248 247 1.3727
255 247 0.2483
266 247 0.885
244 248 1.2628
247 248 1.3727
249 248 0.1294
248 249 0.1294
250 249 0.1304
251 249 0.4248
249 250 0.1304
251 250 0.2728
252 250 0.4078
240 251 0.3808
249 251 0.4248
250 251 0.2728
252 251 0.1051
236 252 1.0886
250 252 0.4078
251 252 0.1051
245 253 0.3156
254 253 0.245
354 253 0.2667
246 254 0.4181
253 254 0.245
267 254 0.1498
364 254 0.052
247 255 0.2483
256 255 0.1456
262 255 0.1078
255 256 0.1456
257 256 0.0579
261 256 0.0935
256 257 0.0579
258 257 0.3129
260 257 0.0512
237 258 0.7337
257 258 0.3129
259 258 0.3676
288 258 0.999
258 259 0.3676
260 259 0.9416
284 259 1.0155
257 260 0.0512
259 260 0.9416
261 260 0.0507
256 261 0.0935
260 261 0.0507
262 261 0.0864
255 262 0.1078
261 262 0.0864
263 262 0.0688
262 263 0.0688
264 263 1.1659
265 263 0.5754
266 263 0.7491
263 264 1.1659
265 264 0.2821
292 264 0.3116
300 264 0.0549
263 265 0.5754
264 265 0.2821
268 265 0.0917
270 265 0.077
247 266 0.885
263 266 0.7491
267 266 1.1526
254 267 0.1498
266 267 1.1526
268 267 0.4776
265 268 0.0917
267 268 0.4776
269 268 0.5266
268 269 0.5266
270 269 0.4638
365 269 0.0589
265 270 0.077
269 270 0.4638
304 270 0.184
1 271 0.026
22 271 0.6545
272 271 0.1078
275 271 0.1966
271 272 0.1078
273 272 0.0596
275 272 0.4462
276 272 0.1365
272 273 0.0596
274 273 0.6631
281 273 1.0868
316 273 0.1067
273 274 0.6631
275 274 0.2102
315 274 0.1609
271 275 0.1966
272 275 0.4462
274 275 0.2102
59 276 0.947
272 276 0.1365
278 276 0.3779
55 277 0.0727
58 277 0.5099
278 277 0.2757
276 278 0.3779
277 278 0.2757
279 278 0.6627
278 279 0.6627
280 279 0.7072
295 279 1.0341
297 279 0.0578
279 280 0.7072
281 280 0.496
299 280 0.0393
273 281 1.0868
280 281 0.496
298 281 0.0279
55 282 0.5701
283 282 0.7168
284 282 0.3246
282 283 0.7168
284 283 0.3394
291 283 0.0186
294 283 0.2018
259 284 1.0155
282 284 0.3246
283 284 0.3394
285 284 0.6165
289 284 0.9766
284 285 0.6165
286 285 1.5267
287 285 0.4812
53 286 0.2788
180 286 0.0863
285 286 1.5267
180 287 0.1226
285 287 0.4812
288 287 0.1596
238 288 0.0569
258 288 0.999
287 288 0.1596
284 289 0.9766
290 289 0.4843
291 289 0.1187
289 290 0.4843
283 291 0.0186
289 291 0.1187
292 291 0.381
264 292 0.3116
291 292 0.381
293 292 0.9074
296 292 0.4429
300 292 0.8905
292 293 0.9074
294 293 0.0539
295 293 0.435
283 294 0.2018
293 294 0.0539
295 294 0.0894
279 295 1.0341
293 295 0.435
294 295 0.0894
292 296 0.4429
297 296 0.1847
306 296 0.2015
279 297 0.0578
296 297 0.1847
298 297 0.0958
307 297 0.0247
281 298 0.0279
297 298 0.0958
323 298 0.8163
280 299 0.0393
264 300 0.0549
292 300 0.8905
301 300 0.3514
300 301 0.3514
302 301 0.1966
303 301 0.2909
301 302 0.1966
303 302 0.2643
306 302 0.355
301 303 0.2909
302 303 0.2643
304 303 0.0969
270 304 0.184
303 304 0.0969
305 304 0.417
304 305 0.417
306 305 0.2237
308 305 0.1579
366 305 0.1096
371 305 0.4946
296 306 0.2015
302 306 0.355
305 306 0.2237
297 307 0.0247
308 307 0.7174
323 307 0.1651
324 307 0.0911
305 308 0.1579
307 308 0.7174
309 308 0.197
311 308 0.5741
308 309 0.197
310 309 0.3252
311 309 0.0497
309 310 0.3252
478 310 0.2634
485 310 0.7886
308 311 0.5741
309 311 0.0497
371 311 1.1133
3 312 0.1104
313 312 0.2595
314 312 0.1506
312 313 0.2595
312 314 0.1506
274 315 0.1609
273 316 0.1067
317 316 0.3093
318 316 0.4103
316 317 0.3093
316 318 0.4103
3 319 0.0709
320 319 0.7278
321 319 0.438
324 319 1.0532
319 320 0.7278
319 321 0.438
322 321 0.311
323 321 0.5741
321 322 0.311
298 323 0.8163
307 323 0.1651
321 323 0.5741
307 324 0.0911
319 324 1.0532
327 324 0.4108
4 325 0.2698
326 325 0.2017
469 325 0.285
4 326 0.0945
325 326 0.2017
327 326 0.355
324 327 0.4108
326 327 0.355
328 327 0.1709
327 328 0.1709
329 328 0.0297
477 328 0.1598
328 329 0.0297
330 329 0.0104
331 329 0.446
329 330 0.0104
331 330 0.6227
562 330 0.0131
565 330 0.4796
329 331 0.446
330 331 0.6227
564 331 0.7479
188 332 0.5141
333 332 0.3185
334 332 0.3189
332 333 0.3185
334 333 0.3873
335 333 0.1254
380 333 0.0263
222 334 0.1423
332 334 0.3189
333 334 0.3873
333 335 0.1254
336 335 1.2157
372 335 0.0432
379 335 1.0758
335 336 1.2157
337 336 0.6196
338 336 1.1268
336 337 0.6196
336 338 1.1268
339 338 0.0229
340 338 1.3939
338 339 0.0229
347 339 0.5249
391 339 0.2624
392 339 0.192
338 340 1.3939
341 340 1.4339
343 340 0.0958
340 341 1.4339
342 341 0.3421
349 341 0.7184
341 342 0.3421
340 343 0.0958
344 343 0.1698
346 343 0.3216
343 344 0.1698
345 344 0.8354
362 344 0.1888
344 345 0.8354
346 345 1.0669
348 345 0.753
355 345 0.3399
343 346 0.3216
345 346 1.0669
347 346 0.9569
339 347 0.5249
346 347 0.9569
348 347 1.2561
391 347 0.6341
649 347 0.0678
345 348 0.753
347 348 1.2561
647 348 0.4165
341 349 0.7184
350 349 0.2427
361 349 0.1477
349 350 0.2427
351 350 0.0705
353 350 0.043
350 351 0.0705
352 351 0.7236
361 351 0.111
351 352 0.7236
353 352 0.8163
360 352 0.3222
350 353 0.043
352 353 0.8163
354 353 1.0502
253 354 0.2667
353 354 1.0502
363 354 0.1292
345 355 0.3399
356 355 0.1041
357 355 1.0211
360 355 1.2456
355 356 0.1041
357 356 0.0609
358 356 0.0773
355 357 1.0211
356 357 0.0609
358 357 0.3071
356 358 0.0773
357 358 0.3071
359 358 0.387
363 358 0.609
358 359 0.387
352 360 0.3222
355 360 1.2456
362 360 0.2779
349 361 0.1477
351 361 0.111
362 361 0.0445
344 362 0.1888
360 362 0.2779
361 362 0.0445
354 363 0.1292
358 363 0.609
364 363 0.8718
367 363 0.3459
254 364 0.052
363 364 0.8718
365 364 0.1341
269 365 0.0589
364 365 0.1341
366 365 0.1616
305 366 0.1096
365 366 0.1616
367 366 0.3418
363 367 0.3459
366 367 0.3418
368 367 0.0856
367 368 0.0856
369 368 0.1019
484 368 0.5992
368 369 0.1019
370 369 0.5339
371 369 1.4233
369 370 0.5339
483 370 0.0361
485 370 0.0409
305 371 0.4946
311 371 1.1133
369 371 1.4233
335 372 0.0432
373 372 0.2125
379 372 0.0478
372 373 0.2125
374 373 0.0628
386 373 0.179
395 373 0.0537
373 374 0.0628
375 374 1.0183
382 374 1.4233
374 375 1.0183
376 375 1.5625
381 375 0.6301
375 376 1.5625
377 376 0.1972
378 376 0.1197
376 377 0.1972
378 377 0.0975
382 377 0.0739
376 378 0.1197
377 378 0.0975
383 378 0.1126
335 379 1.0758
372 379 0.0478
380 379 0.6667
333 380 0.0263
379 380 0.6667
382 380 0.9643
375 381 0.6301
384 381 0.0347
385 381 0.126
402 381 0.7905
374 382 1.4233
377 382 0.0739
380 382 0.9643
378 383 0.1126
381 384 0.0347
381 385 0.126
373 386 0.179
387 386 1.0133
393 386 0.4405
394 386 0.6177
386 387 1.0133
388 387 0.0712
389 387 1.0226
387 388 0.0712
387 389 1.0226
390 389 0.8278
391 389 1.1977
389 390 0.8278
339 391 0.2624
347 391 0.6341
389 391 1.1977
339 392 0.192
386 393 0.4405
394 393 0.8842
397 393 0.8818
386 394 0.6177
393 394 0.8842
395 394 0.7698
373 395 0.0537
394 395 0.7698
396 395 0.4348
398 395 0.4014
395 396 0.4348
397 396 0.0993
407 396 0.3263
408 396 0.1275
393 397 0.8818
396 397 0.0993
408 397 0.6369
395 398 0.4014
399 398 0.8937
406 398 0.9398
398 399 0.8937
400 399 0.2091
401 399 0.1352
399 400 0.2091
401 400 0.1617
406 400 1.3902
399 401 0.1352
400 401 0.1617
402 401 0.0228
381 402 0.7905
401 402 0.0228
403 402 0.2021
404 402 0.4305
402 403 0.2021
404 403 0.5609
427 403 0.1712
402 404 0.4305
403 404 0.5609
405 404 0.5385
426 404 0.289
404 405 0.5385
398 406 0.9398
400 406 1.3902
407 406 0.5565
412 406 0.5294
396 407 0.3263
406 407 0.5565
708 407 0.3405
396 408 0.1275
397 408 0.6369
409 408 0.1004
408 409 0.1004
410 409 0.0378
411 409 0.0629
409 410 0.0378
409 411 0.0629
406 412 0.5294
413 412 0.0349
414 412 0.6693
707 412 0.1106
412 413 0.0349
412 414 0.6693
415 414 0.5089
416 414 0.4077
418 414 0.3922
414 415 0.5089
414 416 0.4077
417 416 0.058
444 416 0.3291
416 417 0.058
414 418 0.3922
419 418 0.0101
420 418 0.016
418 419 0.0101
420 419 0.0515
426 419 0.0452
418 420 0.016
419 420 0.0515
421 420 0.4098
420 421 0.4098
422 421 0.4049
423 421 0.2882
421 422 0.4049
423 422 0.4132
425 422 0.7174
421 423 0.2882
422 423 0.4132
424 423 0.8969
423 424 0.8969
425 424 1.1998
438 424 1.2723
422 425 0.7174
424 425 1.1998
426 425 1.0421
404 426 0.289
419 426 0.0452
425 426 1.0421
231 427 0.3064
403 427 0.1712
428 427 0.4854
230 428 0.8183
427 428 0.4854
430 428 0.2768
213 429 0.2908
430 429 0.6863
432 429 0.3801
428 430 0.2768
429 430 0.6863
431 430 0.0401
430 431 0.0401
432 431 0.0921
434 431 0.0908
429 432 0.3801
431 432 0.0921
433 432 0.0432
212 433 0.0696
432 433 0.0432
434 433 0.1805
431 434 0.0908
433 434 0.1805
435 434 0.1153
434 435 0.1153
436 435 0.3147
450 435 0.3593
435 436 0.3147
437 436 0.0421
442 436 1.0831
436 437 0.0421
424 438 1.2723
439 438 0.0362
440 438 1.5793
438 439 0.0362
438 440 1.5793
441 440 0.0597
442 440 1.4719
440 441 0.0597
436 442 1.0831
440 442 1.4719
443 442 0.0715
442 443 0.0715
444 443 0.0451
448 443 0.2828
416 444 0.3291
443 444 0.0451
445 444 0.7541
444 445 0.7541
446 445 0.1162
447 445 0.4401
445 446 0.1162
447 446 0.0268
448 446 0.7199
445 447 0.4401
446 447 0.0268
705 447 0.5063
443 448 0.2828
446 448 0.7199
851 448 0.0644
211 449 0.0329
435 450 0.3593
451 450 0.0323
452 450 0.0201
454 450 1.0981
450 451 0.0323
450 452 0.0201
453 452 0.0597
834 452 0.0328
452 453 0.0597
454 453 0.7806
716 453 0.6729
830 453 0.0205
450 454 1.0981
453 454 0.7806
455 454 0.0311
454 455 0.0311
456 455 0.1895
459 455 0.2775
455 456 0.1895
457 456 0.0281
461 456 0.1497
456 457 0.0281
458 457 0.6734
462 457 0.6083
211 458 0.2537
457 458 0.6734
467 458 0.0286
455 459 0.2775
460 459 0.0471
719 459 0.0174
459 460 0.0471
461 460 0.237
727 460 0.146
456 461 0.1497
460 461 0.237
462 461 0.6579
457 462 0.6083
461 462 0.6579
463 462 0.3218
462 463 0.3218
464 463 0.3687
465 463 0.5139
463 464 0.3687
465 464 0.3719
727 464 0.1083
463 465 0.5139
464 465 0.3719
466 465 1.3508
465 466 1.3508
467 466 0.0511
728 466 0.4431
738 466 0.051
111 467 0.0415
458 467 0.0286
466 467 0.0511
109 468 0.0726
325 469 0.285
470 469 0.3058
471 469 0.0387
488 469 0.0881
469 470 0.3058
471 470 0.2687
564 470 0.1883
469 471 0.0387
470 471 0.2687
472 471 0.4719
473 471 0.3022
471 472 0.4719
473 472 0.259
491 472 0.8163
497 472 0.33
471 473 0.3022
472 473 0.259
476 473 0.187
563 473 0.8913
562 474 1.2837
563 474 0.405
564 474 0.015
476 475 0.5886
501 475 0.7117
562 475 0.9372
473 476 0.187
475 476 0.5886
499 476 0.1172
328 477 0.1598
478 477 0.1336
567 477 0.203
568 477 0.0641
310 478 0.2634
477 478 0.1336
479 478 0.7962
485 478 0.157
569 478 0.0597
478 479 0.7962
480 479 0.693
481 479 0.4733
482 479 0.1745
479 480 0.693
481 480 0.5023
569 480 0.885
572 480 0.6575
479 481 0.4733
480 481 0.5023
482 481 0.2308
486 481 0.54
479 482 0.1745
481 482 0.2308
483 482 0.1456
370 483 0.0361
482 483 0.1456
484 483 0.222
485 483 0.7022
368 484 0.5992
483 484 0.222
634 484 0.0925
310 485 0.7886
370 485 0.0409
478 485 0.157
483 485 0.7022
481 486 0.54
487 486 0.0863
606 486 0.793
486 487 0.0863
1 488 0.022
5 488 0.1308
469 488 0.0881
490 488 0.1266
5 489 0.1283
490 489 0.055
492 489 0.4583
493 489 0.3675
488 490 0.1266
489 490 0.055
491 490 0.1981
472 491 0.8163
490 491 0.1981
492 491 0.1212
489 492 0.4583
491 492 0.1212
494 492 0.3656
2 493 0.3109
489 493 0.3675
494 493 0.7849
492 494 0.3656
493 494 0.7849
495 494 0.0413
530 494 0.5107
494 495 0.0413
496 495 0.1839
519 495 0.2398
495 496 0.1839
497 496 0.6215
511 496 0.0657
472 497 0.33
496 497 0.6215
498 497 0.4527
497 498 0.4527
499 498 0.356
502 498 0.2789
476 499 0.1172
498 499 0.356
500 499 0.0149
499 500 0.0149
501 500 0.0992
503 500 0.1718
475 501 0.7117
500 501 0.0992
570 501 0.5435
498 502 0.2789
503 502 0.8403
510 502 0.3165
500 503 0.1718
502 503 0.8403
504 503 0.8681
508 503 0.2467
503 504 0.8681
505 504 0.559
510 504 0.1934
504 505 0.559
506 505 1.6226
619 505 0.9775
505 506 1.6226
507 506 1.3912
592 506 0.6207
506 507 1.3912
508 507 0.0855
580 507 0.2914
503 508 0.2467
507 508 0.0855
509 508 0.0952
508 509 0.0952
570 509 0.0636
578 509 0.3178
579 509 0.4456
580 509 0.4662
502 510 0.3165
504 510 0.1934
511 510 0.2581
496 511 0.0657
510 511 0.2581
512 511 0.4929
620 511 0.2195
511 512 0.4929
513 512 0.5647
514 512 0.5537
621 512 0.5271
512 513 0.5647
514 513 0.9276
519 513 0.0627
512 514 0.5537
513 514 0.9276
515 514 0.1936
516 514 0.1282
630 514 0.0612
514 515 0.1936
516 515 0.3811
517 515 0.6793
526 515 0.1151
514 516 0.1282
515 516 0.3811
528 516 0.1333
630 516 0.1217
633 516 0.4737
515 517 0.6793
518 517 0.3788
520 517 0.2358
524 517 0.2852
525 517 0.3748
517 518 0.3788
519 518 0.0527
521 518 0.5476
522 518 0.4819
495 519 0.2398
513 519 0.0627
518 519 0.0527
517 520 0.2358
518 521 0.5476
518 522 0.4819
523 522 0.0637
530 522 0.1065
522 523 0.0637
524 523 0.6716
535 523 0.1745
517 524 0.2852
523 524 0.6716
525 524 0.6575
536 524 0.1915
517 525 0.3748
524 525 0.6575
526 525 0.3069
515 526 0.1151
525 526 0.3069
527 526 0.1046
526 527 0.1046
516 528 0.1333
2 529 0.2309
530 529 0.1815
531 529 0.1108
494 530 0.5107
522 530 0.1065
529 530 0.1815
531 530 0.6506
529 531 0.1108
530 531 0.6506
532 531 0.0316
531 532 0.0316
533 532 0.1681
534 532 0.1544
535 532 0.3849
1 533 0.026
6 533 0.1526
532 533 0.1681
532 534 0.1544
523 535 0.1745
532 535 0.3849
536 535 0.1285
524 536 0.1915
535 536 0.1285
537 536 0.1214
536 537 0.1214
538 537 0.0725
543 537 0.0702
7 538 0.0976
537 538 0.0725
539 538 0.0882
1 539 0.0339
6 539 0.225
538 539 0.0882
7 540 0.1487
541 540 0.0392
547 540 0.1976
540 541 0.0392
542 541 0.1204
543 541 0.1291
550 541 0.3264
551 541 0.7987
541 542 0.1204
537 543 0.0702
541 543 0.1291
544 543 0.2297
543 544 0.2297
545 544 0.6906
546 544 0.2833
544 545 0.6906
551 545 0.4338
868 545 0.2667
1337 545 0.0315
544 546 0.2833
540 547 0.1976
548 547 0.4859
550 547 0.3126
1 548 0.0311
547 548 0.4859
549 548 0.0853
554 548 0.0287
548 549 0.0853
541 550 0.3264
547 550 0.3126
556 550 0.3772
541 551 0.7987
545 551 0.4338
552 551 0.0411
551 552 0.0411
1 553 0.0258
554 553 0.1685
557 553 0.0781
548 554 0.0287
553 554 0.1685
555 554 0.2063
554 555 0.2063
550 556 0.3772
557 556 0.4305
560 556 0.3322
553 557 0.0781
556 557 0.4305
558 557 0.6935
557 558 0.6935
559 558 0.0226
560 558 0.1867
558 559 0.0226
556 560 0.3322
558 560 0.1867
561 560 0.1178
1334 560 0.157
560 561 0.1178
330 562 0.0131
474 562 1.2837
475 562 0.9372
473 563 0.8913
474 563 0.405
564 563 0.0154
331 564 0.7479
470 564 0.1883
474 564 0.015
563 564 0.0154
330 565 0.4796
566 565 0.9158
567 565 0.132
565 566 0.9158
567 566 0.243
568 566 0.7321
477 567 0.203
565 567 0.132
566 567 0.243
477 568 0.0641
566 568 0.7321
569 568 0.5764
571 568 0.048
478 569 0.0597
480 569 0.885
568 569 0.5764
501 570 0.5435
509 570 0.0636
571 570 1.1131
575 570 0.5112
568 571 0.048
570 571 1.1131
572 571 0.1898
480 572 0.6575
571 572 0.1898
573 572 1.7699
572 573 1.7699
574 573 0.287
575 573 0.8467
573 574 0.287
570 575 0.5112
573 575 0.8467
576 575 0.3264
578 575 0.5685
575 576 0.3264
577 576 0.6456
607 576 0.1827
576 577 0.6456
578 577 0.5764
579 577 0.5599
584 577 0.3693
509 578 0.3178
575 578 0.5685
577 578 0.5764
509 579 0.4456
577 579 0.5599
581 579 0.1157
507 580 0.2914
509 580 0.4662
589 580 0.0495
579 581 0.1157
582 581 0.0589
584 581 0.1794
588 581 0.0937
581 582 0.0589
583 582 1.0491
588 582 0.1906
590 582 0.1896
582 583 1.0491
585 583 0.1534
587 583 0.286
593 583 0.6998
577 584 0.3693
581 584 0.1794
585 584 0.4558
583 585 0.1534
584 585 0.4558
586 585 0.2773
599 585 0.3338
585 586 0.2773
587 586 0.5144
595 586 0.3931
583 587 0.286
586 587 0.5144
610 587 0.2318
581 588 0.0937
582 588 0.1906
589 588 0.1337
580 589 0.0495
588 589 0.1337
590 589 0.0844
582 590 0.1896
589 590 0.0844
591 590 1.5642
590 591 1.5642
592 591 1.1031
593 591 1.0194
506 592 0.6207
591 592 1.1031
617 592 0.406
583 593 0.6998
591 593 1.0194
594 593 0.3726
611 593 0.2809
615 593 0.2601
593 594 0.3726
586 595 0.3931
596 595 0.0212
610 595 0.3713
614 595 0.4684
595 596 0.0212
597 596 0.0636
931 596 0.2537
1103 596 0.6135
596 597 0.0636
598 597 0.2029
635 597 0.0784
636 597 0.1515
597 598 0.2029
585 599 0.3338
600 599 0.1375
601 599 0.4456
599 600 0.1375
599 601 0.4456
602 601 0.1434
608 601 0.3658
601 602 0.1434
603 602 0.7547
608 602 0.4156
602 603 0.7547
604 603 0.9166
635 603 0.2585
603 604 0.9166
605 604 0.3453
609 604 1.0943
604 605 0.3453
486 606 0.793
607 606 0.3928
609 606 0.6317
576 607 0.1827
606 607 0.3928
608 607 0.3266
609 607 0.2938
601 608 0.3658
602 608 0.4156
607 608 0.3266
604 609 1.0943
606 609 0.6317
607 609 0.2938
587 610 0.2318
595 610 0.3713
611 610 1.024
593 611 0.2809
610 611 1.024
612 611 1.0653
611 612 1.0653
613 612 1.1992
629 612 1.0292
612 613 1.1992
614 613 0.9208
922 613 0.9302
928 613 0.6671
595 614 0.4684
613 614 0.9208
929 614 0.1601
593 615 0.2601
616 615 0.4042
624 615 0.5858
629 615 0.0815
615 616 0.4042
617 616 0.9921
622 616 1.195
592 617 0.406
616 617 0.9921
618 617 0.6061
617 618 0.6061
619 618 0.0414
621 618 0.3526
622 618 0.8389
505 619 0.9775
618 619 0.0414
620 619 0.3028
511 620 0.2195
619 620 0.3028
621 620 0.1405
512 621 0.5271
618 621 0.3526
620 621 0.1405
616 622 1.195
618 622 0.8389
623 622 0.3311
622 623 0.3311
624 623 0.6305
626 623 1.085
615 624 0.5858
623 624 0.6305
625 624 0.3317
624 625 0.3317
626 625 1.2274
628 625 0.501
623 626 1.085
625 626 1.2274
627 626 1.1008
626 627 1.1008
628 627 0.5076
917 627 0.1058
625 628 0.501
627 628 0.5076
629 628 0.1257
918 628 0.0504
612 629 1.0292
615 629 0.0815
628 629 0.1257
919 629 0.1474
514 630 0.0612
516 630 0.1217
631 630 0.7337
630 631 0.7337
632 631 0.8299
633 631 0.545
875 631 0.3652
631 632 0.8299
633 632 0.3635
871 632 0.1984
891 632 0.2577
516 633 0.4737
631 633 0.545
632 633 0.3635
484 634 0.0925
638 634 0.0311
644 634 0.1105
645 634 0.0687
597 635 0.0784
603 635 0.2585
636 635 0.9251
597 636 0.1515
635 636 0.9251
637 636 0.5456
638 636 0.3738
636 637 0.5456
634 638 0.0311
636 638 0.3738
639 638 0.6716
638 639 0.6716
640 639 0.9251
641 639 0.6873
1106 639 0.0378
639 640 0.9251
641 640 0.6882
643 640 0.0267
644 640 0.1173
639 641 0.6873
640 641 0.6882
642 641 0.3817
668 641 0.4978
641 642 0.3817
640 643 0.0267
634 644 0.1105
640 644 0.1173
657 644 0.5126
660 644 0.1135
634 645 0.0687
646 645 0.1183
647 645 0.0389
645 646 0.1183
348 647 0.4165
645 647 0.0389
648 647 0.3313
647 648 0.3313
650 648 0.0368
651 648 0.0543
347 649 0.0678
648 650 0.0368
648 651 0.0543
652 651 0.1494
653 651 0.0471
651 652 0.1494
651 653 0.0471
654 653 0.0708
666 653 0.0899
653 654 0.0708
655 654 0.0813
656 654 0.0504
654 655 0.0813
654 656 0.0504
644 657 0.5126
658 657 0.0768
659 657 0.0218
657 658 0.0768
657 659 0.0218
644 660 0.1135
661 660 0.0789
671 660 0.3709
660 661 0.0789
662 661 0.5061
675 661 0.0625
676 661 0.0182
661 662 0.5061
663 662 0.1624
664 662 0.1988
662 663 0.1624
662 664 0.1988
665 664 0.0143
666 664 0.7225
664 665 0.0143
653 666 0.0899
664 666 0.7225
667 666 0.0491
666 667 0.0491
693 667 0.212
706 667 0.0151
641 668 0.4978
669 668 0.2839
1110 668 0.2303
668 669 0.2839
670 669 0.0706
671 669 0.4264
672 669 0.3469
669 670 0.0706
660 671 0.3709
669 671 0.4264
672 671 0.3289
669 672 0.3469
671 672 0.3289
673 672 0.8389
672 673 0.8389
674 673 0.258
678 673 0.5441
673 674 0.258
661 675 0.0625
661 676 0.0182
677 676 0.0312
680 676 0.4836
676 677 0.0312
673 678 0.5441
679 678 0.4619
1149 678 0.0079
678 679 0.4619
680 679 0.0339
683 679 0.4122
676 680 0.4836
679 680 0.0339
681 680 0.0347
680 681 0.0347
682 681 0.0609
690 681 0.0174
681 682 0.0609
687 682 0.0161
688 682 0.2753
679 683 0.4122
684 683 0.0357
685 683 0.3228
683 684 0.0357
683 685 0.3228
686 685 0.2002
687 685 0.4405
979 685 0.722
685 686 0.2002
682 687 0.0161
685 687 0.4405
970 687 0.0385
682 688 0.2753
689 688 0.0637
690 688 0.503
688 689 0.0637
681 690 0.0174
688 690 0.503
691 690 0.0182
692 690 0.0674
690 691 0.0182
690 692 0.0674
693 692 0.1011
695 692 0.0929
709 692 0.0042
667 693 0.212
692 693 0.1011
694 693 0.0179
693 694 0.0179
695 694 0.1279
699 694 0.1066
692 695 0.0929
694 695 0.1279
696 695 0.243
695 696 0.243
697 696 0.173
699 696 0.0564
696 697 0.173
698 697 0.0573
701 697 0.1728
697 698 0.0573
694 699 0.1066
696 699 0.0564
700 699 0.0268
699 700 0.0268
701 700 0.0471
707 700 0.1155
697 701 0.1728
700 701 0.0471
702 701 0.0386
701 702 0.0386
703 702 0.004
704 702 0.056
702 703 0.004
704 703 0.0478
707 703 0.0295
702 704 0.056
703 704 0.0478
705 704 0.207
447 705 0.5063
704 705 0.207
851 705 0.083
852 705 0.6983
667 706 0.0151
412 707 0.1106
700 707 0.1155
703 707 0.0295
407 708 0.3405
692 709 0.0042
710 709 0.6246
976 709 0.6447
709 710 0.6246
711 710 0.0237
712 710 0.1245
710 711 0.0237
710 712 0.1245
713 712 0.0403
968 712 0.0538
712 713 0.0403
714 713 0.0702
715 713 0.0135
852 713 0.0353
713 714 0.0702
713 715 0.0135
854 715 0.0166
968 715 0.0318
453 716 0.6729
717 716 0.072
718 716 0.7599
716 717 0.072
716 718 0.7599
719 718 0.0867
723 718 1.3791
459 719 0.0174
718 719 0.0867
720 719 0.0837
719 720 0.0837
721 720 0.0108
726 720 0.0128
720 721 0.0108
722 721 0.1187
723 721 0.7326
724 721 0.9398
721 722 0.1187
718 723 1.3791
721 723 0.7326
813 723 0.2637
721 724 0.9398
725 724 0.9542
810 724 0.0468
724 725 0.9542
726 725 0.0662
746 725 1.022
720 726 0.0128
725 726 0.0662
727 726 0.1883
751 726 0.0112
460 727 0.146
464 727 0.1083
726 727 0.1883
111 728 0.022
466 728 0.4431
729 728 0.526
728 729 0.526
730 729 0.3827
731 729 0.5485
729 730 0.3827
120 731 0.0272
729 731 0.5485
732 731 1.0742
731 732 1.0742
733 732 0.1849
734 732 0.4943
732 733 0.1849
732 734 0.4943
735 734 0.0057
736 734 0.7018
734 735 0.0057
177 736 0.2131
734 736 0.7018
737 736 0.0818
736 737 0.0818
466 738 0.051
739 738 0.0111
741 738 0.0758
738 739 0.0111
740 739 0.2611
753 739 0.0431
739 740 0.2611
741 740 0.0154
762 740 0.1263
738 741 0.0758
740 741 0.0154
742 741 0.0159
741 742 0.0159
177 743 0.2856
744 743 0.1249
745 743 0.0801
743 744 0.1249
743 745 0.0801
725 746 1.022
747 746 0.0745
751 746 1.106
746 747 0.0745
748 747 0.0419
807 747 0.0712
747 748 0.0419
749 748 0.095
756 748 0.0429
748 749 0.095
750 749 0.0179
758 749 0.0437
749 750 0.0179
726 751 0.0112
746 751 1.106
752 751 0.2871
753 751 0.6527
751 752 0.2871
739 753 0.0431
751 753 0.6527
754 753 0.3471
753 754 0.3471
755 754 0.0155
756 754 1.0626
754 755 0.0155
748 756 0.0429
754 756 1.0626
757 756 0.3984
766 756 0.0551
756 757 0.3984
758 757 0.1316
764 757 0.8354
767 757 0.5995
749 758 0.0437
757 758 0.1316
759 758 0.1143
758 759 0.1143
760 759 0.1372
761 759 0.1917
759 760 0.1372
759 761 0.1917
740 762 0.1263
763 762 0.0259
764 762 0.0394
762 763 0.0259
757 764 0.8354
762 764 0.0394
765 764 0.0265
764 765 0.0265
756 766 0.0551
757 767 0.5995
768 767 1.0602
770 767 0.9606
767 768 1.0602
769 768 0.043
783 768 0.7123
768 769 0.043
767 770 0.9606
771 770 0.0134
772 770 0.2627
770 771 0.0134
770 772 0.2627
773 772 0.0343
774 772 0.3981
791 772 0.0402
772 773 0.0343
772 774 0.3981
775 774 0.0435
776 774 0.2719
774 775 0.0435
774 776 0.2719
777 776 0.092
779 776 0.4817
776 777 0.092
778 777 0.2498
781 777 0.1551
777 778 0.2498
776 779 0.4817
780 779 0.0641
781 779 0.4699
779 780 0.0641
777 781 0.1551
779 781 0.4699
782 781 0.0847
781 782 0.0847
768 783 0.7123
784 783 0.0829
789 783 0.7468
783 784 0.0829
785 784 0.1559
786 784 0.123
784 785 0.1559
784 786 0.123
787 786 0.101
788 786 0.1589
786 787 0.101
786 788 0.1589
783 789 0.7468
790 789 0.1773
798 789 0.4888
789 790 0.1773
791 790 0.1829
793 790 0.3573
772 791 0.0402
790 791 0.1829
792 791 0.1563
791 792 0.1563
790 793 0.3573
794 793 0.1985
795 793 0.1937
793 794 0.1985
793 795 0.1937
796 795 0.195
797 795 0.065
795 796 0.195
795 797 0.065
789 798 0.4888
799 798 0.087
800 798 0.3321
798 799 0.087
798 800 0.3321
801 800 0.4662
804 800 0.3967
800 801 0.4662
802 801 0.2187
803 801 0.2561
801 802 0.2187
801 803 0.2561
800 804 0.3967
805 804 0.104
806 804 0.3254
804 805 0.104
804 806 0.3254
747 807 0.0712
808 807 0.1158
809 807 0.0992
807 808 0.1158
807 809 0.0992
724 810 0.0468
811 810 0.1839
812 810 0.0549
810 811 0.1839
810 812 0.0549
723 813 0.2637
814 813 0.0869
826 813 0.0367
813 814 0.0869
815 814 0.2191
820 814 0.3846
814 815 0.2191
816 815 0.1113
817 815 0.152
815 816 0.1113
815 817 0.152
818 817 0.1264
819 817 0.1687
817 818 0.1264
817 819 0.1687
814 820 0.3846
821 820 0.042
822 820 0.2672
820 821 0.042
820 822 0.2672
823 822 0.1277
825 822 0.0448
822 823 0.1277
824 823 0.0335
842 823 0.0591
823 824 0.0335
841 824 0.0613
842 824 0.0303
822 825 0.0448
813 826 0.0367
827 826 0.0312
829 826 0.0644
826 827 0.0312
828 827 0.0605
829 827 0.0873
827 828 0.0605
826 829 0.0644
827 829 0.0873
830 829 1.0774
453 830 0.0205
829 830 1.0774
831 830 0.0938
830 831 0.0938
832 831 0.1246
836 831 0.0265
831 832 0.1246
833 832 0.0541
836 832 0.0554
832 833 0.0541
452 834 0.0328
835 834 0.1614
851 834 0.0765
834 835 0.1614
836 835 0.2033
837 835 0.1545
855 835 0.0251
831 836 0.0265
832 836 0.0554
835 836 0.2033
835 837 0.1545
838 837 0.1249
839 837 0.0949
837 838 0.1249
839 838 0.3421
840 838 0.3288
848 838 0.6333
837 839 0.0949
838 839 0.3421
843 839 0.0341
838 840 0.3288
841 840 0.0478
842 840 0.3804
824 841 0.0613
840 841 0.0478
849 841 0.0527
823 842 0.0591
824 842 0.0303
840 842 0.3804
839 843 0.0341
844 843 0.6154
858 843 1.0
843 844 0.6154
845 844 0.7062
932 844 0.6978
844 845 0.7062
846 845 0.1936
848 845 0.0827
845 846 0.1936
847 846 0.037
850 846 0.0321
846 847 0.037
838 848 0.6333
845 848 0.0827
849 848 0.0684
850 848 0.086
841 849 0.0527
848 849 0.0684
850 849 0.1488
846 850 0.0321
848 850 0.086
849 850 0.1488
448 851 0.0644
705 851 0.083
834 851 0.0765
705 852 0.6983
713 852 0.0353
853 852 0.8651
852 853 0.8651
854 853 0.3643
855 853 0.8319
715 854 0.0166
853 854 0.3643
855 854 0.1651
835 855 0.0251
853 855 0.8319
854 855 0.1651
856 855 0.6684
855 856 0.6684
857 856 0.1115
858 856 1.115
856 857 0.1115
843 858 1.0
856 858 1.115
859 858 0.0231
858 859 0.0231
860 859 0.0263
861 859 0.0739
859 860 0.0263
859 861 0.0739
862 861 0.0591
863 861 0.0424
864 861 0.1057
861 862 0.0591
861 863 0.0424
861 864 0.1057
865 864 0.0322
866 864 0.0452
864 865 0.0322
864 866 0.0452
867 866 0.1745
991 866 0.0917
866 867 0.1745
545 868 0.2667
869 868 0.551
870 868 0.1301
868 869 0.551
871 869 0.2982
872 869 1.1688
868 870 0.1301
632 871 0.1984
869 871 0.2982
872 871 0.2921
874 871 0.0297
869 872 1.1688
871 872 0.2921
873 872 0.8177
872 873 0.8177
874 873 0.8643
1337 873 0.1238
871 874 0.0297
873 874 0.8643
886 874 0.8865
1336 874 0.2505
631 875 0.3652
876 875 0.3729
877 875 0.2928
875 876 0.3729
875 877 0.2928
878 877 0.0618
879 877 0.4619
877 878 0.0618
877 879 0.4619
880 879 0.5568
881 879 1.0566
879 880 0.5568
879 881 1.0566
882 881 0.5565
883 881 0.4331
881 882 0.5565
881 883 0.4331
884 883 0.0952
885 883 1.0068
883 884 0.0952
885 884 0.3207
909 884 0.1621
883 885 1.0068
884 885 0.3207
895 885 0.3499
874 886 0.8865
887 886 0.7728
897 886 0.817
886 887 0.7728
888 887 0.2016
889 887 0.6131
890 887 0.92
887 888 0.2016
1324 888 0.0408
1331 888 0.0372
887 889 0.6131
1333 889 0.0385
1336 889 0.4283
887 890 0.92
892 890 0.1797
897 890 1.1684
898 890 0.0544
632 891 0.2577
892 891 0.1864
897 891 0.0145
890 892 0.1797
891 892 0.1864
893 892 0.4724
892 893 0.4724
894 893 0.0757
895 893 0.1899
893 894 0.0757
885 895 0.3499
893 895 0.1899
896 895 0.2095
899 895 0.5574
895 896 0.2095
886 897 0.817
890 897 1.1684
891 897 0.0145
890 898 0.0544
899 898 0.0903
901 898 0.174
895 899 0.5574
898 899 0.0903
900 899 0.1871
899 900 0.1871
901 900 0.1761
905 900 0.2847
909 900 0.0334
898 901 0.174
900 901 0.1761
902 901 0.2181
901 902 0.2181
903 902 0.23
904 902 0.0474
902 903 0.23
904 903 0.0578
1328 903 0.2723
1453 903 0.0538
902 904 0.0474
903 904 0.0578
1324 904 0.6329
900 905 0.2847
906 905 0.213
1358 905 0.1402
905 906 0.213
907 906 0.854
1358 906 0.1004
1454 906 0.4139
906 907 0.854
908 907 0.575
1356 907 0.6798
1357 907 0.021
907 908 0.575
1355 908 1.1056
1455 908 0.1954
1519 908 0.0883
884 909 0.1621
900 909 0.0334
910 909 0.6234
1346 909 0.8658
909 910 0.6234
911 910 0.8163
1345 910 0.0941
910 911 0.8163
912 911 0.1783
1122 911 0.0579
911 912 0.1783
913 912 0.6386
916 912 0.5063
912 913 0.6386
914 913 0.3183
915 913 0.2654
913 914 0.3183
915 914 0.2675
916 914 0.1622
917 914 0.2032
918 914 0.0894
913 915 0.2654
914 915 0.2675
923 915 0.0335
912 916 0.5063
914 916 0.1622
917 916 0.8726
627 917 0.1058
914 917 0.2032
916 917 0.8726
628 918 0.0504
914 918 0.0894
919 918 0.1041
629 919 0.1474
918 919 0.1041
920 919 0.3537
919 920 0.3537
921 920 0.0389
922 920 0.049
920 921 0.0389
922 921 0.7143
926 921 0.2159
613 922 0.9302
920 922 0.049
921 922 0.7143
915 923 0.0335
924 923 0.2494
1113 923 0.9407
923 924 0.2494
925 924 0.2271
1111 924 0.0962
924 925 0.2271
926 925 0.0468
927 925 0.5429
921 926 0.2159
925 926 0.0468
927 926 0.4419
925 927 0.5429
926 927 0.4419
928 927 0.7364
1101 927 0.0945
613 928 0.6671
927 928 0.7364
929 928 0.3864
614 929 0.1601
928 929 0.3864
930 929 0.2437
929 930 0.2437
1101 930 0.0739
1103 930 0.5519
596 931 0.2537
844 932 0.6978
933 932 0.0626
934 932 0.3845
932 933 0.0626
932 934 0.3845
935 934 0.0449
938 934 0.0857
948 934 0.2639
934 935 0.0449
936 935 0.0072
937 935 0.0163
935 936 0.0072
935 937 0.0163
934 938 0.0857
939 938 0.0479
942 938 0.3342
938 939 0.0479
940 939 0.017
941 939 0.0925
939 940 0.017
939 941 0.0925
938 942 0.3342
943 942 0.2905
944 942 0.1831
942 943 0.2905
942 944 0.1831
945 944 0.0435
946 944 0.0981
947 944 0.1424
944 945 0.0435
944 946 0.0981
944 947 0.1424
934 948 0.2639
949 948 0.5485
955 948 0.3303
948 949 0.5485
950 949 0.0131
951 949 0.1311
949 950 0.0131
949 951 0.1311
952 951 0.0974
953 951 0.0904
954 951 0.0769
951 952 0.0974
951 953 0.0904
951 954 0.0769
948 955 0.3303
956 955 0.5903
962 955 0.0686
955 956 0.5903
957 956 0.8258
965 956 0.1304
956 957 0.8258
958 957 0.0838
959 957 0.1689
957 958 0.0838
957 959 0.1689
960 959 0.3018
961 959 0.2141
959 960 0.3018
959 961 0.2141
955 962 0.0686
963 962 0.2131
964 962 0.2472
962 963 0.2131
962 964 0.2472
956 965 0.1304
966 965 0.208
967 965 0.22
965 966 0.208
965 967 0.22
712 968 0.0538
715 968 0.0318
969 968 0.0241
968 969 0.0241
687 970 0.0385
971 970 0.1921
973 970 0.5708
970 971 0.1921
972 971 0.4859
982 971 0.0225
971 972 0.4859
973 972 0.2444
983 972 0.4762
970 973 0.5708
972 973 0.2444
974 973 0.4419
973 974 0.4419
975 974 0.2789
976 974 0.8157
974 975 0.2789
709 976 0.6447
974 976 0.8157
977 976 0.0323
976 977 0.0323
978 977 0.0546
984 977 0.1837
977 978 0.0546
685 979 0.722
980 979 1.2234
1152 979 0.0151
979 980 1.2234
981 980 0.0879
982 980 1.4749
980 981 0.0879
971 982 0.0225
980 982 1.4749
986 982 0.4093
