2 1 0.0394
3 1 0.0367
4 1 0.0376
5 1 0.0478
6 1 0.0448
7 1 0.0411
8 1 0.038
30 1 0.039
37 1 0.0387
41 1 0.0473
84 1 0.104
85 1 0.0344
86 1 0.0444
89 1 0.0442
1 2 0.0394
439 2 0.3552
454 2 0.2921
1 3 0.0367
1 4 0.0376
461 4 0.3575
463 4 0.9551
1 5 0.0478
405 5 0.9149
462 5 0.6636
1 6 0.0448
9 6 0.2896
411 6 0.8613
1 7 0.0411
30 7 0.6502
34 7 0.4058
1 8 0.038
86 8 0.7686
87 8 0.301
6 9 0.2896
10 9 1.1409
11 9 0.7468
9 10 1.1409
9 11 0.7468
12 11 0.62
13 11 0.2291
20 11 0.6873
11 12 0.62
13 12 1.2793
16 12 0.7205
11 13 0.2291
12 13 1.2793
14 13 0.1741
13 14 0.1741
15 14 0.7587
19 14 0.4019
14 15 0.7587
17 15 0.9881
23 15 0.932
12 16 0.7205
17 16 0.5621
18 16 0.5952
408 16 0.1515
15 17 0.9881
16 17 0.5621
18 17 1.15
16 18 0.5952
17 18 1.15
326 18 0.9174
14 19 0.4019
20 19 1.9301
22 19 1.7822
11 20 0.6873
19 20 1.9301
21 20 1.2207
20 21 1.2207
22 21 0.8292
29 21 0.1793
36 21 0.3396
19 22 1.7822
21 22 0.8292
23 22 0.5305
15 23 0.932
22 23 0.5305
24 23 0.6456
287 23 0.3821
23 24 0.6456
25 24 0.0876
26 24 0.1354
24 25 0.0876
24 26 0.1354
27 26 0.2814
29 26 0.4327
26 27 0.2814
28 27 0.1339
273 27 1.8549
27 28 0.1339
29 28 0.2308
47 28 0.8091
50 28 1.0645
21 29 0.1793
26 29 0.4327
28 29 0.2308
1 30 0.039
7 30 0.6502
31 30 0.8453
35 30 1.015
37 30 0.6618
30 31 0.8453
32 31 0.5236
34 31 1.2312
35 31 0.8475
31 32 0.5236
33 32 1.2865
34 32 0.5848
32 33 1.2865
7 34 0.4058
31 34 1.2312
32 34 0.5848
30 35 1.015
31 35 0.8475
36 35 1.192
37 35 0.6935
21 36 0.3396
35 36 1.192
37 36 0.8666
38 36 0.9407
1 37 0.0387
30 37 0.6618
35 37 0.6935
36 37 0.8666
36 38 0.9407
39 38 1.6474
42 38 0.5841
55 38 0.6006
38 39 1.6474
40 39 0.9625
56 39 0.757
39 40 0.9625
41 40 1.1805
56 40 0.5033
1 41 0.0473
40 41 1.1805
57 41 0.2762
38 42 0.5841
43 42 2.0929
46 42 1.4388
42 43 2.0929
44 43 1.7082
45 43 1.3935
43 44 1.7082
43 45 1.3935
42 46 1.4388
47 46 1.0421
49 46 1.1598
58 46 0.9009
28 47 0.8091
46 47 1.0421
48 47 1.0496
59 47 0.6219
47 48 1.0496
46 49 1.1598
28 50 1.0645
51 50 0.2179
60 50 0.8749
61 50 1.1959
50 51 0.2179
52 51 0.4068
69 51 0.3225
51 52 0.4068
53 52 0.7582
54 52 0.9285
72 52 0.7722
52 53 0.7582
75 53 1.2618
77 53 0.7003
52 54 0.9285
38 55 0.6006
57 55 1.5033
58 55 1.5314
39 56 0.757
40 56 0.5033
57 56 1.6499
41 57 0.2762
55 57 1.5033
56 57 1.6499
65 57 0.3378
46 58 0.9009
55 58 1.5314
59 58 1.1383
64 58 0.6887
47 59 0.6219
58 59 1.1383
60 59 0.7407
50 60 0.8749
59 60 0.7407
61 60 1.334
63 60 0.8826
50 61 1.1959
60 61 1.334
62 61 2.0433
61 62 2.0433
63 62 0.6143
67 62 0.4943
91 62 0.7981
60 63 0.8826
62 63 0.6143
65 63 0.9634
66 63 0.2199
58 64 0.6887
57 65 0.3378
63 65 0.9634
66 65 0.3668
63 66 0.2199
65 66 0.3668
90 66 0.8368
91 66 0.1489
62 67 0.4943
68 67 0.7559
91 67 0.7628
67 68 0.7559
69 68 0.7199
70 68 1.0274
92 68 0.5313
93 68 0.4854
51 69 0.3225
68 69 0.7199
70 69 1.3472
71 69 0.8333
68 70 1.0274
69 70 1.3472
71 70 0.7924
69 71 0.8333
70 71 0.7924
72 71 0.5824
74 71 1.1335
52 72 0.7722
71 72 0.5824
73 72 1.7367
72 73 1.7367
74 73 0.4843
75 73 0.9443
71 74 1.1335
73 74 0.4843
79 74 0.2514
98 74 0.4301
53 75 1.2618
73 75 0.9443
76 75 1.3519
75 76 1.3519
77 76 1.2527
104 76 0.1963
53 77 0.7003
76 77 1.2527
78 77 0.2542
113 77 0.3156
114 77 0.4869
77 78 0.2542
74 79 0.2514
80 79 0.692
96 79 0.7924
79 80 0.692
81 80 0.3108
97 80 0.5325
80 81 0.3108
82 81 1.6003
84 81 0.3899
81 82 1.6003
83 82 0.7246
95 82 0.5821
82 83 0.7246
84 83 1.1925
87 83 0.9363
88 83 0.5365
1 84 0.104
81 84 0.3899
83 84 1.1925
85 84 0.5995
1 85 0.0344
84 85 0.5995
86 85 0.8518
87 85 0.5858
1 86 0.0444
8 86 0.7686
85 86 0.8518
8 87 0.301
83 87 0.9363
85 87 0.5858
88 87 1.2161
89 87 0.5038
90 87 1.1334
83 88 0.5365
87 88 1.2161
94 88 1.1857
1 89 0.0442
87 89 0.5038
90 89 0.1672
66 90 0.8368
87 90 1.1334
89 90 0.1672
62 91 0.7981
66 91 0.1489
67 91 0.7628
92 91 1.2013
68 92 0.5313
91 92 1.2013
93 92 1.0139
94 92 0.1421
68 93 0.4854
92 93 1.0139
95 93 0.1421
88 94 1.1857
92 94 0.1421
95 94 1.3665
82 95 0.5821
93 95 0.1421
94 95 1.3665
79 96 0.7924
80 97 0.5325
98 97 0.0531
100 97 0.738
74 98 0.4301
97 98 0.0531
99 98 0.1969
98 99 0.1969
97 100 0.738
101 100 0.0804
102 100 0.3934
100 101 0.0804
102 101 1.581
104 101 0.1938
100 102 0.3934
101 102 1.581
103 102 0.2756
102 103 0.2756
76 104 0.1963
101 104 0.1938
105 104 0.3693
113 104 0.3077
104 105 0.3693
106 105 0.9756
122 105 1.1732
105 106 0.9756
107 106 1.53
121 106 0.6766
122 106 0.7593
106 107 1.53
108 107 1.5163
121 107 0.6579
107 108 1.5163
109 108 1.0913
121 108 0.5206
108 109 1.0913
110 109 1.4567
125 109 1.1604
109 110 1.4567
111 110 0.6911
128 110 1.0566
110 111 0.6911
112 111 0.7764
126 111 0.6024
111 112 0.7764
127 112 0.2699
132 112 0.4679
139 112 0.0943
77 113 0.3156
104 113 0.3077
120 113 1.0999
122 113 0.5258
77 114 0.4869
115 114 0.2561
117 114 0.1787
114 115 0.2561
116 115 0.3342
117 115 0.2935
120 115 0.5385
123 115 0.9346
115 116 0.3342
114 117 0.1787
115 117 0.2935
118 117 0.6803
184 117 1.1546
117 118 0.6803
119 118 0.1514
148 118 0.5744
118 119 0.1514
113 120 1.0999
115 120 0.5385
121 120 0.997
106 121 0.6766
107 121 0.6579
108 121 0.5206
120 121 0.997
124 121 0.8143
105 122 1.1732
106 122 0.7593
113 122 0.5258
115 123 0.9346
121 124 0.8143
125 124 0.8299
147 124 0.1606
109 125 1.1604
124 125 0.8299
128 125 1.7129
147 125 0.439
111 126 0.6024
127 126 1.483
128 126 0.9183
112 127 0.2699
126 127 1.483
129 127 0.2516
110 128 1.0566
125 128 1.7129
126 128 0.9183
127 129 0.2516
130 129 0.8319
142 129 0.112
143 129 0.4983
129 130 0.8319
131 130 0.4921
151 130 1.1439
152 130 1.3356
130 131 0.4921
144 131 1.7655
153 131 1.0865
112 132 0.4679
133 132 0.2742
140 132 0.1722
141 132 0.5168
132 133 0.2742
134 133 0.565
161 133 0.294
133 134 0.565
135 134 0.3291
163 134 0.4013
134 135 0.3291
136 135 0.6849
168 135 0.2312
135 136 0.6849
137 136 0.3784
176 136 0.3656
136 137 0.3784
138 137 1.2617
171 137 0.2416
137 138 1.2617
782 138 0.1841
785 138 0.1547
112 139 0.0943
132 140 0.1722
132 141 0.5168
142 141 0.7886
145 141 0.3192
129 142 0.112
141 142 0.7886
143 142 0.3051
129 143 0.4983
142 143 0.3051
144 143 0.5061
131 144 1.7655
143 144 0.5061
145 144 0.1997
155 144 0.5353
141 145 0.3192
144 145 0.1997
160 145 0.6423
147 146 0.1585
124 147 0.1606
125 147 0.439
146 147 0.1585
118 148 0.5744
149 148 1.657
185 148 0.161
148 149 1.657
150 149 1.2
177 149 0.0881
149 150 1.2
151 150 0.338
177 150 0.2407
130 151 1.1439
150 151 0.338
152 151 1.0767
130 152 1.3356
151 152 1.0767
153 152 0.2133
131 153 1.0865
152 153 0.2133
154 153 0.1421
153 154 0.1421
186 154 1.0757
206 154 0.4728
207 154 0.4006
230 154 0.2238
144 155 0.5353
156 155 0.8818
166 155 0.565
155 156 0.8818
157 156 0.0696
165 156 0.5882
156 157 0.0696
158 157 0.5959
159 157 0.7599
157 158 0.5959
159 158 1.2561
160 158 0.5163
162 158 0.0605
168 158 0.1751
157 159 0.7599
158 159 1.2561
167 159 0.2483
172 159 0.2596
194 159 0.4666
145 160 0.6423
158 160 0.5163
161 160 0.1159
133 161 0.294
160 161 0.1159
162 161 1.4486
158 162 0.0605
161 162 1.4486
163 162 1.9088
134 163 0.4013
162 163 1.9088
164 163 0.7369
163 164 0.7369
156 165 0.5882
155 166 0.565
159 167 0.2483
135 168 0.2312
158 168 0.1751
169 168 0.2526
175 168 1.1166
168 169 0.2526
170 169 0.7386
171 169 0.7893
169 170 0.7386
171 170 0.6485
173 170 0.5464
137 171 0.2416
169 171 0.7893
170 171 0.6485
159 172 0.2596
173 172 0.1656
174 172 0.2616
170 173 0.5464
172 173 0.1656
174 173 2.1093
172 174 0.2616
173 174 2.1093
264 174 1.006
168 175 1.1166
136 176 0.3656
149 177 0.0881
150 177 0.2407
178 177 0.6964
203 177 0.2464
177 178 0.6964
179 178 0.8482
185 178 0.1563
178 179 0.8482
180 179 0.668
184 179 0.0531
179 180 0.668
181 180 0.7429
183 180 0.4363
214 180 0.5461
180 181 0.7429
183 181 0.2191
215 181 0.6988
274 181 0.7289
183 182 0.0976
180 183 0.4363
181 183 0.2191
182 183 0.0976
117 184 1.1546
179 184 0.0531
185 184 0.5741
148 185 0.161
178 185 0.1563
184 185 0.5741
154 186 1.0757
187 186 0.2216
240 186 0.2984
186 187 0.2216
188 187 0.0775
193 187 0.2603
187 188 0.0775
189 188 1.0347
195 188 0.2743
188 189 1.0347
190 189 1.4211
196 189 0.2206
189 190 1.4211
191 190 1.7129
197 190 0.5774
190 191 1.7129
192 191 1.8195
198 191 0.37
250 191 0.0272
191 192 1.8195
193 192 1.4738
250 192 0.0799
187 193 0.2603
192 193 1.4738
245 193 0.0505
159 194 0.4666
195 194 1.3519
199 194 0.2259
188 195 0.2743
194 195 1.3519
196 195 1.2925
189 196 0.2206
195 196 1.2925
197 196 1.0048
190 197 0.5774
196 197 1.0048
198 197 0.9533
200 197 0.3114
201 197 0.1861
191 198 0.37
197 198 0.9533
249 198 0.5498
194 199 0.2259
197 200 0.3114
197 201 0.1861
202 201 0.6592
254 201 0.2085
201 202 0.6592
254 202 0.1754
256 202 1.1167
177 203 0.2464
204 203 1.2201
211 203 0.389
241 203 0.0826
203 204 1.2201
205 204 1.3831
211 204 0.2958
242 204 0.1766
204 205 1.3831
206 205 0.8826
209 205 0.3685
154 206 0.4728
205 206 0.8826
207 206 1.4384
154 207 0.4006
206 207 1.4384
208 207 0.5992
209 207 0.1605
207 208 0.5992
209 208 0.7278
227 208 0.4252
205 209 0.3685
207 209 0.1605
208 209 0.7278
210 209 0.4134
209 210 0.4134
211 210 0.5141
212 210 0.5208
222 210 0.2938
203 211 0.389
204 211 0.2958
210 211 0.5141
210 212 0.5208
213 212 0.5921
222 212 0.9033
212 213 0.5921
214 213 0.3495
356 213 0.3373
180 214 0.5461
213 214 0.3495
215 214 0.8688
181 215 0.6988
214 215 0.8688
216 215 0.6734
278 215 0.6645
215 216 0.6734
217 216 0.3811
280 216 0.3232
216 217 0.3811
218 217 0.7874
219 217 0.7536
220 217 0.5516
221 217 0.4399
217 218 0.7874
217 219 0.7536
217 220 0.5516
221 220 0.9141
222 220 0.2684
223 220 0.196
217 221 0.4399
220 221 0.9141
291 221 1.2784
210 222 0.2938
212 222 0.9033
220 222 0.2684
220 223 0.196
224 223 0.7479
296 223 0.8104
223 224 0.7479
225 224 0.3943
296 224 0.8019
224 225 0.3943
226 225 0.7474
368 225 0.2838
369 225 0.4684
225 226 0.7474
227 226 0.9443
229 226 0.5371
208 227 0.4252
226 227 0.9443
228 227 0.4288
227 228 0.4288
226 229 0.5371
230 229 0.8921
232 229 0.1747
154 230 0.2238
229 230 0.8921
231 230 0.6676
230 231 0.6676
229 232 0.1747
233 232 0.5485
719 232 0.1051
232 233 0.5485
234 233 1.0454
728 233 0.8749
233 234 1.0454
235 234 1.0913
237 234 0.1421
234 235 1.0913
236 235 1.1416
238 235 0.3737
235 236 1.1416
237 236 1.8305
251 236 0.0525
234 237 0.1421
236 237 1.8305
725 237 0.2494
730 237 0.1393
235 238 0.3737
239 238 0.8032
245 238 0.2187
246 238 0.153
238 239 0.8032
240 239 0.6676
244 239 0.9653
245 239 0.0914
186 240 0.2984
239 240 0.6676
243 240 0.5513
203 241 0.0826
204 242 0.1766
240 243 0.5513
239 244 0.9653
193 245 0.0505
238 245 0.2187
239 245 0.0914
238 246 0.153
247 246 0.4577
250 246 0.0742
246 247 0.4577
248 247 0.1117
249 247 0.2753
247 248 0.1117
249 248 1.4384
252 248 1.2486
796 248 0.1111
198 249 0.5498
247 249 0.2753
248 249 1.4384
254 249 0.4924
191 250 0.0272
192 250 0.0799
246 250 0.0742
236 251 0.0525
252 251 1.6926
748 251 0.6373
248 252 1.2486
251 252 1.6926
253 252 0.5669
255 252 0.3506
252 253 0.5669
255 253 0.2367
267 253 0.1518
201 254 0.2085
202 254 0.1754
249 254 0.4924
252 255 0.3506
253 255 0.2367
266 255 0.3184
202 256 1.1167
257 256 1.1167
259 256 0.5208
256 257 1.1167
258 257 1.5654
794 257 0.4114
795 257 0.7924
257 258 1.5654
259 258 0.6527
260 258 0.4677
256 259 0.5208
258 259 0.6527
260 259 0.3539
258 260 0.4677
259 260 0.3539
261 260 0.3797
262 260 0.2866
260 261 0.3797
262 261 2.2904
263 261 1.6728
260 262 0.2866
261 262 2.2904
792 262 0.5858
261 263 1.6728
264 263 0.4011
786 263 0.0255
787 263 0.3297
174 264 1.006
263 264 0.4011
265 264 0.0515
264 265 0.0515
255 266 0.3184
267 266 0.6835
268 266 0.4124
253 267 0.1518
266 267 0.6835
268 267 0.7429
266 268 0.4124
267 268 0.7429
269 268 0.3727
271 268 0.677
808 268 0.3899
268 269 0.3727
270 269 0.6242
272 269 0.2772
758 269 0.1119
269 270 0.6242
268 271 0.677
269 272 0.2772
27 273 1.8549
274 273 1.2112
276 273 1.0493
181 274 0.7289
273 274 1.2112
275 274 1.7129
274 275 1.7129
276 275 1.4388
278 275 1.4689
273 276 1.0493
275 276 1.4388
277 276 1.0813
276 277 1.0813
278 277 2.5887
279 277 0.36
215 278 0.6645
275 278 1.4689
277 278 2.5887
277 279 0.36
216 280 0.3232
281 280 0.4533
289 280 0.3388
280 281 0.4533
282 281 2.5582
291 281 0.6618
281 282 2.5582
283 282 0.7077
323 282 1.5214
282 283 0.7077
284 283 1.1004
315 283 0.4195
316 283 0.298
323 283 0.4713
283 284 1.1004
285 284 2.1026
288 284 1.9268
284 285 2.1026
286 285 0.7174
316 285 0.386
285 286 0.7174
287 286 1.6279
324 286 0.1942
23 287 0.3821
286 287 1.6279
288 287 0.7072
284 288 1.9268
287 288 0.7072
289 288 0.3125
280 289 0.3388
288 289 0.3125
290 289 0.277
289 290 0.277
221 291 1.2784
281 291 0.6618
292 291 0.172
291 292 0.172
293 292 0.677
295 292 0.4409
292 293 0.677
294 293 1.3012
301 293 0.2466
293 294 1.3012
295 294 0.813
357 294 0.7273
292 295 0.4409
294 295 0.813
296 295 1.7367
223 296 0.8104
224 296 0.8019
295 296 1.7367
298 297 0.1884
303 297 0.5473
320 297 0.7553
323 297 1.4142
297 298 0.1884
299 298 1.0295
306 298 0.0377
298 299 1.0295
300 299 0.757
375 299 0.1749
299 300 0.757
301 300 0.9718
380 300 0.7634
293 301 0.2466
300 301 0.9718
302 301 0.4212
301 302 0.4212
297 303 0.5473
304 303 1.645
321 303 0.8368
303 304 1.645
305 304 1.1326
322 304 0.031
304 305 1.1326
306 305 0.9775
322 305 0.06
298 306 0.0377
305 306 0.9775
307 306 0.9337
314 306 0.0297
306 307 0.9337
308 307 1.6082
317 307 0.021
318 307 0.0867
319 307 0.1612
307 308 1.6082
309 308 0.6583
311 308 0.2974
308 309 0.6583
310 309 0.6309
376 309 0.498
309 310 0.6309
311 310 0.4782
329 310 0.0723
308 311 0.2974
310 311 0.4782
312 311 1.058
311 312 1.058
313 312 0.4472
339 312 0.1636
312 313 0.4472
314 313 0.5388
317 313 0.1249
306 314 0.0297
313 314 0.5388
317 314 0.1301
324 314 0.4031
283 315 0.4195
316 315 0.1789
322 315 0.0374
323 315 0.1424
283 316 0.298
285 316 0.386
315 316 0.1789
307 317 0.021
313 317 0.1249
314 317 0.1301
307 318 0.0867
307 319 0.1612
297 320 0.7553
303 321 0.8368
304 322 0.031
305 322 0.06
315 322 0.0374
282 323 1.5214
283 323 0.4713
297 323 1.4142
315 323 0.1424
286 324 0.1942
314 324 0.4031
325 324 0.4505
418 324 0.1453
324 325 0.4505
326 325 1.5962
328 325 1.2615
18 326 0.9174
325 326 1.5962
327 326 0.8554
326 327 0.8554
325 328 1.2615
310 329 0.0723
330 329 0.6309
331 329 0.5534
337 329 0.885
329 330 0.6309
331 330 0.998
338 330 0.1506
329 331 0.5534
330 331 0.998
332 331 0.8795
346 331 0.2629
331 332 0.8795
333 332 1.5591
343 332 2.0929
332 333 1.5591
334 333 0.774
340 333 0.7886
341 333 0.3951
343 333 1.6926
333 334 0.774
335 334 0.4558
354 334 1.4142
334 335 0.4558
336 335 0.4869
337 335 0.1669
335 336 0.4869
329 337 0.885
335 337 0.1669
377 337 1.2711
330 338 0.1506
339 338 1.3175
422 338 0.6784
312 339 0.1636
338 339 1.3175
418 339 0.1495
333 340 0.7886
333 341 0.3951
342 341 0.9276
347 341 0.0625
350 341 1.0021
341 342 0.9276
332 343 2.0929
333 343 1.6926
344 343 0.0442
345 343 0.7746
343 344 0.0442
346 344 0.1694
347 344 0.3745
514 344 0.276
343 345 0.7746
331 346 0.2629
344 346 0.1694
435 346 0.3178
341 347 0.0625
344 347 0.3745
348 347 0.4002
519 347 0.0609
347 348 0.4002
349 348 0.1237
522 348 0.1308
676 348 0.0538
348 349 0.1237
350 349 0.4299
355 349 1.166
341 350 1.0021
349 350 0.4299
351 350 0.5498
350 351 0.5498
352 351 0.7502
354 351 1.1955
351 352 0.7502
353 352 1.3959
354 352 0.7825
385 352 0.7918
352 353 1.3959
334 354 1.4142
351 354 1.1955
352 354 0.7825
349 355 1.166
213 356 0.3373
294 357 0.7273
358 357 0.5144
372 357 0.1145
384 357 0.7153
357 358 0.5144
359 358 0.664
383 358 0.6873
384 358 0.2257
358 359 0.664
387 359 0.5602
390 359 0.2885
361 360 1.5418
373 360 1.1122
390 360 0.9533
360 361 1.5418
362 361 0.1797
364 361 0.1067
374 361 1.0221
361 362 0.1797
363 362 0.1762
683 362 0.1288
715 362 0.2236
362 363 0.1762
687 363 0.677
702 363 0.2169
705 363 0.3984
361 364 0.1067
365 364 0.4168
372 364 0.9407
364 365 0.4168
366 365 0.6845
372 365 0.4753
365 366 0.6845
367 366 1.4885
718 366 0.4602
366 367 1.4885
368 367 0.9852
371 367 1.0139
225 368 0.2838
367 368 0.9852
370 368 1.1397
225 369 0.4684
368 370 1.1397
367 371 1.0139
357 372 0.1145
364 372 0.9407
365 372 0.4753
360 373 1.1122
374 373 0.9009
391 373 1.3002
361 374 1.0221
373 374 0.9009
402 374 0.2784
299 375 0.1749
309 376 0.498
377 376 0.9615
378 376 0.7241
337 377 1.2711
376 377 0.9615
378 377 0.6317
376 378 0.7241
377 378 0.6317
379 378 0.5824
378 379 0.5824
380 379 0.4163
382 379 0.4638
384 379 0.2947
300 380 0.7634
379 380 0.4163
381 380 1.8695
380 381 1.8695
379 382 0.4638
383 382 0.7704
386 382 1.6926
358 383 0.6873
382 383 0.7704
387 383 0.6192
357 384 0.7153
358 384 0.2257
379 384 0.2947
352 385 0.7918
386 385 0.1919
389 385 0.0987
397 385 0.9615
398 385 0.1083
382 386 1.6926
385 386 0.1919
387 386 0.5084
388 386 0.3173
359 387 0.5602
383 387 0.6192
386 387 0.5084
386 388 0.3173
385 389 0.0987
359 390 0.2885
360 390 0.9533
391 390 0.9285
373 391 1.3002
390 391 0.9285
392 391 1.2484
391 392 1.2484
393 392 1.1316
404 392 0.151
392 393 1.1316
394 393 0.8032
403 393 0.1167
393 394 0.8032
395 394 1.2112
401 394 0.8606
394 395 1.2112
396 395 1.1178
400 395 0.1798
395 396 1.1178
397 396 0.7289
680 396 0.1656
385 397 0.9615
396 397 0.7289
399 397 1.0368
385 398 0.1083
397 399 1.0368
395 400 0.1798
394 401 0.8606
374 402 0.2784
403 402 0.5855
683 402 0.8562
393 403 0.1167
402 403 0.5855
680 403 0.7722
392 404 0.151
5 405 0.9149
406 405 0.4021
451 405 0.3055
405 406 0.4021
407 406 0.4801
410 406 0.2474
451 406 0.4274
406 407 0.4801
408 407 0.352
412 407 0.8251
16 408 0.1515
407 408 0.352
409 408 0.4023
408 409 0.4023
410 409 0.1334
416 409 0.3765
406 410 0.2474
409 410 0.1334
413 410 0.2536
466 410 0.4686
6 411 0.8613
407 412 0.8251
410 413 0.2536
414 413 0.9597
419 413 0.6897
413 414 0.9597
415 414 0.4701
420 414 0.9033
422 414 0.5476
414 415 0.4701
416 415 0.6386
417 415 0.5388
409 416 0.3765
415 416 0.6386
417 416 0.354
415 417 0.5388
416 417 0.354
418 417 0.8403
324 418 0.1453
339 418 0.1495
417 418 0.8403
413 419 0.6897
420 419 1.1507
427 419 0.2847
445 419 0.179
414 420 0.9033
419 420 1.1507
421 420 0.5549
420 421 0.5549
422 421 0.5621
431 421 0.0958
432 421 0.2284
338 422 0.6784
414 422 0.5476
421 422 0.5621
424 423 0.4721
425 423 0.4019
426 423 0.5444
430 423 0.565
423 424 0.4721
425 424 1.3287
426 424 1.1955
471 424 0.1845
423 425 0.4019
424 425 1.3287
431 425 0.7663
433 425 0.4415
423 426 0.5444
424 426 1.1955
479 426 0.2219
481 426 0.3256
419 427 0.2847
428 427 0.4695
431 427 0.3358
427 428 0.4695
429 428 0.7886
444 428 0.5051
428 429 0.7886
430 429 0.6109
436 429 0.6365
442 429 0.1446
423 430 0.565
429 430 0.6109
443 430 0.1883
421 431 0.0958
425 431 0.7663
427 431 0.3358
421 432 0.2284
425 433 0.4415
434 433 0.3255
467 433 0.0884
433 434 0.3255
435 434 0.6184
468 434 0.4564
346 435 0.3178
434 435 0.6184
469 435 1.66
429 436 0.6365
437 436 1.0218
453 436 0.3596
436 437 1.0218
438 437 0.4415
441 437 0.4172
437 438 0.4415
439 438 0.6285
440 438 1.0624
2 439 0.3552
438 439 0.6285
440 439 0.5974
455 439 1.1719
438 440 1.0624
439 440 0.5974
441 440 0.3062
437 441 0.4172
440 441 0.3062
442 441 0.8562
429 442 0.1446
441 442 0.8562
443 442 0.2826
430 443 0.1883
442 443 0.2826
481 443 0.4564
495 443 0.111
428 444 0.5051
445 444 0.3976
446 444 0.0588
419 445 0.179
444 445 0.3976
465 445 1.899
444 446 0.0588
447 446 1.2945
448 446 1.6728
465 446 0.8496
446 447 1.2945
448 447 0.7943
450 447 0.5593
466 447 0.3129
446 448 1.6728
447 448 0.7943
449 448 0.7067
448 449 0.7067
447 450 0.5593
451 450 1.2161
452 450 1.3835
405 451 0.3055
406 451 0.4274
450 451 1.2161
452 451 1.0081
450 452 1.3835
451 452 1.0081
453 452 0.5882
462 452 0.1393
436 453 0.3596
452 453 0.5882
460 453 0.6046
2 454 0.2921
455 454 2.5733
458 454 1.5115
439 455 1.1719
454 455 2.5733
456 455 0.5476
455 456 0.5476
457 456 0.5071
458 456 1.205
456 457 0.5071
454 458 1.5115
456 458 1.205
459 458 1.1637
458 459 1.1637
460 459 0.4575
461 459 0.7231
453 460 0.6046
459 460 0.4575
461 460 0.4521
4 461 0.3575
459 461 0.7231
460 461 0.4521
5 462 0.6636
452 462 0.1393
463 462 0.5444
4 463 0.9551
462 463 0.5444
464 463 1.3541
463 464 1.3541
445 465 1.899
446 465 0.8496
466 465 1.2814
410 466 0.4686
447 466 0.3129
465 466 1.2814
433 467 0.0884
468 467 0.4505
471 467 0.0946
434 468 0.4564
467 468 0.4505
469 468 0.6959
435 469 1.66
468 469 0.6959
470 469 1.4323
469 470 1.4323
424 471 0.1845
467 471 0.0946
480 471 0.5414
502 471 0.6262
473 472 1.0399
477 472 1.6728
480 472 0.8285
472 473 1.0399
474 473 1.935
492 473 0.1919
473 474 1.935
475 474 1.4104
476 474 1.1439
474 475 1.4104
476 475 0.9066
480 475 1.1521
474 476 1.1439
475 476 0.9066
510 476 0.2556
472 477 1.6728
478 477 0.2149
479 477 0.7949
477 478 0.2149
481 478 1.842
482 478 1.0782
426 479 0.2219
477 479 0.7949
480 479 1.8861
471 480 0.5414
472 480 0.8285
475 480 1.1521
479 480 1.8861
426 481 0.3256
443 481 0.4564
478 481 1.842
478 482 1.0782
483 482 0.6667
495 482 0.8666
482 483 0.6667
484 483 0.2126
486 483 0.1746
483 484 0.2126
485 484 0.0948
489 484 0.2377
484 485 0.0948
483 486 0.1746
487 486 1.0899
491 486 1.205
486 487 1.0899
488 487 0.6566
490 487 0.5
487 488 0.6566
489 488 0.1086
493 488 1.6372
484 489 0.2377
488 489 0.1086
494 489 0.1331
487 490 0.5
486 491 1.205
473 492 0.1919
493 492 0.2967
552 492 0.2217
488 493 1.6372
492 493 0.2967
494 493 1.7495
489 494 0.1331
493 494 1.7495
559 494 1.2955
443 495 0.111
482 495 0.8666
496 495 0.4613
499 495 0.6849
495 496 0.4613
497 496 0.26
498 496 0.2332
496 497 0.26
496 498 0.2332
495 499 0.6849
500 499 0.2697
501 499 0.771
499 500 0.2697
499 501 0.771
471 502 0.6262
503 502 0.5222
512 502 0.757
517 502 0.7794
502 503 0.5222
504 503 0.8857
520 503 0.7634
503 504 0.8857
505 504 0.9597
510 504 0.2769
504 505 0.9597
506 505 0.6196
511 505 0.2388
521 505 0.3213
522 505 0.1118
505 506 0.6196
507 506 2.0589
523 506 0.2065
506 507 2.0589
508 507 0.7052
526 507 0.5593
507 508 0.7052
509 508 0.8547
525 508 0.2479
508 509 0.8547
529 509 0.312
530 509 0.5423
544 509 0.1594
545 509 0.1851
476 510 0.2556
504 510 0.2769
511 510 0.7424
505 511 0.2388
510 511 0.7424
531 511 0.155
502 512 0.757
513 512 0.4468
516 512 1.3543
512 513 0.4468
514 513 0.7862
515 513 1.5008
344 514 0.276
513 514 0.7862
518 514 1.4278
513 515 1.5008
512 516 1.3543
502 517 0.7794
514 518 1.4278
347 519 0.0609
503 520 0.7634
505 521 0.3213
348 522 0.1308
505 522 0.1118
523 522 1.6082
506 523 0.2065
522 523 1.6082
524 523 1.7367
523 524 1.7367
525 524 0.4575
527 524 0.2701
508 525 0.2479
524 525 0.4575
528 525 0.2464
507 526 0.5593
524 527 0.2701
525 528 0.2464
509 529 0.312
509 530 0.5423
511 531 0.155
532 531 1.1423
553 531 1.1358
531 532 1.1423
533 532 0.1763
534 532 0.2096
554 532 0.7128
532 533 0.1763
532 534 0.2096
535 534 0.2855
558 534 0.3364
534 535 0.2855
536 535 1.3002
574 535 0.1288
535 536 1.3002
537 536 0.9901
539 536 0.2092
536 537 0.9901
538 537 1.5485
599 537 0.6223
537 538 1.5485
536 539 0.2092
540 539 0.9191
639 539 0.8013
641 539 0.1657
539 540 0.9191
541 540 0.2782
644 540 0.1442
540 541 0.2782
542 541 0.657
550 541 0.1484
541 542 0.657
543 542 0.6916
549 542 0.1184
542 543 0.6916
544 543 1.5008
551 543 0.2076
509 544 0.1594
543 544 1.5008
551 544 0.1572
509 545 0.1851
546 545 0.7194
551 545 0.1127
545 546 0.7194
547 546 0.2934
677 546 0.1486
546 547 0.2934
548 547 0.2
662 547 0.355
547 548 0.2
549 548 0.2204
550 548 1.0218
542 549 0.1184
548 549 0.2204
550 549 0.3808
541 550 0.1484
548 550 1.0218
549 550 0.3808
543 551 0.2076
544 551 0.1572
545 551 0.1127
492 552 0.2217
553 552 0.3038
561 552 0.2544
531 553 1.1358
552 553 0.3038
554 553 0.6373
563 553 0.0741
532 554 0.7128
553 554 0.6373
555 554 0.3775
564 554 0.186
554 555 0.3775
556 555 0.3006
565 555 0.4545
555 556 0.3006
557 556 0.2661
566 556 0.2286
567 556 0.2817
556 557 0.2661
534 558 0.3364
494 559 1.2955
560 559 1.1857
579 559 0.4153
580 559 0.6274
559 560 1.1857
561 560 0.503
578 560 0.3058
552 561 0.2544
560 561 0.503
562 561 0.7794
581 561 0.1209
561 562 0.7794
563 562 1.0368
577 562 0.4621
553 563 0.0741
562 563 1.0368
564 563 0.4296
554 564 0.186
563 564 0.4296
565 564 0.7047
555 565 0.4545
564 565 0.7047
566 565 1.2636
556 566 0.2286
565 566 1.2636
567 566 1.277
556 567 0.2817
566 567 1.277
568 567 1.2133
596 567 0.4409
567 568 1.2133
569 568 0.2757
573 568 0.3316
568 569 0.2757
570 569 0.9251
597 569 0.4801
569 570 0.9251
571 570 1.1714
599 570 0.0582
570 571 1.1714
572 571 1.6197
585 571 0.1996
571 572 1.6197
602 572 0.3027
604 572 1.4941
568 573 0.3316
574 573 0.533
576 573 1.4584
535 574 0.1288
573 574 0.533
575 574 0.1084
574 575 0.1084
573 576 1.4584
562 577 0.4621
560 578 0.3058
559 579 0.4153
559 580 0.6274
561 581 0.1209
582 581 1.7047
609 581 0.2427
581 582 1.7047
583 582 1.0338
596 582 1.0651
582 583 1.0338
584 583 0.6743
598 583 1.2099
583 584 0.6743
585 584 0.2126
597 584 0.2278
612 584 0.2711
571 585 0.1996
584 585 0.2126
586 585 0.2579
585 586 0.2579
587 586 0.7112
622 586 0.0922
586 587 0.7112
588 587 0.2585
623 587 0.1571
587 588 0.2585
589 588 1.2617
593 588 1.1854
588 589 1.2617
590 589 2.0433
593 589 0.4699
589 590 2.0433
591 590 1.2925
621 590 0.1341
590 591 1.2925
592 591 0.2649
1103 591 0.4063
591 592 0.2649
588 593 1.1854
589 593 0.4699
594 593 0.1489
593 594 0.1489
595 594 0.1987
1067 594 1.3569
1082 594 0.2884
594 595 0.1987
567 596 0.4409
582 596 1.0651
598 596 0.9183
569 597 0.4801
584 597 0.2278
598 597 0.4568
583 598 1.2099
596 598 0.9183
597 598 0.4568
537 599 0.6223
570 599 0.0582
603 599 1.3472
626 599 0.4888
601 600 0.59
602 600 0.0987
603 600 1.4079
608 600 0.2829
600 601 0.59
572 602 0.3027
600 602 0.0987
603 602 0.082
599 603 1.3472
600 603 1.4079
602 603 0.082
572 604 1.4941
605 604 0.7402
606 604 0.3724
604 605 0.7402
604 606 0.3724
607 606 0.0713
608 606 0.1727
1065 606 0.3435
1071 606 0.1255
606 607 0.0713
600 608 0.2829
606 608 0.1727
635 608 0.1167
581 609 0.2427
610 609 0.6515
611 609 0.125
609 610 0.6515
609 611 0.125
584 612 0.2711
613 612 0.2456
625 612 0.2169
612 613 0.2456
614 613 1.0086
622 613 0.1882
613 614 1.0086
615 614 0.5974
625 614 0.5171
614 615 0.5974
616 615 0.9921
624 615 0.4448
625 615 0.2711
615 616 0.9921
617 616 0.672
623 616 0.2082
616 617 0.672
618 617 0.8117
621 617 0.214
617 618 0.8117
621 618 0.3736
1095 618 0.3679
620 619 0.5549
1095 619 1.4719
1096 619 0.5634
619 620 0.5549
590 621 0.1341
617 621 0.214
618 621 0.3736
586 622 0.0922
613 622 0.1882
623 622 1.0635
587 623 0.1571
616 623 0.2082
622 623 1.0635
615 624 0.4448
612 625 0.2169
614 625 0.5171
615 625 0.2711
599 626 0.4888
627 626 1.1813
636 626 0.4448
626 627 1.1813
628 627 0.6139
629 627 0.323
627 628 0.6139
627 629 0.323
630 629 0.5688
647 629 0.4139
629 630 0.5688
631 630 0.813
633 630 0.885
630 631 0.813
632 631 0.2549
634 631 0.6506
631 632 0.2549
630 633 0.885
631 634 0.6506
608 635 0.1167
626 636 0.4448
637 636 0.1205
645 636 0.1045
636 637 0.1205
638 637 0.6868
648 637 0.4527
637 638 0.6868
639 638 0.969
651 638 0.1283
539 639 0.8013
638 639 0.969
640 639 0.1013
639 640 0.1013
641 640 0.579
643 640 0.7018
539 641 0.1657
640 641 0.579
642 641 0.3124
641 642 0.3124
643 642 0.6024
663 642 0.1686
640 643 0.7018
642 643 0.6024
660 643 0.374
540 644 0.1442
636 645 0.1045
646 645 2.4402
648 645 1.608
645 646 2.4402
647 646 2.0842
652 646 0.171
629 647 0.4139
646 647 2.0842
1211 647 1.7787
637 648 0.4527
645 648 1.608
649 648 0.172
648 649 0.172
650 649 0.9515
652 649 0.2927
649 650 0.9515
651 650 0.7716
653 650 0.7364
657 650 0.1911
638 651 0.1283
650 651 0.7716
661 651 1.578
646 652 0.171
649 652 0.2927
653 652 0.2985
656 652 1.2758
650 653 0.7364
652 653 0.2985
654 653 0.3975
653 654 0.3975
655 654 0.25
656 654 0.1854
654 655 0.25
652 656 1.2758
654 656 0.1854
1214 656 0.3918
650 657 0.1911
658 657 1.8965
673 657 0.1159
657 658 1.8965
659 658 0.2139
666 658 0.0861
671 658 0.2745
658 659 0.2139
660 659 0.8496
661 659 0.8921
643 660 0.374
659 660 0.8496
661 660 1.0499
651 661 1.578
659 661 0.8921
660 661 1.0499
547 662 0.355
663 662 0.2723
675 662 0.36
642 663 0.1686
662 663 0.2723
664 663 0.657
682 663 0.4363
663 664 0.657
665 664 0.3389
667 664 0.2461
664 665 0.3389
666 665 0.3887
667 665 0.0582
674 665 0.8278
658 666 0.0861
665 666 0.3887
668 666 0.1693
664 667 0.2461
665 667 0.0582
668 667 0.8764
692 667 0.0755
666 668 0.1693
667 668 0.8764
669 668 0.9066
690 668 0.247
668 669 0.9066
670 669 0.1056
691 669 1.6935
693 669 0.0883
669 670 0.1056
671 670 1.1592
1032 670 0.3897
658 671 0.2745
670 671 1.1592
672 671 0.62
671 672 0.62
657 673 0.1159
665 674 0.8278
662 675 0.36
348 676 0.0538
546 677 0.1486
678 677 0.2811
682 677 0.1015
677 678 0.2811
680 678 0.2504
703 678 0.2717
680 679 0.2876
681 679 1.0831
684 679 0.7407
703 679 0.777
704 679 1.0476
396 680 0.1656
403 680 0.7722
678 680 0.2504
679 680 0.2876
681 680 0.2945
679 681 1.0831
680 681 0.2945
683 681 0.9363
663 682 0.4363
677 682 0.1015
704 682 0.183
362 683 0.1288
402 683 0.8562
681 683 0.9363
684 683 0.8658
679 684 0.7407
683 684 0.8658
685 684 0.2387
684 685 0.2387
686 685 1.2992
688 685 0.3935
685 686 1.2992
687 686 0.8803
701 686 0.1765
363 687 0.677
686 687 0.8803
701 687 0.3327
685 688 0.3935
689 688 0.0883
692 688 0.3458
688 689 0.0883
690 689 0.1599
692 689 0.2224
668 690 0.247
689 690 0.1599
691 690 0.1153
669 691 1.6935
690 691 0.1153
694 691 0.2365
667 692 0.0755
688 692 0.3458
689 692 0.2224
669 693 0.0883
999 693 0.2038
1015 693 0.1346
691 694 0.2365
695 694 0.6826
702 694 0.2307
694 695 0.6826
696 695 0.1805
978 695 0.3805
695 696 0.1805
697 696 0.651
710 696 0.0981
696 697 0.651
698 697 0.3326
711 697 0.3622
697 698 0.3326
699 698 0.9276
712 698 0.3492
698 699 0.9276
700 699 0.3589
713 699 0.1081
699 700 0.3589
686 701 0.1765
687 701 0.3327
702 701 0.9911
363 702 0.2169
694 702 0.2307
701 702 0.9911
678 703 0.2717
679 703 0.777
704 703 1.0032
679 704 1.0476
682 704 0.183
703 704 1.0032
363 705 0.3984
706 705 0.8921
709 705 0.5274
710 705 0.5271
705 706 0.8921
707 706 0.059
708 706 0.2923
706 707 0.059
706 708 0.2923
705 709 0.5274
710 709 1.1857
711 709 0.4785
714 709 0.0933
696 710 0.0981
705 710 0.5271
709 710 1.1857
697 711 0.3622
709 711 0.4785
712 711 0.3647
698 712 0.3492
711 712 0.3647
713 712 0.1843
699 713 0.1081
712 713 0.1843
714 713 0.1045
709 714 0.0933
713 714 0.1045
747 714 0.4677
984 714 1.274
362 715 0.2236
716 715 0.1666
717 715 0.1
715 716 0.1666
729 716 0.8163
747 716 0.2851
715 717 0.1
366 718 0.4602
719 718 1.2925
726 718 0.1732
232 719 0.1051
718 719 1.2925
720 719 0.1639
726 719 0.1473
719 720 0.1639
721 720 1.1436
729 720 0.4168
720 721 1.1436
722 721 2.1119
723 721 0.4063
721 722 2.1119
721 723 0.4063
724 723 0.7231
725 723 0.0905
723 724 0.7231
237 725 0.2494
723 725 0.0905
733 725 1.0746
718 726 0.1732
719 726 0.1473
727 726 0.1008
726 727 0.1008
233 728 0.8749
716 729 0.8163
720 729 0.4168
742 729 0.2145
237 730 0.1393
731 730 0.7806
732 730 0.1113
751 730 0.0568
730 731 0.7806
730 732 0.1113
733 732 1.5533
734 732 1.7982
753 732 0.179
725 733 1.0746
732 733 1.5533
742 733 0.1425
732 734 1.7982
735 734 0.4228
991 734 0.1337
734 735 0.4228
736 735 0.6553
992 735 0.1188
995 735 0.1833
735 736 0.6553
737 736 0.6803
757 736 0.383
736 737 0.6803
738 737 0.6887
777 737 0.4165
737 738 0.6887
739 738 0.5596
771 738 0.2104
778 738 0.4352
738 739 0.5596
740 739 0.4568
995 739 0.0963
739 740 0.4568
741 740 0.5981
963 740 2.0222
740 741 0.5981
891 741 0.0502
908 741 0.4031
936 741 1.0034
729 742 0.2145
733 742 0.1425
743 742 1.0172
991 742 0.6592
742 743 1.0172
744 743 0.8432
967 743 0.533
743 744 0.8432
745 744 0.9149
746 744 0.8333
744 745 0.9149
746 745 1.1183
747 745 0.6916
744 746 0.8333
745 746 1.1183
983 746 0.4427
714 747 0.4677
716 747 0.2851
745 747 0.6916
251 748 0.6373
750 748 0.3126
752 748 0.5721
751 749 0.1019
752 749 0.554
753 749 0.4693
754 749 0.3289
748 750 0.3126
758 750 1.1673
772 750 0.1499
730 751 0.0568
749 751 0.1019
752 751 0.1746
748 752 0.5721
749 752 0.554
751 752 0.1746
732 753 0.179
749 753 0.4693
754 753 0.7179
757 753 0.3697
749 754 0.3289
753 754 0.7179
755 754 0.9823
754 755 0.9823
756 755 1.6273
766 755 1.271
755 756 1.6273
757 756 1.0244
776 756 1.468
736 757 0.383
753 757 0.3697
756 757 1.0244
269 758 0.1119
750 758 1.1673
759 758 1.4708
758 759 1.4708
760 759 0.3241
773 759 0.1423
759 760 0.3241
761 760 0.6766
775 760 0.1141
760 761 0.6766
762 761 0.9009
766 761 0.0578
780 761 0.1179
761 762 0.9009
763 762 1.4868
767 762 0.0279
762 763 1.4868
764 763 0.3311
829 763 0.2376
830 763 0.6135
763 764 0.3311
765 764 0.3582
768 764 0.1922
764 765 0.3582
770 765 0.1208
892 765 0.4392
755 766 1.271
761 766 0.0578
767 766 0.5058
762 767 0.0279
766 767 0.5058
768 767 0.9872
764 768 0.1922
767 768 0.9872
769 768 0.6061
768 769 0.6061
770 769 1.2527
779 769 0.993
765 770 0.1208
769 770 1.2527
771 770 0.7128
885 770 0.1208
738 771 0.2104
770 771 0.7128
885 771 0.7077
750 772 0.1499
759 773 0.1423
774 773 0.1713
835 773 0.0464
773 774 0.1713
781 774 0.3239
814 774 0.625
760 775 0.1141
756 776 1.468
777 776 1.1635
779 776 0.3976
737 777 0.4165
776 777 1.1635
778 777 1.0011
738 778 0.4352
777 778 1.0011
779 778 0.5102
769 779 0.993
776 779 0.3976
778 779 0.5102
761 780 0.1179
774 781 0.3239
138 782 0.1841
783 782 0.1313
816 782 0.0982
782 783 0.1313
784 783 0.0898
789 783 0.3897
804 783 0.5333
783 784 0.0898
805 784 0.7698
807 784 0.5627
138 785 0.1547
786 785 0.1207
789 785 0.444
263 786 0.0255
785 786 0.1207
787 786 0.0415
263 787 0.3297
786 787 0.0415
788 787 0.1858
787 788 0.1858
789 788 0.8197
790 788 0.3465
783 789 0.3897
785 789 0.444
788 789 0.8197
788 790 0.3465
791 790 1.345
798 790 0.9671
799 790 0.1223
790 791 1.345
792 791 1.2617
794 791 0.208
262 792 0.5858
791 792 1.2617
793 792 1.436
792 793 1.436
257 794 0.4114
791 794 0.208
799 794 1.5886
257 795 0.7924
248 796 0.1111
797 796 1.4738
799 796 0.3447
796 797 1.4738
800 797 0.5879
802 797 0.5359
790 798 0.9671
800 798 0.5233
801 798 0.8518
790 799 0.1223
794 799 1.5886
796 799 0.3447
800 799 1.2514
797 800 0.5879
798 800 0.5233
799 800 1.2514
798 801 0.8518
802 801 0.9479
803 801 0.9294
797 802 0.5359
801 802 0.9479
807 802 1.456
809 802 0.2245
801 803 0.9294
783 804 0.5333
805 804 0.1237
811 804 0.4708
784 805 0.7698
804 805 0.1237
806 805 1.3221
811 805 0.1597
812 805 0.4486
805 806 1.3221
807 806 0.7491
810 806 0.6406
784 807 0.5627
802 807 1.456
806 807 0.7491
809 807 0.1006
268 808 0.3899
809 808 0.5992
813 808 0.3192
802 809 0.2245
807 809 0.1006
808 809 0.5992
806 810 0.6406
804 811 0.4708
805 811 0.1597
812 811 0.2948
805 812 0.4486
811 812 0.2948
815 812 0.2904
820 812 0.5498
808 813 0.3192
814 813 0.4965
815 813 0.639
774 814 0.625
813 814 0.4965
815 814 1.2849
812 815 0.2904
813 815 0.639
814 815 1.2849
782 816 0.0982
817 816 0.8688
1352 816 0.07
816 817 0.8688
818 817 0.7236
1349 817 0.1306
817 818 0.7236
819 818 0.4141
820 818 0.2677
818 819 0.4141
812 820 0.5498
818 820 0.2677
821 820 0.2991
828 820 0.2184
820 821 0.2991
822 821 0.6028
826 821 0.0839
821 822 0.6028
823 822 0.8554
827 822 0.1472
822 823 0.8554
824 823 0.2819
825 823 0.6046
823 824 0.2819
823 825 0.6046
821 826 0.0839
822 827 0.1472
820 828 0.2184
763 829 0.2376
763 830 0.6135
831 830 0.1003
832 830 0.3774
830 831 0.1003
830 832 0.3774
837 832 0.7429
883 832 0.2802
834 833 0.0774
836 833 0.0716
883 833 0.1539
833 834 0.0774
773 835 0.0464
833 836 0.0716
879 836 0.1791
880 836 0.242
832 837 0.7429
838 837 0.5033
884 837 0.1468
837 838 0.5033
839 838 0.997
878 838 0.1022
838 839 0.997
840 839 1.1843
871 839 0.118
839 840 1.1843
841 840 0.8446
869 840 0.105
840 841 0.8446
842 841 0.8058
857 841 0.1505
869 841 0.1842
892 841 0.1695
841 842 0.8058
843 842 0.7669
893 842 0.4305
842 843 0.7669
844 843 0.1299
893 843 0.158
843 844 0.1299
845 844 0.5018
898 844 0.3073
844 845 0.5018
846 845 0.3493
856 845 0.0314
901 845 0.0838
845 846 0.3493
847 846 0.5071
854 846 0.1806
855 846 0.0265
846 847 0.5071
848 847 0.6964
853 847 0.0468
847 848 0.6964
849 848 0.5705
852 848 0.3366
848 849 0.5705
850 849 0.564
851 849 0.4963
849 850 0.564
849 851 0.4963
848 852 0.3366
847 853 0.0468
846 854 0.1806
846 855 0.0265
845 856 0.0314
841 857 0.1505
858 857 1.0963
867 857 0.018
857 858 1.0963
859 858 0.2927
866 858 0.0525
867 858 0.0585
858 859 0.2927
860 859 0.2895
863 859 0.0226
865 859 0.0758
859 860 0.2895
861 860 0.1559
862 860 0.0961
864 860 0.0617
860 861 0.1559
860 862 0.0961
859 863 0.0226
860 864 0.0617
859 865 0.0758
858 866 0.0525
857 867 0.018
858 867 0.0585
868 867 0.1014
867 868 0.1014
840 869 0.105
841 869 0.1842
870 869 0.0421
869 870 0.0421
839 871 0.118
872 871 0.4701
878 871 0.0447
871 872 0.4701
873 872 0.3131
876 872 0.06
877 872 0.0663
872 873 0.3131
874 873 0.0604
878 873 0.0196
873 874 0.0604
875 874 0.0524
879 874 0.0351
874 875 0.0524
872 876 0.06
872 877 0.0663
838 878 0.1022
871 878 0.0447
873 878 0.0196
879 878 0.3879
884 878 0.176
836 879 0.1791
874 879 0.0351
878 879 0.3879
836 880 0.242
881 880 0.057
882 880 0.0965
880 881 0.057
880 882 0.0965
832 883 0.2802
833 883 0.1539
884 883 0.1053
837 884 0.1468
878 884 0.176
883 884 0.1053
770 885 0.1208
771 885 0.7077
886 885 0.1432
885 886 0.1432
887 886 0.6863
892 886 0.3931
886 887 0.6863
888 887 0.2682
893 887 0.2491
887 888 0.2682
889 888 0.4442
904 888 0.0347
906 888 0.0384
888 889 0.4442
890 889 0.3168
902 889 0.0954
903 889 0.2141
889 890 0.3168
894 890 0.1363
895 890 0.2395
741 891 0.0502
905 891 0.1376
908 891 0.2819
765 892 0.4392
841 892 0.1695
886 892 0.3931
893 892 0.1967
842 893 0.4305
843 893 0.158
887 893 0.2491
892 893 0.1967
890 894 0.1363
890 895 0.2395
896 895 0.0841
897 895 0.3574
895 896 0.0841
895 897 0.3574
844 898 0.3073
899 898 0.1494
900 898 0.0481
898 899 0.1494
898 900 0.0481
845 901 0.0838
889 902 0.0954
889 903 0.2141
888 904 0.0347
891 905 0.1376
906 905 0.4097
934 905 0.2166
888 906 0.0384
905 906 0.4097
907 906 0.1808
906 907 0.1808
741 908 0.4031
891 908 0.2819
909 908 0.389
908 909 0.389
910 909 1.4079
934 909 0.1697
953 909 0.7616
909 910 1.4079
911 910 0.7825
934 910 0.1393
910 911 0.7825
912 911 0.5133
935 911 0.0716
952 911 0.1554
911 912 0.5133
913 912 0.1802
929 912 0.1997
912 913 0.1802
914 913 0.8097
923 913 0.0945
926 913 0.0773
913 914 0.8097
915 914 0.6414
923 914 0.0529
914 915 0.6414
916 915 0.4619
922 915 0.1038
915 916 0.4619
917 916 0.1282
918 916 0.11
919 916 0.0885
916 917 0.1282
920 917 0.6689
921 917 0.1439
916 918 0.11
916 919 0.0885
917 920 0.6689
917 921 0.1439
915 922 0.1038
913 923 0.0945
914 923 0.0529
924 923 0.0419
925 923 0.1163
923 924 0.0419
923 925 0.1163
913 926 0.0773
927 926 0.3798
928 926 0.1914
926 927 0.3798
926 928 0.1914
912 929 0.1997
930 929 0.1988
931 929 0.0758
929 930 0.1988
932 930 0.0742
933 930 0.0767
929 931 0.0758
930 932 0.0742
930 933 0.0767
905 934 0.2166
909 934 0.1697
910 934 0.1393
911 935 0.0716
741 936 1.0034
937 936 0.1682
962 936 0.2216
963 936 0.255
936 937 0.1682
938 937 0.3288
953 937 0.0371
959 937 0.7692
961 937 0.9033
937 938 0.3288
939 938 0.947
954 938 0.207
938 939 0.947
940 939 0.7008
957 939 0.0994
939 940 0.7008
941 940 0.2177
952 940 0.048
965 940 0.1475
940 941 0.2177
944 941 0.4617
949 941 0.0761
950 941 0.0651
951 941 0.0434
943 942 0.3899
944 942 0.2221
945 942 0.0838
942 943 0.3899
941 944 0.4617
942 944 0.2221
946 944 0.8251
942 945 0.0838
944 946 0.8251
947 946 0.0653
948 946 0.0825
946 947 0.0653
972 947 0.2933
981 947 0.1906
946 948 0.0825
941 949 0.0761
941 950 0.0651
941 951 0.0434
911 952 0.1554
940 952 0.048
953 952 0.0472
909 953 0.7616
937 953 0.0371
952 953 0.0472
938 954 0.207
955 954 0.2641
956 954 0.1406
954 955 0.2641
954 956 0.1406
939 957 0.0994
958 957 0.2339
964 957 0.1
957 958 0.2339
959 958 0.2987
964 958 0.3778
937 959 0.7692
958 959 0.2987
960 959 0.0651
959 960 0.0651
961 960 0.1664
964 960 0.3782
998 960 0.1918
937 961 0.9033
960 961 0.1664
962 961 0.0391
936 962 0.2216
961 962 0.0391
963 962 1.0679
996 962 0.1711
740 963 2.0222
936 963 0.255
962 963 1.0679
957 964 0.1
958 964 0.3778
960 964 0.3782
940 965 0.1475
966 965 0.1943
970 965 0.0672
965 966 0.1943
967 966 0.0447
969 966 0.0752
743 967 0.533
966 967 0.0447
968 967 0.0617
991 967 0.4651
967 968 0.0617
966 969 0.0752
970 969 0.7236
986 969 0.1821
965 970 0.0672
969 970 0.7236
971 970 0.3177
970 971 0.3177
947 972 0.2933
973 972 0.2514
1003 972 0.0375
