14 1 0.0106
16 1 0.0096
28 1 0.0308
159 1 0.0112
163 1 0.0104
167 1 0.0099
169 1 0.0119
175 1 0.0231
192 1 0.0102
202 1 0.0097
40 2 1781.5785
41 2 4101.7227
60 2 15681.3549
104 2 1467.3514
108 2 7037.2977
113 2 3847.6337
117 2 1169.3171
179 3 4228.3298
187 3 4894.7626
190 3 2378.1213
205 3 18234.8651
206 3 3637.6864
223 3 4046.9446
225 3 1895.3753
98 4 5257.6236
112 4 3759.3985
118 4 1057.9771
210 4 4450.3783
118 5 2671.6538
123 5 25700.3341
125 5 3935.4585
145 5 7457.1216
10 6 29832.9356
19 6 1023.1226
29 6 18996.9605
38 6 5330.4904
50 6 1256.2814
54 6 9950.2488
79 6 18621.9739
33 7 70.1754
38 7 3565.0624
54 7 3110.4199
59 7 1522.3017
75 7 1486.9888
21 8 2132.6509
22 8 10370.2167
221 8 15748.0315
45 9 2798.7685
175 9 2082.4656
243 9 1086.2481
6 10 29832.9356
19 10 771.01
29 10 8896.7972
23 11 1437.4012
224 11 17534.6309
229 11 5271.4813
242 11 9165.9028
214 12 15149.2198
215 12 20279.8621
220 12 6257.8223
209 13 1771.1654
214 13 3460.2076
237 13 134156.1578
1 14 0.0106
200 14 3099.814
209 14 3766.4783
218 14 1218.472
16 15 5973.7157
133 15 911.577
154 15 9469.697
155 15 14526.4381
1 16 0.0096
15 16 5973.7157
156 16 3321.1558
159 16 2383.7902
153 17 2594.7068
167 17 778.2101
245 17 475.9638
80 18 1793.0787
82 18 8123.4768
90 18 992.0635
94 18 1380.4528
99 18 3162.5553
148 18 2626.7402
151 18 1650.165
173 18 18577.0017
6 19 1023.1226
10 19 771.01
251 19 254.4529
180 20 2101.2818
203 20 2876.0426
207 20 136986.3014
8 21 2132.6509
180 21 1018.6411
232 21 868.8097
8 22 10370.2167
43 22 6983.2402
52 22 3579.0981
63 22 5387.931
221 22 6675.5674
11 23 1437.4012
114 24 2011.2631
132 24 2044.1537
137 24 3537.3187
26 25 878.7346
85 25 2305.2098
92 25 5068.4237
25 26 878.7346
72 26 475.2852
152 26 9671.1799
250 26 2650.4108
31 27 4351.6101
39 27 7127.5837
149 27 8673.0269
152 27 3840.2458
240 27 346.6205
250 27 1375.1375
1 28 0.0308
31 28 3282.9941
36 28 8025.6822
165 28 36859.5651
6 29 18996.9605
10 29 8896.7972
101 29 9784.7358
151 30 431.2204
166 30 1444.2519
171 30 409.1653
189 30 22542.8314
234 30 8431.7032
27 31 4351.6101
28 31 3282.9941
149 31 8818.3422
34 32 1220.1074
49 32 187.4063
110 32 212.8565
7 33 70.1754
61 33 180.4403
126 33 271.7391
32 34 1220.1074
35 34 2809.778
42 34 1958.4802
34 35 2809.778
40 35 2855.5111
41 35 2241.6499
28 36 8025.6822
153 36 2956.8303
245 36 3229.9742
38 37 24050.0241
101 37 5515.7198
126 37 426.2575
6 38 5330.4904
7 38 3565.0624
37 38 24050.0241
27 39 7127.5837
149 39 24067.3887
152 39 27285.1296
2 40 1781.5785
35 40 2855.5111
104 40 555.2471
2 41 4101.7227
35 41 2241.6499
56 41 653.5948
34 42 1958.4802
44 42 328.8392
49 42 462.3209
22 43 6983.2402
52 43 5017.5615
195 43 1629.4606
42 44 328.8392
46 44 1682.0858
56 44 2478.3147
9 45 2798.7685
188 45 3367.0034
231 45 5373.4551
44 46 1682.0858
57 46 491.1591
144 46 488.7586
48 47 5627.462
53 47 1256.5971
195 47 2214.8394
47 48 5627.462
64 48 3330.0033
213 48 4649.0005
32 49 187.4063
42 49 462.3209
144 49 150.4438
6 50 1256.2814
183 50 9671.1799
230 50 143.4103
53 51 1201.7786
81 51 9433.9623
217 51 3965.1071
22 52 3579.0981
43 52 5017.5615
81 52 347.1017
47 53 1256.5971
51 53 1201.7786
213 53 3690.0369
6 54 9950.2488
7 54 3110.4199
77 54 4098.3607
212 55 972.7626
223 55 5165.2893
225 55 3178.6395
41 56 653.5948
44 56 2478.3147
57 56 1500.15
46 57 491.1591
56 57 1500.15
69 57 931.0987
61 58 614.2506
244 58 393.0818
251 58 177.9043
7 59 1522.3017
71 59 71.1238
124 59 731.5289
2 60 15681.3549
62 60 700.2801
70 60 1147.8421
33 61 180.4403
58 61 614.2506
120 61 422.2973
60 62 700.2801
69 62 513.0836
73 62 999.001
22 63 5387.931
221 63 11947.4313
250 63 2386.0654
48 64 3330.0033
65 64 7220.2166
217 64 1106.5619
64 65 7220.2166
81 65 1115.3246
105 65 2061.4306
68 66 552.4862
71 66 277.0083
109 66 1423.0824
135 67 5724.0985
162 67 9460.7379
174 67 3489.1835
178 67 14501.1601
201 67 464.9
211 67 628.9308
66 68 552.4862
71 68 206.1856
124 68 1887.1485
57 69 931.0987
62 69 513.0836
78 69 383.1418
60 70 1147.8421
73 70 478.2401
119 70 1258.9702
59 71 71.1238
66 71 277.0083
68 71 206.1856
26 72 475.2852
87 72 475.7374
195 72 595.2381
62 73 999.001
70 73 478.2401
84 73 869.5652
105 74 3834.3558
114 74 1406.8655
143 74 602.7728
7 75 1486.9888
76 75 839.6306
124 75 2239.1402
75 76 839.6306
77 76 5730.659
109 76 434.9717
54 77 4098.3607
76 77 5730.659
79 77 6086.4273
69 78 383.1418
80 78 604.9607
84 78 706.7138
6 79 18621.9739
77 79 6086.4273
168 79 664.4518
18 80 1793.0787
78 80 604.9607
90 80 1015.2284
170 80 2653.2237
51 81 9433.9623
52 81 347.1017
65 81 1115.3246
18 82 8123.4768
170 82 6090.134
173 82 2457.6063
224 83 20828.994
73 84 869.5652
78 84 706.7138
89 84 620.3474
25 85 2305.2098
87 85 1424.5014
92 85 2781.6412
168 86 1037.0217
183 86 1069.862
222 86 973.7098
72 87 475.7374
85 87 1424.5014
95 87 1371.554
93 88 1959.6316
102 88 2703.4334
183 88 2882.6751
84 89 620.3474
90 89 1658.925
94 89 928.5051
18 90 992.0635
80 90 1015.2284
89 90 1658.925
110 91 1304.121
111 91 2848.1914
113 91 4555.8087
25 92 5068.4237
85 92 2781.6412
150 92 723.589
88 93 1959.6316
96 93 2667.378
102 93 438.7889
18 94 1380.4528
89 94 928.5051
199 94 1749.4752
87 95 1371.554
97 95 823.7232
100 95 395.1008
93 96 2667.378
98 96 5743.8254
112 96 651.0417
95 97 823.7232
100 97 1122.7125
150 97 1699.813
4 98 5257.6236
96 98 5743.8254
112 98 3428.1796
18 99 3162.5553
148 99 1498.1273
199 99 3834.3558
95 100 395.1008
97 100 1122.7125
103 100 1252.9758
29 101 9784.7358
37 101 5515.7198
120 101 793.6508
88 102 2703.4334
93 102 438.7889
222 102 5359.0568
100 103 1252.9758
105 103 1208.1672
164 103 1128.0316
2 104 1467.3514
40 104 555.2471
108 104 1450.7471
65 105 2061.4306
74 105 3834.3558
103 105 1208.1672
109 106 448.0287
168 106 800.0
222 106 706.7138
174 107 3765.0602
184 107 2024.2915
194 107 14202.528
2 108 7037.2977
104 108 1450.7471
111 108 3257.329
66 109 1423.0824
76 109 434.9717
106 109 448.0287
32 110 212.8565
91 110 1304.121
111 110 1411.8311
91 111 2848.1914
108 111 3257.329
110 111 1411.8311
4 112 3759.3985
96 112 651.0417
98 112 3428.1796
2 113 3847.6337
91 113 4555.8087
115 113 1768.6594
24 114 2011.2631
74 114 1406.8655
143 114 848.1764
113 115 1768.6594
116 115 1410.6362
122 115 1246.7273
115 116 1410.6362
117 116 3456.6194
119 116 1446.1316
2 117 1169.3171
116 117 3456.6194
119 117 2369.6682
4 118 1057.9771
5 118 2671.6538
123 118 7936.5079
70 119 1258.9702
116 119 1446.1316
117 119 2369.6682
61 120 422.2973
101 120 793.6508
126 120 486.618
130 121 560.2241
150 121 823.7232
164 121 3619.2544
115 122 1246.7273
127 122 1056.3008
216 122 685.8711
5 123 25700.3341
118 123 7936.5079
141 123 789.8894
59 124 731.5289
68 124 1887.1485
75 124 2239.1402
5 125 3935.4585
128 125 1484.781
140 125 9861.9329
33 126 271.7391
37 126 426.2575
120 126 486.618
122 127 1056.3008
131 127 1916.4431
134 127 488.0429
125 128 1484.781
129 128 2531.0048
145 128 1603.3349
128 129 2531.0048
133 129 752.4454
196 129 5506.6079
121 130 560.2241
132 130 2602.1337
137 130 1363.1407
127 131 1916.4431
134 131 2732.2404
136 131 5555.5556
24 132 2044.1537
130 132 2602.1337
137 132 2693.9655
15 133 911.577
129 133 752.4454
139 133 269.9784
127 134 488.0429
131 134 2732.2404
135 134 7757.9519
67 135 5724.0985
134 135 7757.9519
138 135 1292.992
131 136 5555.5556
138 136 1356.484
142 136 2503.1289
24 137 3537.3187
130 137 1363.1407
132 137 2693.9655
135 138 1292.992
136 138 1356.484
158 138 704.7216
133 139 269.9784
140 139 1287.0013
141 139 2631.5789
125 140 9861.9329
139 140 1287.0013
141 140 3723.0082
123 141 789.8894
139 141 2631.5789
140 141 3723.0082
136 142 2503.1289
146 142 1207.5836
158 142 1037.775
74 143 602.7728
114 143 848.1764
164 143 655.7377
46 144 488.7586
49 144 150.4438
190 144 505.8169
5 145 7457.1216
128 145 1603.3349
196 145 2890.1734
142 146 1207.5836
147 146 2638.5224
199 146 571.7553
146 147 2638.5224
148 147 7262.1641
158 147 432.339
18 148 2626.7402
99 148 1498.1273
147 148 7262.1641
27 149 8673.0269
31 149 8818.3422
39 149 24067.3887
92 150 723.589
97 150 1699.813
121 150 823.7232
18 151 1650.165
30 151 431.2204
173 151 434.5937
26 152 9671.1799
27 152 3840.2458
39 152 27285.1296
17 153 2594.7068
36 153 2956.8303
160 153 3097.8934
15 154 9469.697
155 154 11723.3294
196 154 1159.6892
15 155 14526.4381
154 155 11723.3294
156 155 7225.4335
16 156 3321.1558
155 156 7225.4335
157 156 6215.0404
156 157 6215.0404
159 157 1927.8967
169 157 1966.1817
138 158 704.7216
142 158 1037.775
147 158 432.339
1 159 0.0112
16 159 2383.7902
157 159 1927.8967
153 160 3097.8934
161 160 2915.4519
165 160 1845.0185
160 161 2915.4519
163 161 1913.5094
165 161 2115.0592
67 162 9460.7379
172 162 2022.2447
193 162 14068.655
1 163 0.0104
161 163 1913.5094
167 163 1440.2996
103 164 1128.0316
121 164 3619.2544
143 164 655.7377
28 165 36859.5651
160 165 1845.0185
161 165 2115.0592
30 166 1444.2519
171 166 1933.8619
172 166 2587.3221
193 166 4502.4764
1 167 0.0099
17 167 778.2101
163 167 1440.2996
79 168 664.4518
86 168 1037.0217
106 168 800.0
1 169 0.0119
157 169 1966.1817
175 169 1500.6002
80 170 2653.2237
82 170 6090.134
235 170 704.2254
30 171 409.1653
166 171 1933.8619
172 171 1582.5289
162 172 2022.2447
166 172 2587.3221
171 172 1582.5289
18 173 18577.0017
82 173 2457.6063
151 173 434.5937
67 174 3489.1835
107 174 3765.0602
182 174 5780.3468
1 175 0.0231
9 175 2082.4656
169 175 1500.6002
177 176 2755.58
181 176 1718.5083
235 176 1582.7794
176 177 2755.58
179 177 4399.4721
186 177 14905.351
67 178 14501.1601
182 178 4646.8401
193 178 9302.3256
3 179 4228.3298
177 179 4399.4721
187 179 5385.0296
20 180 2101.2818
21 180 1018.6411
185 180 901.7133
197 180 3216.4683
176 181 1718.5083
186 181 342.5831
235 181 1208.4592
174 182 5780.3468
178 182 4646.8401
184 182 2639.9155
50 183 9671.1799
86 183 1069.862
88 183 2882.6751
107 184 2024.2915
182 184 2639.9155
185 184 4844.9612
180 185 901.7133
184 185 4844.9612
194 185 2614.3791
177 186 14905.351
181 186 342.5831
187 186 3516.1744
3 187 4894.7626
179 187 5385.0296
186 187 3516.1744
45 188 3367.0034
191 188 1884.3037
198 188 559.9104
30 189 22542.8314
234 189 7272.7273
238 189 17304.0318
239 189 14863.258
240 189 7457.1216
245 189 1459.6409
3 190 2378.1213
144 190 505.8169
205 190 814.3322
188 191 1884.3037
192 191 3447.0872
204 191 2060.5811
1 192 0.0102
191 192 3447.0872
204 192 2306.8051
162 193 14068.655
166 193 4502.4764
178 193 9302.3256
107 194 14202.528
185 194 2614.3791
197 194 2137.6657
43 195 1629.4606
47 195 2214.8394
72 195 595.2381
129 196 5506.6079
145 196 2890.1734
154 196 1159.6892
180 197 3216.4683
194 197 2137.6657
203 197 3846.1538
188 198 559.9104
200 198 1896.094
226 198 630.9148
94 199 1749.4752
99 199 3834.3558
146 199 571.7553
14 200 3099.814
198 200 1896.094
202 200 1152.8706
67 201 464.9
203 201 1102.0498
236 201 831.9468
1 202 0.0097
200 202 1152.8706
204 202 3546.0993
20 203 2876.0426
197 203 3846.1538
201 203 1102.0498
191 204 2060.5811
192 204 2306.8051
202 204 3546.0993
3 205 18234.8651
190 205 814.3322
206 205 988.1423
3 206 3637.6864
205 206 988.1423
208 206 189.2506
20 207 136986.3014
206 208 189.2506
210 208 1541.5446
212 208 3139.7174
13 209 1771.1654
14 209 3766.4783
215 209 6626.9052
4 210 4450.3783
208 210 1541.5446
212 210 4633.9203
67 211 628.9308
216 211 766.2835
236 211 2965.5991
55 212 972.7626
208 212 3139.7174
210 212 4633.9203
48 213 4649.0005
53 213 3690.0369
217 213 17962.9962
12 214 15149.2198
13 214 3460.2076
215 214 15573.8981
12 215 20279.8621
209 215 6626.9052
214 215 15573.8981
122 216 685.8711
211 216 766.2835
236 216 1419.8495
51 217 3965.1071
64 217 1106.5619
213 217 17962.9962
14 218 1218.472
219 218 1886.0807
220 218 1968.5039
218 219 1886.0807
220 219 5970.1493
224 219 6020.4696
226 219 802.5682
12 220 6257.8223
218 220 1968.5039
219 220 5970.1493
8 221 15748.0315
22 221 6675.5674
63 221 11947.4313
86 222 973.7098
102 222 5359.0568
106 222 706.7138
3 223 4046.9446
55 223 5165.2893
225 223 16046.2131
11 224 17534.6309
83 224 20828.994
219 224 6020.4696
3 225 1895.3753
55 225 3178.6395
223 225 16046.2131
198 226 630.9148
219 226 802.5682
227 226 4043.6717
231 226 1076.6581
226 227 4043.6717
228 227 21367.5214
241 227 4587.156
227 228 21367.5214
229 228 19058.5096
233 228 2301.496
11 229 5271.4813
228 229 19058.5096
241 229 10417.7518
242 229 6468.3053
50 230 143.4103
244 230 18.8608
248 230 257.5992
45 231 5373.4551
226 231 1076.6581
233 231 4462.2936
21 232 868.8097
234 232 3305.7851
238 232 11859.5825
228 233 2301.496
231 233 4462.2936
249 233 694.927
30 234 8431.7032
189 234 7272.7273
232 234 3305.7851
170 235 704.2254
176 235 1582.7794
181 235 1208.4592
201 236 831.9468
211 236 2965.5991
216 236 1419.8495
13 237 134156.1578
189 238 17304.0318
232 238 11859.5825
239 238 30769.2308
189 239 14863.258
238 239 30769.2308
240 239 9569.378
27 240 346.6205
189 240 7457.1216
239 240 9569.378
227 241 4587.156
229 241 10417.7518
242 241 9208.1031
11 242 9165.9028
229 242 6468.3053
241 242 9208.1031
9 243 1086.2481
246 243 4416.9611
247 243 4258.9438
58 244 393.0818
230 244 18.8608
248 244 112.1831
17 245 475.9638
36 245 3229.9742
189 245 1459.6409
243 246 4416.9611
247 246 4520.7957
249 246 2831.2571
243 247 4258.9438
246 247 4520.7957
249 247 875.6567
230 248 257.5992
244 248 112.1831
251 248 316.9572
233 249 694.927
246 249 2831.2571
247 249 875.6567
26 250 2650.4108
27 250 1375.1375
63 250 2386.0654
19 251 254.4529
58 251 177.9043
248 251 316.9572
