58 1 16455.4879
214 1 1147.7103
219 1 11139.5789
3 2 1002.1044
120 2 759.8784
121 2 13431.8334
131 2 4885.1979
139 2 6825.9386
200 2 3699.593
2 3 1002.1044
4 3 2256.3177
35 3 79365.0794
3 4 2256.3177
5 4 17310.0225
114 4 993.0487
223 4 12010.5693
4 5 17310.0225
87 5 18368.8464
89 5 38880.2488
108 5 4334.6337
113 5 12639.0293
123 6 1044.9321
128 6 15564.2023
163 6 408.8307
220 6 16082.3416
71 7 10739.985
76 7 6138.7354
82 7 5141.3882
93 7 3955.6962
76 8 4237.2881
97 8 9293.6803
111 8 5027.6521
119 8 3479.4711
175 8 22291.5738
234 8 7396.4497
85 9 13674.2787
97 9 10773.5402
176 9 7209.8053
178 9 3617.945
186 9 17140.8982
239 9 4128.8192
241 10 1983.7334
246 10 8517.8876
254 10 32669.0624
255 10 1733.7032
260 10 5558.6437
12 11 7905.1383
181 11 3348.9618
247 11 138.6386
281 11 8920.6066
11 12 7905.1383
20 12 735.8352
55 12 4640.3712
275 12 12938.2844
38 13 16675.0042
55 13 1271.4558
56 13 12818.8694
275 13 3343.3634
15 14 5868.5446
56 14 3145.6433
57 14 21390.3743
14 15 5868.5446
67 15 6618.1337
165 15 2245.1729
172 15 3990.423
245 15 8333.3333
23 16 281.3731
156 16 4897.1596
242 16 7457.1216
244 16 43177.8929
251 16 2440.8103
265 16 29205.6075
25 17 5871.9906
156 17 2806.6236
252 17 25278.0586
262 17 15593.3261
264 17 7949.1256
19 18 12468.8279
64 18 18882.1752
206 18 3016.5913
269 18 2143.6227
18 19 12468.8279
42 19 8116.8831
50 19 2862.0492
57 19 9615.3846
74 19 30740.8546
201 19 2883.5063
206 19 4301.0753
12 20 735.8352
55 20 38654.8125
96 20 14878.7383
22 21 4462.2936
31 21 500.5005
40 21 5906.6745
96 21 3749.5313
21 22 4462.2936
136 22 7490.6367
240 22 638.1621
16 23 281.3731
189 23 78247.2613
230 23 17337.0319
213 24 2259.887
230 24 446.4286
232 24 3409.4783
17 25 5871.9906
101 25 7204.611
185 25 10790.9787
253 25 1992.0319
64 26 16784.1558
69 26 10775.8621
191 26 7490.6367
196 26 2748.0077
264 26 9671.1799
28 27 6138.7354
34 27 4621.0721
69 27 6402.0487
27 28 6138.7354
48 28 4935.8342
217 28 56306.3063
202 29 5714.2857
205 29 689.6552
208 29 36010.0828
209 29 9505.7034
213 30 15415.4463
21 31 500.5005
132 31 1298.1955
211 31 1585.7913
33 32 4732.6077
84 32 14865.4675
90 32 7412.8984
157 32 5485.4635
283 32 2754.0622
32 33 4732.6077
34 33 11548.6777
72 33 37257.8241
157 33 1933.488
27 34 4621.0721
33 34 11548.6777
274 34 11208.2493
3 35 79365.0794
91 36 652.7415
127 36 814.3322
135 36 3003.9051
157 36 1762.7358
167 36 1003.9153
105 37 3332.2226
151 37 108354.1012
157 37 3300.33
13 38 16675.0042
96 38 306.2787
187 38 2130.8332
45 39 0.0156
46 39 0.0169
98 39 0.0496
105 39 0.0145
107 39 0.0141
110 39 0.015
177 39 0.0305
21 40 5906.6745
179 40 10450.4128
187 40 685.8711
107 41 23963.5754
19 42 8116.8831
50 42 3639.0102
179 42 2075.9809
248 43 5586.5922
45 44 384.6154
116 44 2635.7406
248 44 4108.4634
39 45 0.0156
44 45 384.6154
46 45 3680.53
222 45 3231.0178
39 46 0.0169
45 46 3680.53
148 46 72306.5799
173 47 2888.5038
180 47 2277.3856
222 47 2612.3302
28 48 4935.8342
199 48 11672.6976
276 48 4618.9376
277 48 2696.8716
188 49 128683.5671
199 49 13908.2058
202 49 23696.6825
205 49 22497.1879
19 50 2862.0492
42 50 3639.0102
187 50 519.7505
52 51 1420.0511
180 51 1872.6592
231 51 727.2727
276 51 687.7579
51 52 1420.0511
53 52 3898.6355
73 52 2487.5622
141 52 6009.6154
52 53 3898.6355
83 53 6802.7211
216 53 71022.7273
78 54 5053.0571
94 54 6802.7211
146 54 94876.6603
12 55 4640.3712
13 55 1271.4558
20 55 38654.8125
13 56 12818.8694
14 56 3145.6433
57 56 53821.3132
14 57 21390.3743
19 57 9615.3846
56 57 53821.3132
1 58 16455.4879
60 58 5305.0398
160 58 6548.7885
80 59 2994.9087
84 59 2037.905
144 59 7283.3212
58 60 5305.0398
61 60 14312.2943
215 60 16239.0386
60 61 14312.2943
62 61 14845.6057
278 61 10883.7614
61 62 14845.6057
63 62 13730.6055
278 62 4666.3556
62 63 13730.6055
65 63 12520.3456
66 63 1229.1052
18 64 18882.1752
26 64 16784.1558
80 64 911.577
63 65 12520.3456
66 65 57110.2227
126 65 5633.8028
63 66 1229.1052
65 66 57110.2227
68 66 8453.0854
15 67 6618.1337
156 67 2988.6432
262 67 12540.7575
66 68 8453.0854
154 68 26267.4022
161 68 1706.7759
26 69 10775.8621
27 69 6402.0487
72 69 16949.1525
260 70 577.3672
266 70 783.6991
267 70 1624.4314
7 71 10739.985
115 71 1447.597
218 71 3051.5716
33 72 37257.8241
69 72 16949.1525
196 72 1234.8728
52 73 2487.5622
75 73 452.6935
261 73 654.4503
19 74 30740.8546
95 74 3013.8638
283 74 3669.7248
73 75 452.6935
88 75 375.9398
261 75 603.1363
7 76 6138.7354
8 76 4237.2881
118 76 5630.6306
254 77 5274.2616
256 77 3418.8034
263 77 4597.7011
54 78 5053.0571
79 78 19391.1189
94 78 7122.5071
78 79 19391.1189
81 79 6609.3853
94 79 1041.016
59 80 2994.9087
64 80 911.577
192 80 2330.4591
79 81 6609.3853
83 81 6954.1029
88 81 449.8426
7 82 5141.3882
85 82 11851.1496
97 82 21668.4724
53 83 6802.7211
81 83 6954.1029
88 83 1054.5186
32 84 14865.4675
59 84 2037.905
198 84 2519.5263
9 85 13674.2787
82 85 11851.1496
86 85 62893.0818
226 85 507.0994
85 86 62893.0818
87 86 35248.5019
184 86 2452.7839
224 86 881.0573
5 87 18368.8464
86 87 35248.5019
89 87 21542.4386
75 88 375.9398
81 88 449.8426
83 88 1054.5186
5 89 38880.2488
87 89 21542.4386
184 89 1781.8959
32 90 7412.8984
91 90 30102.348
95 90 527.9831
36 91 652.7415
90 91 30102.348
240 91 7949.1256
93 92 5521.8112
109 92 1950.4584
184 92 1478.6337
7 93 3955.6962
92 93 5521.8112
183 93 24131.2741
54 94 6802.7211
78 94 7122.5071
79 94 1041.016
74 95 3013.8638
90 95 527.9831
132 95 511.7707
20 96 14878.7383
21 96 3749.5313
38 96 306.2787
8 97 9293.6803
9 97 10773.5402
82 97 21668.4724
39 98 0.0496
99 98 1828.1536
274 98 9017.1326
98 99 1828.1536
177 99 2258.3559
274 99 719.9424
207 100 13299.6409
215 100 1142.074
278 100 54024.8514
25 101 7204.611
279 101 1647.1751
282 101 1711.1567
104 102 2254.2831
106 102 3096.934
183 102 3718.8546
200 103 11317.3382
203 103 935.4537
214 103 2464.8755
102 104 2254.2831
106 104 1649.6206
124 104 24242.4242
37 105 3332.2226
39 105 0.0145
271 105 6176.6523
102 106 3096.934
104 106 1649.6206
249 106 4633.9203
39 107 0.0141
41 107 23963.5754
110 107 3203.075
5 108 4334.6337
109 108 2730.7482
249 108 3594.5363
92 109 1950.4584
108 109 2730.7482
183 109 2189.6212
39 110 0.015
107 110 3203.075
116 110 6531.6786
8 111 5027.6521
112 111 2808.1999
241 111 643.915
111 112 2808.1999
115 112 669.7924
119 112 6222.7754
5 113 12639.0293
114 113 62189.0547
249 113 1563.7217
4 114 993.0487
113 114 62189.0547
233 114 30321.4069
71 115 1447.597
112 115 669.7924
118 115 2286.2369
44 116 2635.7406
110 116 6531.6786
248 116 7621.9512
137 117 2404.4241
140 117 8431.7032
150 117 149031.2966
76 118 5630.6306
115 118 2286.2369
119 118 1082.9543
8 119 3479.4711
112 119 6222.7754
118 119 1082.9543
2 120 759.8784
121 120 24881.8114
233 120 7429.4205
2 121 13431.8334
120 121 24881.8114
122 121 6675.5674
121 122 6675.5674
123 122 897.6661
125 122 504.0323
6 123 1044.9321
122 123 897.6661
124 123 4692.6326
104 124 24242.4242
123 124 4692.6326
125 124 2466.6996
122 125 504.0323
124 125 2466.6996
233 125 1550.628
65 126 5633.8028
154 126 22558.0871
158 126 15176.8098
36 127 814.3322
133 127 401.6064
271 127 451.2635
6 128 15564.2023
129 128 57537.3993
174 128 7812.5
128 129 57537.3993
131 129 12115.338
143 129 688.7052
142 130 883.3922
145 130 6031.3631
243 130 2972.6516
257 130 424.6285
2 131 4885.1979
129 131 12115.338
143 131 5117.7073
31 132 1298.1955
95 132 511.7707
211 132 1481.9206
127 133 401.6064
134 133 39032.0062
137 133 9680.5421
133 134 39032.0062
135 134 5500.5501
212 134 28968.7138
36 135 3003.9051
134 135 5500.5501
167 135 2811.3579
22 136 7490.6367
152 136 109349.3712
240 136 45207.9566
117 137 2404.4241
133 137 9680.5421
212 137 38895.3715
154 138 8136.6965
161 138 8888.8889
162 138 3316.7496
2 139 6825.9386
153 139 29010.734
257 139 32905.561
117 140 8431.7032
149 140 124875.1249
271 140 2218.2786
52 141 6009.6154
195 141 4710.3156
261 141 306.0912
130 142 883.3922
143 142 2580.6452
257 142 841.0429
129 143 688.7052
131 143 5117.7073
142 143 2580.6452
59 144 7283.3212
194 144 8665.5113
198 144 5549.3896
130 145 6031.3631
170 145 2428.9531
174 145 4253.5091
54 146 94876.6603
177 147 123533.0451
46 148 72306.5799
140 149 124875.1249
117 150 149031.2966
37 151 108354.1012
136 152 109349.3712
139 153 29010.734
159 153 18311.6645
243 153 2431.3153
68 154 26267.4022
126 154 22558.0871
138 154 8136.6965
259 155 734.7539
268 155 2537.427
270 155 2901.9153
16 156 4897.1596
17 156 2806.6236
67 156 2988.6432
32 157 5485.4635
33 157 1933.488
36 157 1762.7358
37 157 3300.33
126 158 15176.8098
159 158 46146.7467
228 158 480.5382
153 159 18311.6645
158 159 46146.7467
204 159 1143.6414
58 160 6548.7885
219 160 12532.8989
221 160 8453.0854
68 161 1706.7759
138 161 8888.8889
162 161 2450.3798
138 162 3316.7496
161 162 2450.3798
163 162 401.6064
6 163 408.8307
162 163 401.6064
168 163 4288.1647
171 164 5086.47
264 164 973.7098
269 164 1767.409
15 165 2245.1729
172 165 7017.5439
269 165 4210.5263
168 166 6765.8999
170 166 648.0881
243 166 1323.2764
36 167 1003.9153
135 167 2811.3579
212 167 448.2295
163 168 4288.1647
166 168 6765.8999
169 168 1237.0114
168 169 1237.0114
170 169 6035.003
174 169 728.3321
145 170 2428.9531
166 170 648.0881
169 170 6035.003
164 171 5086.47
172 171 5807.2009
262 171 668.0027
15 172 3990.423
165 172 7017.5439
171 172 5807.2009
47 173 2888.5038
231 173 8888.8889
277 173 412.5413
128 174 7812.5
145 174 4253.5091
169 174 728.3321
8 175 22291.5738
176 175 2155.1724
178 175 1871.9581
9 176 7209.8053
175 176 2155.1724
178 176 13858.0931
39 177 0.0305
99 177 2258.3559
147 177 123533.0451
9 178 3617.945
175 178 1871.9581
176 178 13858.0931
40 179 10450.4128
42 179 2075.9809
211 179 2392.917
47 180 2277.3856
51 180 1872.6592
222 180 105.4296
11 181 3348.9618
182 181 841.0429
281 181 3652.3009
181 182 841.0429
250 182 1868.8096
280 182 3699.593
93 183 24131.2741
102 183 3718.8546
109 183 2189.6212
86 184 2452.7839
89 184 1781.8959
92 184 1478.6337
25 185 10790.9787
190 185 12481.2781
235 185 3527.3369
9 186 17140.8982
38 187 2130.8332
40 187 685.8711
50 187 519.7505
49 188 128683.5671
23 189 78247.2613
185 190 12481.2781
232 190 46061.7227
282 190 4566.21
26 191 7490.6367
192 191 4789.272
193 191 32541.4904
80 192 2330.4591
191 192 4789.272
194 192 12426.9914
191 193 32541.4904
194 193 9208.1031
272 193 17543.8596
144 194 8665.5113
192 194 12426.9914
193 194 9208.1031
141 195 4710.3156
197 195 2746.4982
276 195 4816.9557
26 196 2748.0077
72 196 1234.8728
272 196 4823.9267
195 197 2746.4982
199 197 20885.5472
276 197 14974.5433
84 198 2519.5263
144 198 5549.3896
272 198 4438.5264
48 199 11672.6976
49 199 13908.2058
197 199 20885.5472
2 200 3699.593
103 200 11317.3382
203 200 560.5381
19 201 2883.5063
206 201 3423.4851
283 201 871.0801
29 202 5714.2857
49 202 23696.6825
205 202 86132.6443
103 203 935.4537
200 203 560.5381
204 203 3242.5422
159 204 1143.6414
203 204 3242.5422
228 204 569.152
29 205 689.6552
49 205 22497.1879
202 205 86132.6443
18 206 3016.5913
19 206 4301.0753
201 206 3423.4851
100 207 13299.6409
214 207 3449.4653
228 207 301.3864
29 208 36010.0828
209 208 7806.4012
210 208 1545.3562
29 209 9505.7034
208 209 7806.4012
210 209 14378.1452
208 210 1545.3562
209 210 14378.1452
213 210 1365.5606
31 211 1585.7913
132 211 1481.9206
179 211 2392.917
134 212 28968.7138
137 212 38895.3715
167 212 448.2295
24 213 2259.887
30 213 15415.4463
210 213 1365.5606
1 214 1147.7103
103 214 2464.8755
207 214 3449.4653
229 214 10124.5317
60 215 16239.0386
100 215 1142.074
221 215 2310.536
53 216 71022.7273
28 217 56306.3063
71 218 3051.5716
1 219 11139.5789
160 219 12532.8989
229 219 18705.5743
6 220 16082.3416
160 221 8453.0854
215 221 2310.536
229 221 2763.958
45 222 3231.0178
47 222 2612.3302
180 222 105.4296
4 223 12010.5693
224 223 6626.9052
225 223 19080.3282
86 224 881.0573
223 224 6626.9052
227 224 4686.0356
223 225 19080.3282
226 225 4562.0438
227 225 10670.0811
85 226 507.0994
225 226 4562.0438
227 226 2779.3218
224 227 4686.0356
225 227 10670.0811
226 227 2779.3218
158 228 480.5382
204 228 569.152
207 228 301.3864
214 229 10124.5317
219 229 18705.5743
221 229 2763.958
23 230 17337.0319
24 230 446.4286
237 230 2148.6893
51 231 727.2727
173 231 8888.8889
276 231 11920.3719
24 232 3409.4783
190 232 46061.7227
279 232 2515.0905
114 233 30321.4069
120 233 7429.4205
125 233 1550.628
8 234 7396.4497
236 234 6082.7251
241 234 8110.3001
185 235 3527.3369
237 235 6238.3032
253 235 8688.0973
234 236 6082.7251
238 236 8006.4051
246 236 2982.4038
230 237 2148.6893
235 237 6238.3032
242 237 8103.7277
236 238 8006.4051
239 238 18450.1845
250 238 53078.5563
9 239 4128.8192
238 239 18450.1845
280 239 18152.1147
22 240 638.1621
91 240 7949.1256
136 240 45207.9566
10 241 1983.7334
111 241 643.915
234 241 8110.3001
16 242 7457.1216
237 242 8103.7277
251 242 2460.0246
130 243 2972.6516
153 243 2431.3153
166 243 1323.2764
16 244 43177.8929
245 244 6544.5026
265 244 29726.5161
15 245 8333.3333
244 245 6544.5026
265 245 30845.1573
10 246 8517.8876
236 246 2982.4038
247 246 22079.9293
11 247 138.6386
246 247 22079.9293
250 247 12242.8991
43 248 5586.5922
44 248 4108.4634
116 248 7621.9512
106 249 4633.9203
108 249 3594.5363
113 249 1563.7217
182 250 1868.8096
238 250 53078.5563
247 250 12242.8991
16 251 2440.8103
242 251 2460.0246
252 251 12981.9551
17 252 25278.0586
251 252 12981.9551
253 252 31046.2589
25 253 1992.0319
235 253 8688.0973
252 253 31046.2589
10 254 32669.0624
77 254 5274.2616
255 254 10293.3608
10 255 1733.7032
254 255 10293.3608
256 255 15069.3189
77 256 3418.8034
255 256 15069.3189
258 256 4686.0356
130 257 424.6285
139 257 32905.561
142 257 841.0429
256 258 4686.0356
259 258 5333.3333
273 258 2969.1211
155 259 734.7539
258 259 5333.3333
263 259 2556.8908
10 260 5558.6437
70 260 577.3672
263 260 7541.4781
73 261 654.4503
75 261 603.1363
141 261 306.0912
17 262 15593.3261
67 262 12540.7575
171 262 668.0027
77 263 4597.7011
259 263 2556.8908
260 263 7541.4781
17 264 7949.1256
26 264 9671.1799
164 264 973.7098
269 264 2951.5939
16 265 29205.6075
244 265 29726.5161
245 265 30845.1573
70 266 783.6991
267 266 2953.3373
268 266 2244.6689
270 266 368.5957
70 267 1624.4314
266 267 2953.3373
268 267 5847.9532
155 268 2537.427
266 268 2244.6689
267 268 5847.9532
18 269 2143.6227
164 269 1767.409
165 269 4210.5263
264 269 2951.5939
155 270 2901.9153
266 270 368.5957
273 270 2012.8824
105 271 6176.6523
127 271 451.2635
140 271 2218.2786
193 272 17543.8596
196 272 4823.9267
198 272 4438.5264
258 273 2969.1211
270 273 2012.8824
275 273 1098.2976
34 274 11208.2493
98 274 9017.1326
99 274 719.9424
12 275 12938.2844
13 275 3343.3634
273 275 1098.2976
48 276 4618.9376
51 276 687.7579
195 276 4816.9557
197 276 14974.5433
231 276 11920.3719
277 276 3736.9208
48 277 2696.8716
173 277 412.5413
276 277 3736.9208
61 278 10883.7614
62 278 4666.3556
100 278 54024.8514
101 279 1647.1751
232 279 2515.0905
282 279 4277.16
182 280 3699.593
239 280 18152.1147
281 280 107273.1174
11 281 8920.6066
181 281 3652.3009
280 281 107273.1174
101 282 1711.1567
190 282 4566.21
279 282 4277.16
32 283 2754.0622
74 283 3669.7248
201 283 871.0801
