12 1 43802.0149
276 1 5464.4809
311 1 3053.4351
106 2 11994.7223
107 2 15211.439
246 2 1582.7794
250 2 34106.412
68 3 7440.4762
96 3 37481.2594
115 3 7168.4588
279 3 1523.4613
77 4 11143.3029
79 4 24588.1485
88 4 1721.7631
243 4 12748.5977
249 4 320.9243
73 5 7917.6564
76 5 30911.9011
240 5 6954.1029
242 5 6877.5791
243 5 17421.6028
245 5 4856.7266
127 6 1754.0782
130 6 10547.4106
137 6 3960.396
179 6 609.3845
8 7 6191.9505
123 7 16638.9351
137 7 1916.8104
167 7 1208.0213
7 8 6191.9505
146 8 8952.5515
198 8 8688.0973
212 8 7235.89
223 8 6273.5257
12 9 3193.8678
42 9 16539.8611
44 9 20140.9869
194 9 11832.9192
229 10 3198.9763
235 10 2971.7682
238 10 832.6395
239 10 11258.7255
240 10 5170.6308
197 11 17024.1743
300 11 7651.1094
305 11 1961.9384
308 11 3382.9499
1 12 43802.0149
9 12 3193.8678
154 12 5170.6308
196 12 9784.7358
32 13 24078.9791
33 13 3328.8948
168 13 55991.0414
216 14 16923.3373
296 14 1549.1867
301 14 25271.6705
289 15 5977.2863
290 15 24026.9101
302 15 655.7377
18 16 7587.2534
133 16 7401.9245
136 16 9813.5427
172 16 715.8196
174 16 10811.9797
304 16 112.7142
19 17 1033.5917
169 17 6934.8128
172 17 30012.0048
16 18 7587.2534
145 18 10632.6422
157 18 14705.8824
174 18 24137.0987
17 19 1033.5917
161 19 192789.6665
178 19 24491.7952
25 20 3360.2151
165 20 6119.951
169 20 6265.6642
253 21 10244.852
262 21 67521.9446
278 21 38610.0386
23 22 4277.16
288 22 13130.2521
292 22 600.9615
22 23 4277.16
24 23 5189.4136
26 23 1292.8248
23 24 5189.4136
162 24 157903.0475
183 24 9225.0923
20 25 3360.2151
178 25 10380.982
183 25 8576.3293
23 26 1292.8248
164 26 186254.4235
186 26 50150.4514
72 27 12260.9122
163 27 169204.7377
191 27 10526.3158
37 28 3591.954
54 28 11053.3879
191 28 13283.7407
30 29 7662.8352
54 29 9496.6762
270 29 4681.6479
29 30 7662.8352
36 30 5417.1181
75 30 660.9385
221 30 1834.1893
37 31 15346.8386
75 31 1553.0362
143 31 1293.8284
203 31 13831.2586
13 32 24078.9791
182 32 938.0863
281 32 3162.5553
13 33 3328.8948
158 33 13377.9264
182 33 6389.7764
35 34 4821.6008
52 34 5813.9535
143 34 6086.4273
219 34 1189.0606
34 35 4821.6008
36 35 1733.1023
222 35 6729.4751
225 35 11349.4496
30 36 5417.1181
35 36 1733.1023
43 36 1213.445
28 37 3591.954
31 37 15346.8386
277 37 705.7163
70 38 1223.5409
82 38 2508.1515
97 38 779.4232
40 39 10712.3728
201 39 0.036
263 39 84602.3689
39 40 10712.3728
70 40 45599.6352
255 40 181686.0465
70 41 651.8905
81 41 3190.8105
244 41 5793.7428
247 41 5170.6308
9 42 16539.8611
171 42 2070.3934
185 42 11748.1203
208 42 1958.4802
36 43 1213.445
46 43 7757.9519
190 43 1979.0224
257 43 11091.3931
9 44 20140.9869
204 44 41753.6534
220 44 4629.6296
264 45 39904.2298
267 45 24931.4385
270 45 2845.7598
274 45 1666.6667
43 46 7757.9519
257 46 32647.731
259 46 21753.3174
274 46 8779.6313
104 47 32237.2663
108 47 25654.1816
141 47 7347.5386
145 47 10003.0009
149 47 8000.0
202 47 41101.5208
56 48 1264.8621
140 48 7072.1358
254 48 2421.8939
269 48 419.9916
50 49 5844.5354
84 49 7788.162
111 49 10842.4591
49 50 5844.5354
51 50 4928.5362
83 50 4147.6566
50 51 4928.5362
95 51 27457.441
227 51 2442.5989
34 52 5813.9535
82 53 6321.1125
83 53 22331.3979
92 53 6345.1777
94 53 3637.6864
28 54 11053.3879
29 54 9496.6762
75 54 992.0635
58 55 2673.7968
87 55 3298.153
89 55 441.1116
48 56 1264.8621
57 56 3822.63
122 56 2782.4151
56 57 3822.63
122 57 947.8673
256 57 103842.1599
55 58 2673.7968
64 58 1328.9037
260 58 96432.0154
60 59 10981.7703
71 59 12071.4631
224 59 2041.2329
59 60 10981.7703
61 60 10810.8108
295 60 3880.4812
60 61 10810.8108
62 61 8305.6478
232 61 13717.4211
61 62 8305.6478
65 62 2382.0867
184 62 3738.3178
232 62 12330.4562
156 63 320.9243
166 63 11838.5226
175 63 1165.637
58 64 1328.9037
62 65 2382.0867
68 65 1309.2433
156 65 2778.5496
188 66 4440.4973
281 66 18066.8473
307 66 6053.2688
80 67 10455.8762
201 67 0.0193
226 67 7047.2163
3 68 7440.4762
65 68 1309.2433
79 68 1007.5567
246 69 2641.3101
282 69 175.7469
291 69 1584.0329
38 70 1223.5409
40 70 45599.6352
41 70 651.8905
59 71 12071.4631
73 71 9980.0399
228 71 19406.1712
27 72 12260.9122
186 72 10156.4087
277 72 914.9131
5 73 7917.6564
71 73 9980.0399
74 73 24003.8406
73 74 24003.8406
76 74 10168.8021
232 74 831.9468
30 75 660.9385
31 75 1553.0362
54 75 992.0635
5 76 30911.9011
74 76 10168.8021
77 76 12868.3567
4 77 11143.3029
76 77 12868.3567
79 77 8169.9346
203 78 634.5178
205 78 4184.1004
206 78 5449.5913
4 79 24588.1485
68 79 1007.5567
77 79 8169.9346
67 80 10455.8762
41 81 3190.8105
190 81 16477.1791
244 81 5350.4548
38 82 2508.1515
53 82 6321.1125
83 82 7246.3768
50 83 4147.6566
53 83 22331.3979
82 83 7246.3768
49 84 7788.162
85 84 2513.826
272 84 4228.3298
84 85 2513.826
86 85 15852.8852
111 85 62539.0869
85 86 15852.8852
111 86 40032.0256
113 86 8598.4523
55 87 3298.153
89 87 5643.3409
97 87 3243.5939
4 88 1721.7631
234 88 862.8128
249 88 7380.0738
55 89 441.1116
87 89 5643.3409
90 89 6385.696
89 90 6385.696
92 90 10924.1861
95 90 694.4444
188 91 1011.7361
285 91 1012.7608
309 91 717.8751
53 92 6345.1777
90 92 10924.1861
94 92 9416.1959
124 93 586.8545
207 93 18528.8123
280 93 9532.8885
53 94 3637.6864
92 94 9416.1959
95 94 13344.0085
51 95 27457.441
90 95 694.4444
94 95 13344.0085
3 96 37481.2594
207 96 13257.3247
234 96 365.2301
38 97 779.4232
87 97 3243.5939
142 97 143864.1922
99 98 10522.9927
199 98 2255.3
286 98 1203.6591
98 99 10522.9927
100 99 13871.5495
104 99 4376.3676
99 100 13871.5495
160 100 8176.6149
286 100 7077.1408
105 101 4409.1711
124 101 3506.3114
207 101 4123.7113
103 102 4721.4353
109 102 4264.3923
160 102 4482.2949
102 103 4721.4353
104 103 5035.2467
202 103 4909.1802
47 104 32237.2663
99 104 4376.3676
103 104 5035.2467
199 104 3808.0731
101 105 4409.1711
106 105 26315.7895
293 105 2328.8309
2 106 11994.7223
105 106 26315.7895
107 106 40799.6736
2 107 15211.439
106 107 40799.6736
294 107 3231.0178
47 108 25654.1816
149 108 2145.9227
268 108 2956.8303
102 109 4264.3923
110 109 19627.0854
202 109 10835.4101
109 110 19627.0854
111 110 39698.293
113 110 9380.863
49 111 10842.4591
85 111 62539.0869
86 111 40032.0256
110 111 39698.293
119 111 1571.8328
160 112 15318.6275
181 112 4185.8518
286 112 4166.6667
86 113 8598.4523
110 113 9380.863
181 113 11041.1836
132 114 7704.1602
134 114 45146.7269
218 114 6406.1499
3 115 7168.4588
116 115 10454.7831
273 115 1005.8338
115 116 10454.7831
117 116 22222.2222
279 116 6207.3246
116 117 22222.2222
118 117 22311.4681
170 117 2444.9878
117 118 22311.4681
175 118 4885.1979
265 118 41237.1134
111 119 1571.8328
140 119 1882.8846
141 119 1532.0974
121 120 127258.8445
265 120 25654.1816
297 120 596.6587
120 121 127258.8445
125 121 10793.3081
159 121 12470.3828
175 121 955.1098
56 122 2782.4151
57 122 947.8673
227 122 1887.5047
7 123 16638.9351
125 123 1952.7436
159 123 17717.9305
93 124 586.8545
101 124 3506.3114
293 124 164.2576
121 125 10793.3081
123 125 1952.7436
126 125 38299.5021
125 126 38299.5021
127 126 18129.079
137 126 1282.5446
6 127 1754.0782
126 127 18129.079
128 127 18426.3866
127 128 18426.3866
130 128 6565.9882
297 128 2305.2098
131 129 4083.2993
136 129 16123.831
145 129 1434.9261
6 130 10547.4106
128 130 6565.9882
179 130 52273.9153
129 131 4083.2993
133 131 2161.2276
135 131 9615.3846
114 132 7704.1602
171 132 9624.6391
185 132 31466.331
16 133 7401.9245
131 133 2161.2276
135 133 5892.7519
114 134 45146.7269
158 134 11037.5276
211 134 3916.9604
131 135 9615.3846
133 135 5892.7519
136 135 13706.1404
16 136 9813.5427
129 136 16123.831
135 136 13706.1404
6 137 3960.396
7 137 1916.8104
126 137 1282.5446
156 138 2790.1786
184 138 1407.2615
251 138 16463.6154
234 139 2069.9648
280 139 5047.9556
284 139 14830.1943
48 140 7072.1358
119 140 1882.8846
141 140 18162.0051
47 141 7347.5386
119 141 1532.0974
140 141 18162.0051
97 142 143864.1922
31 143 1293.8284
34 143 6086.4273
148 143 6788.8663
205 143 29850.7463
206 143 15683.8143
200 144 1602.3073
218 144 4349.7173
252 144 689.6552
18 145 10632.6422
47 145 10003.0009
129 145 1434.9261
8 146 8952.5515
147 146 7674.5971
223 146 4640.3712
146 147 7674.5971
151 147 4416.9611
192 147 11063.1707
143 148 6788.8663
155 148 5605.3812
165 148 7955.4495
206 148 12065.6371
47 149 8000.0
108 149 2145.9227
150 149 7490.6367
149 150 7490.6367
155 150 2495.01
268 150 1296.1763
147 151 4416.9611
153 151 4928.5362
193 151 4000.0
247 152 120423.8921
151 153 4928.5362
167 153 618.047
251 153 4222.973
12 154 5170.6308
173 154 10698.6199
208 154 1064.6226
148 155 5605.3812
150 155 2495.01
157 155 12001.9203
63 156 320.9243
65 156 2778.5496
138 156 2790.1786
18 157 14705.8824
155 157 12001.9203
165 157 2303.0861
33 158 13377.9264
134 158 11037.5276
187 158 6176.6523
121 159 12470.3828
123 159 17717.9305
166 159 1002.8079
100 160 8176.6149
102 160 4482.2949
112 160 15318.6275
19 161 192789.6665
24 162 157903.0475
27 163 169204.7377
26 164 186254.4235
20 165 6119.951
148 165 7955.4495
157 165 2303.0861
63 166 11838.5226
159 166 1002.8079
167 166 1420.2528
7 167 1208.0213
153 167 618.047
166 167 1420.2528
13 168 55991.0414
17 169 6934.8128
20 169 6265.6642
178 169 31635.5584
117 170 2444.9878
180 170 1949.3177
273 170 3979.3076
42 171 2070.3934
132 171 9624.6391
211 171 8237.2323
16 172 715.8196
17 172 30012.0048
174 172 15042.1179
154 173 10698.6199
209 173 5055.6117
311 173 7806.4012
16 174 10811.9797
18 174 24137.0987
172 174 15042.1179
63 175 1165.637
118 175 4885.1979
121 175 955.1098
279 175 1108.6475
259 176 6622.5166
264 176 21891.4186
274 176 7855.4595
233 177 10781.6712
252 177 7880.2206
306 177 1563.9662
19 178 24491.7952
25 178 10380.982
169 178 31635.5584
6 179 609.3845
130 179 52273.9153
273 179 328.2994
170 180 1949.3177
265 180 11771.6304
297 180 1167.9514
112 181 4185.8518
113 181 11041.1836
272 181 1290.4891
32 182 938.0863
33 182 6389.7764
187 182 997.009
24 183 9225.0923
25 183 8576.3293
186 183 8849.5575
62 184 3738.3178
138 184 1407.2615
295 184 3802.2814
42 185 11748.1203
132 185 31466.331
200 185 2258.866
26 186 50150.4514
72 186 10156.4087
183 186 8849.5575
158 187 6176.6523
182 187 997.009
211 187 2452.1824
66 188 4440.4973
91 188 1011.7361
281 188 676.59
193 189 2375.8612
287 189 9389.6714
298 189 13166.5569
43 190 1979.0224
81 190 16477.1791
201 190 0.0498
27 191 10526.3158
28 191 13283.7407
277 191 4027.3862
147 192 11063.1707
223 192 4721.4353
287 192 1939.1119
151 193 4000.0
189 193 2375.8612
287 193 1540.832
9 194 11832.9192
196 194 15847.8605
215 194 4312.2035
220 194 4987.5312
266 195 10015.0225
269 195 856.1644
271 195 19153.4189
12 196 9784.7358
194 196 15847.8605
197 196 37439.1614
11 197 17024.1743
196 197 37439.1614
198 197 12833.6756
8 198 8688.0973
197 198 12833.6756
212 198 8431.7032
98 199 2255.3
104 199 3808.0731
268 199 6207.3246
144 200 1602.3073
185 200 2258.866
218 200 1684.6361
39 201 0.036
67 201 0.0193
190 201 0.0498
225 201 0.0217
226 201 0.0231
47 202 41101.5208
103 202 4909.1802
109 202 10835.4101
31 203 13831.2586
78 203 634.5178
205 203 5053.0571
44 204 41753.6534
224 204 431.9654
275 204 29603.3156
78 205 4184.1004
143 205 29850.7463
203 205 5053.0571
78 206 5449.5913
143 206 15683.8143
148 206 12065.6371
93 207 18528.8123
96 207 13257.3247
101 207 4123.7113
42 208 1958.4802
154 208 1064.6226
209 208 17642.9076
173 209 5055.6117
208 209 17642.9076
310 209 7662.8352
213 210 720.9805
303 210 3772.1614
309 210 2638.5224
134 211 3916.9604
171 211 8237.2323
187 211 2452.1824
8 212 7235.89
198 212 8431.7032
214 212 4027.3862
210 213 720.9805
216 213 908.2652
301 213 2411.3817
212 214 4027.3862
215 214 1933.1142
217 214 2032.5203
194 215 4312.2035
214 215 1933.1142
217 215 6891.7988
14 216 16923.3373
213 216 908.2652
258 216 20251.1138
214 217 2032.5203
215 217 6891.7988
241 217 1036.8066
114 218 6406.1499
144 218 4349.7173
200 218 1684.6361
34 219 1189.0606
221 219 1973.5544
222 219 2571.3551
44 220 4629.6296
194 220 4987.5312
241 220 1843.6578
30 221 1834.1893
219 221 1973.5544
222 221 2763.958
35 222 6729.4751
219 222 2571.3551
221 222 2763.958
8 223 6273.5257
146 223 4640.3712
192 223 4721.4353
59 224 2041.2329
204 224 431.9654
275 224 5780.3468
35 225 11349.4496
201 225 0.0217
226 225 30759.7662
67 226 7047.2163
201 226 0.0231
225 226 30759.7662
51 227 2442.5989
122 227 1887.5047
261 227 92250.9225
71 228 19406.1712
233 228 750.1875
252 228 1620.4829
10 229 3198.9763
230 229 4940.7115
239 229 8143.3225
245 229 13504.3889
229 230 4940.7115
231 230 10659.8444
236 230 1619.171
230 231 10659.8444
233 231 9891.1968
236 231 2974.42
61 232 13717.4211
62 232 12330.4562
74 232 831.9468
177 233 10781.6712
228 233 750.1875
231 233 9891.1968
88 234 862.8128
96 234 365.2301
139 234 2069.9648
10 235 2971.7682
236 235 2389.4863
237 235 848.8964
230 236 1619.171
231 236 2974.42
235 236 2389.4863
235 237 848.8964
238 237 5081.3008
306 237 1515.8405
10 238 832.6395
237 238 5081.3008
306 238 2071.251
10 239 11258.7255
229 239 8143.3225
245 239 7949.1256
5 240 6954.1029
10 240 5170.6308
242 240 9615.3846
217 241 1036.8066
220 241 1843.6578
275 241 1685.4879
5 242 6877.5791
240 242 9615.3846
243 242 5753.7399
4 243 12748.5977
5 243 17421.6028
242 243 5753.7399
41 244 5793.7428
81 244 5350.4548
247 244 24218.9392
5 245 4856.7266
229 245 13504.3889
239 245 7949.1256
2 246 1582.7794
69 246 2641.3101
294 246 1558.8465
41 247 5170.6308
152 247 120423.8921
244 247 24218.9392
249 248 204.918
282 248 1260.3983
283 248 365.7644
4 249 320.9243
88 249 7380.0738
248 249 204.918
2 250 34106.412
138 251 16463.6154
153 251 4222.973
298 251 979.4319
144 252 689.6552
177 252 7880.2206
228 252 1620.4829
21 253 10244.852
254 253 12753.4753
266 253 3657.6445
48 254 2421.8939
253 254 12753.4753
266 254 7552.8701
40 255 181686.0465
57 256 103842.1599
43 257 11091.3931
46 257 32647.731
259 257 25839.7933
216 258 20251.1138
296 258 7446.0164
299 258 4203.4468
46 259 21753.3174
176 259 6622.5166
257 259 25839.7933
58 260 96432.0154
227 261 92250.9225
21 262 67521.9446
39 263 84602.3689
45 264 39904.2298
176 264 21891.4186
267 264 15204.5005
118 265 41237.1134
120 265 25654.1816
180 265 11771.6304
195 266 10015.0225
253 266 3657.6445
254 266 7552.8701
271 266 18772.2921
45 267 24931.4385
264 267 15204.5005
270 267 6353.2402
108 268 2956.8303
150 268 1296.1763
199 268 6207.3246
48 269 419.9916
195 269 856.1644
271 269 2314.2791
29 270 4681.6479
45 270 2845.7598
267 270 6353.2402
195 271 19153.4189
266 271 18772.2921
269 271 2314.2791
84 272 4228.3298
181 272 1290.4891
286 272 1013.2739
115 273 1005.8338
170 273 3979.3076
179 273 328.2994
45 274 1666.6667
46 274 8779.6313
176 274 7855.4595
204 275 29603.3156
224 275 5780.3468
241 275 1685.4879
1 276 5464.4809
299 276 6540.2224
300 276 6207.3246
37 277 705.7163
72 277 914.9131
191 277 4027.3862
21 278 38610.0386
3 279 1523.4613
116 279 6207.3246
175 279 1108.6475
93 280 9532.8885
139 280 5047.9556
284 280 1926.4111
32 281 3162.5553
66 281 18066.8473
188 281 676.59
69 282 175.7469
248 282 1260.3983
283 282 1213.5922
248 283 365.7644
282 283 1213.5922
284 283 1338.6881
139 284 14830.1943
280 284 1926.4111
283 284 1338.6881
91 285 1012.7608
307 285 18573.5513
309 285 5458.5153
98 286 1203.6591
100 286 7077.1408
112 286 4166.6667
272 286 1013.2739
189 287 9389.6714
192 287 1939.1119
193 287 1540.832
22 288 13130.2521
289 288 15800.2844
292 288 1618.3849
15 289 5977.2863
288 289 15800.2844
290 289 18382.3529
15 290 24026.9101
289 290 18382.3529
292 290 19353.5901
69 291 1584.0329
293 291 5512.6792
294 291 3401.3605
22 292 600.9615
288 292 1618.3849
290 292 19353.5901
296 292 7993.6051
105 293 2328.8309
124 293 164.2576
291 293 5512.6792
107 294 3231.0178
246 294 1558.8465
291 294 3401.3605
60 295 3880.4812
184 295 3802.2814
298 295 1324.5033
14 296 1549.1867
258 296 7446.0164
292 296 7993.6051
120 297 596.6587
128 297 2305.2098
180 297 1167.9514
189 298 13166.5569
251 298 979.4319
295 298 1324.5033
258 299 4203.4468
276 299 6540.2224
300 299 16725.2049
11 300 7651.1094
276 300 6207.3246
299 300 16725.2049
14 301 25271.6705
213 301 2411.3817
303 301 10900.3706
15 302 655.7377
305 302 2987.7502
308 302 1129.3055
210 303 3772.1614
301 303 10900.3706
304 303 52910.0529
16 304 112.7142
303 304 52910.0529
307 304 9671.1799
11 305 1961.9384
302 305 2987.7502
308 305 6049.6068
177 306 1563.9662
237 306 1515.8405
238 306 2071.251
66 307 6053.2688
285 307 18573.5513
304 307 9671.1799
11 308 3382.9499
302 308 1129.3055
305 308 6049.6068
91 309 717.8751
210 309 2638.5224
285 309 5458.5153
310 309 7067.1378
209 310 7662.8352
309 310 7067.1378
311 310 3001.2005
1 311 3053.4351
173 311 7806.4012
310 311 3001.2005
