5 1 207.6843
72 1 20781.3799
146 1 865.8009
158 1 23940.6272
104 2 18900.0189
129 2 19727.757
135 2 5333.3333
172 2 4312.2035
189 2 5892.7519
204 3 3084.5157
209 3 5740.5281
225 3 73.9098
149 4 39123.6307
152 4 1323.4516
162 4 26420.0793
163 4 14524.3282
171 4 3787.8788
188 4 4177.1094
1 5 207.6843
74 5 844.5946
84 5 47528.5171
87 5 11188.1853
86 6 4295.5326
90 6 2911.2082
103 6 649.7726
10 7 1793.4003
60 7 37950.6641
65 7 38461.5385
79 7 408.4967
233 8 6939.6253
243 8 23843.5861
245 8 28192.839
255 8 5411.2554
259 8 6671.1141
277 8 352.8582
171 9 19124.1155
180 9 5310.6745
188 9 9478.673
246 9 12995.4516
7 10 1793.4003
14 10 1226.8433
42 10 12190.662
62 10 1437.6078
76 10 17796.761
166 10 1443.6264
168 10 20652.6229
27 11 17038.6778
285 11 35880.8755
288 11 16983.6957
302 11 2837.6844
19 12 17587.0559
280 12 20020.02
284 12 5662.5142
304 12 2421.8939
205 13 28097.7803
207 13 2129.9255
208 13 1781.2611
214 13 9633.9114
10 14 1226.8433
24 14 31867.4315
170 14 36576.4448
28 15 8006.4051
291 15 795.5449
294 15 458.5053
302 15 6675.5674
17 16 8936.5505
267 16 638.9776
275 16 3650.9675
279 16 13798.8133
288 16 10563.0083
294 16 1204.8193
16 17 8936.5505
20 17 7867.8206
61 17 13182.1777
64 17 42016.8067
70 17 54141.8517
267 17 2009.6463
20 18 2701.2426
29 18 942.5071
32 18 1278.6089
301 18 10373.444
304 18 47169.8113
12 19 17587.0559
20 19 46904.3152
280 19 1919.7543
17 20 7867.8206
18 20 2701.2426
19 20 46904.3152
83 21 2079.4344
92 21 16302.5758
120 21 14634.8602
257 21 2732.9872
260 21 25271.6705
26 22 4345.9365
36 22 3478.2609
99 22 11001.1001
120 22 5353.3191
49 23 1253.7613
73 23 5558.6437
108 23 9319.6645
122 23 12394.6455
14 24 31867.4315
76 24 4257.1307
170 24 98039.2157
31 25 419.8153
108 25 6053.2688
114 25 7627.7651
116 25 2472.1879
22 26 4345.9365
99 26 625.3909
122 26 12285.0123
11 27 17038.6778
155 27 533.049
284 27 5995.2038
15 28 8006.4051
253 28 8368.2008
291 28 1274.5348
18 29 942.5071
32 29 6365.3724
184 29 7189.0726
31 30 3086.4198
53 30 484.2615
253 30 3732.7361
25 31 419.8153
30 31 3086.4198
33 31 4048.583
116 31 2518.2574
18 32 1278.6089
29 32 6365.3724
95 32 4269.8548
31 33 4048.583
63 33 39231.071
224 33 10489.8773
229 33 8888.8889
57 34 5783.69
229 34 1599.744
232 34 9794.3193
38 35 0.0142
89 35 2737.476
97 35 150.4212
98 35 1736.4126
134 35 685.401
22 36 3478.2609
37 36 5050.5051
99 36 11996.1612
131 36 36416.606
179 36 5524.8619
36 37 5050.5051
93 37 1329.0803
115 37 9900.9901
117 37 1291.4891
130 37 77881.6199
213 37 2575.9918
35 38 0.0142
63 38 0.018
67 38 0.0157
89 38 0.0166
216 38 0.0155
221 38 0.0155
232 38 0.0182
247 38 0.0139
176 39 69108.5003
235 39 2727.0248
266 39 1109.2623
153 40 3895.598
266 40 1262.7857
276 40 3755.1633
282 40 6131.2078
287 40 6675.5674
111 41 3559.9858
112 41 4152.8239
174 41 3107.5202
278 41 5681.8182
10 42 12190.662
81 42 29010.734
167 42 2302.5558
198 42 547.3454
111 43 1586.7978
112 43 2540.0051
145 43 2570.0334
88 44 1851.1662
175 44 88888.8889
273 44 13331.5558
195 45 414.4219
47 46 1289.3244
195 46 7283.3212
289 46 3137.7471
46 47 1289.3244
249 47 416.3197
289 47 5977.2863
113 48 5878.8948
136 48 884.9558
177 48 109122.6539
23 49 1253.7613
105 49 4786.9794
114 49 6949.2703
119 50 4847.3097
121 50 10434.0568
213 50 2896.8714
265 50 42607.5841
178 51 122729.5042
206 51 1684.6361
215 51 8710.8014
66 52 1171.5089
114 52 41858.5182
184 52 14050.8641
30 53 484.2615
54 53 926.7841
187 53 144320.9698
53 54 926.7841
55 54 3681.8851
69 54 167841.5576
54 55 3681.8851
68 55 159286.3969
229 55 2430.1337
57 56 1410.6362
34 57 5783.69
56 57 1410.6362
109 57 119445.7716
60 58 10267.9947
81 58 1669.4491
263 58 27979.8545
252 59 547.3454
254 59 4434.5898
305 59 3769.3178
7 60 37950.6641
58 60 10267.9947
65 60 100150.2253
305 60 427.3504
17 61 13182.1777
64 61 2558.8536
66 61 2921.414
114 61 6134.9693
10 62 1437.6078
65 62 18917.8963
81 62 23353.5731
33 63 39231.071
38 63 0.018
67 63 8312.552
17 64 42016.8067
61 64 2558.8536
66 64 5497.5261
7 65 38461.5385
60 65 100150.2253
62 65 18917.8963
52 66 1171.5089
61 66 2921.414
64 66 5497.5261
38 67 0.0157
63 67 8312.552
223 67 15044.3809
55 68 159286.3969
54 69 167841.5576
17 70 54141.8517
253 71 196425.0638
1 72 20781.3799
74 72 9140.7678
169 72 3710.5751
23 73 5558.6437
83 73 21317.4163
105 73 1070.6638
5 74 844.5946
72 74 9140.7678
169 74 2410.8004
156 75 1086.4841
185 75 9930.4866
190 75 12074.3782
10 76 17796.761
24 76 4257.1307
168 76 5858.2308
95 77 2296.2113
239 77 33277.8702
296 77 16490.7652
298 77 5165.2893
80 78 5892.7519
153 78 26239.8321
244 78 5740.5281
7 79 408.4967
102 79 618.047
305 79 26888.9486
78 80 5892.7519
266 80 1027.9605
295 80 17677.2141
42 81 29010.734
58 81 1669.4491
62 81 23353.5731
128 82 2876.87
199 82 8230.4527
258 82 5399.568
21 83 2079.4344
73 83 21317.4163
94 83 1151.4105
5 84 47528.5171
85 84 15933.7157
86 84 1162.3852
84 85 15933.7157
86 85 19723.8659
87 85 9115.7703
6 86 4295.5326
84 86 1162.3852
85 86 19723.8659
5 87 11188.1853
85 87 9115.7703
183 87 3573.9814
44 88 1851.1662
139 88 32938.0764
277 88 14170.3273
35 89 2737.476
38 89 0.0166
134 89 9861.9329
6 90 2911.2082
103 90 13092.4326
183 90 2395.7834
110 91 906.6183
172 91 4078.3034
219 91 11265.067
21 92 16302.5758
94 92 2365.744
147 92 22711.7874
37 93 1329.0803
119 93 4374.4532
213 93 3690.0369
83 94 1151.4105
92 94 2365.744
95 94 3800.8362
32 95 4269.8548
77 95 2296.2113
94 95 3800.8362
147 95 6024.0964
298 95 14701.5584
301 95 3035.8227
110 96 7836.9906
172 96 29559.5625
241 96 174520.0698
35 97 150.4212
98 97 6056.9352
100 97 8568.9803
35 98 1736.4126
97 98 6056.9352
206 98 5500.5501
22 99 11001.1001
26 99 625.3909
36 99 11996.1612
97 100 8568.9803
121 100 3505.0824
206 100 8517.8876
270 101 4914.0049
297 101 393.0818
303 101 1261.6705
79 102 618.047
217 102 612.3699
219 102 5063.2911
6 103 649.7726
90 103 13092.4326
106 103 38729.6669
2 104 18900.0189
49 105 4786.9794
73 105 1070.6638
184 105 794.2812
103 106 38729.6669
270 106 5688.2821
303 106 872.6003
231 107 2111.0407
233 107 7794.2323
236 107 14351.3203
23 108 9319.6645
25 108 6053.2688
134 108 4042.0372
57 109 119445.7716
91 110 906.6183
96 110 7836.9906
188 110 7593.0144
41 111 3559.9858
43 111 1586.7978
112 111 12390.0384
41 112 4152.8239
43 112 2540.0051
111 112 12390.0384
48 113 5878.8948
136 113 413.0525
192 113 12706.4803
25 114 7627.7651
49 114 6949.2703
52 114 41858.5182
61 114 6134.9693
37 115 9900.9901
117 115 13696.7539
213 115 2833.6639
25 116 2472.1879
31 116 2518.2574
271 116 8554.3199
274 116 902.5271
37 117 1291.4891
115 117 13696.7539
192 117 19758.9409
133 118 17633.5743
136 118 2522.0681
159 118 38051.7504
50 119 4847.3097
93 119 4374.4532
121 119 3017.5015
21 120 14634.8602
22 120 5353.3191
122 120 1145.4754
50 121 10434.0568
100 121 3505.0824
119 121 3017.5015
23 122 12394.6455
26 122 12285.0123
120 122 1145.4754
129 123 6105.0061
160 123 54406.9641
241 123 8064.5161
135 124 8539.7096
137 124 507.872
191 124 878.7346
132 125 1353.18
217 125 5437.7379
219 125 946.0738
200 126 545.5537
210 126 556.7929
211 126 391.8495
128 127 1917.9133
129 127 3998.4006
220 127 3690.0369
82 128 2876.87
127 128 1917.9133
191 128 1030.6091
2 129 19727.757
123 129 6105.0061
127 129 3998.4006
37 130 77881.6199
131 130 29931.1583
133 130 10636.0349
36 131 36416.606
130 131 29931.1583
159 131 1260.7161
125 132 1353.18
217 132 7770.0078
246 132 3957.2616
118 133 17633.5743
130 133 10636.0349
136 133 813.6697
35 134 685.401
89 134 9861.9329
108 134 4042.0372
221 134 4773.2697
224 134 2527.8059
2 135 5333.3333
124 135 8539.7096
189 135 655.308
48 136 884.9558
113 136 413.0525
118 136 2522.0681
133 136 813.6697
124 137 507.872
140 137 1559.3326
173 137 1276.8131
201 137 771.01
142 138 11397.3102
144 138 1307.7024
270 138 11886.3663
88 139 32938.0764
194 139 22624.4344
269 139 44189.1295
137 140 1559.3326
141 140 6535.9477
173 140 1100.11
140 141 6535.9477
143 141 2066.5427
258 141 6807.3519
138 142 11397.3102
144 142 20790.0208
162 142 577.7008
141 143 2066.5427
150 143 24838.5494
199 143 14718.8696
138 144 1307.7024
142 144 20790.0208
148 144 11313.497
43 145 2570.0334
283 145 9107.4681
287 145 8650.519
1 146 865.8009
92 147 22711.7874
95 147 6024.0964
260 147 38880.2488
144 148 11313.497
149 148 47824.0077
162 148 11977.4823
4 149 39123.6307
148 149 47824.0077
152 149 5020.0803
143 150 24838.5494
203 150 19349.8452
299 150 3450.6556
157 151 25614.7541
158 151 10125.5569
218 151 2411.3817
4 152 1323.4516
149 152 5020.0803
297 152 535.0455
40 153 3895.598
78 153 26239.8321
250 153 7722.0077
157 154 7142.8571
164 154 1468.4288
203 154 19964.0647
27 155 533.049
167 155 1626.2807
198 155 1567.8896
75 156 1086.4841
182 156 27070.9258
185 156 6321.1125
151 157 25614.7541
154 157 7142.8571
158 157 36496.3504
1 158 23940.6272
151 158 10125.5569
157 158 36496.3504
161 158 6644.5183
118 159 38051.7504
131 159 1260.7161
249 159 5254.8607
123 160 54406.9641
220 160 47483.3808
241 160 584.7953
158 161 6644.5183
164 161 2087.6827
228 161 288.2675
4 162 26420.0793
142 162 577.7008
148 162 11977.4823
4 163 14524.3282
171 163 9960.1594
256 163 2304.1475
154 164 1468.4288
161 164 2087.6827
261 164 34518.4674
264 165 1254.233
269 165 23463.1628
286 165 31715.8262
10 166 1443.6264
167 166 3762.2272
168 166 1047.9983
42 167 2302.5558
155 167 1626.2807
166 167 3762.2272
10 168 20652.6229
76 168 5858.2308
166 168 1047.9983
72 169 3710.5751
74 169 2410.8004
218 169 8123.4768
14 170 36576.4448
24 170 98039.2157
302 170 5906.6745
4 171 3787.8788
9 171 19124.1155
163 171 9960.1594
2 172 4312.2035
91 172 4078.3034
96 172 29559.5625
137 173 1276.8131
140 173 1100.11
261 173 6238.3032
41 174 3107.5202
179 174 3538.5704
300 174 8628.1277
44 175 88888.8889
39 176 69108.5003
48 177 109122.6539
51 178 122729.5042
36 179 5524.8619
174 179 3538.5704
300 179 31055.9006
9 180 5310.6745
181 180 54674.6856
240 180 16691.7042
180 181 54674.6856
182 181 48169.5568
240 181 5552.4708
156 182 27070.9258
181 182 48169.5568
234 182 19542.7008
87 183 3573.9814
90 183 2395.7834
299 183 753.5795
29 184 7189.0726
52 184 14050.8641
105 184 794.2812
75 185 9930.4866
156 185 6321.1125
227 185 19798.0598
281 186 26525.1989
290 186 3495.2814
293 186 9460.7379
53 187 144320.9698
4 188 4177.1094
9 188 9478.673
110 188 7593.0144
2 189 5892.7519
135 189 655.308
211 189 90009.0009
75 190 12074.3782
193 190 17179.1788
202 190 2582.6446
124 191 878.7346
128 191 1030.6091
258 191 904.9774
113 192 12706.4803
117 192 19758.9409
265 192 46948.3568
190 193 17179.1788
197 193 3767.8975
227 193 615.7635
139 194 22624.4344
272 194 3053.4351
273 194 7604.5627
45 195 414.4219
46 195 7283.3212
268 195 144.4043
299 196 750.1875
193 197 3767.8975
207 197 14590.0204
212 197 2848.1914
42 198 547.3454
155 198 1567.8896
262 198 236.6304
82 199 8230.4527
143 199 14718.8696
220 199 23866.3484
126 200 545.5537
201 200 3417.635
228 200 831.2552
137 201 771.01
200 201 3417.635
261 201 5246.5897
190 202 2582.6446
205 202 2622.6069
256 202 2191.5407
150 203 19349.8452
154 203 19964.0647
218 203 1494.9918
3 204 3084.5157
210 204 320.5128
211 204 10905.1254
13 205 28097.7803
202 205 2622.6069
214 205 12426.9914
51 206 1684.6361
98 206 5500.5501
100 206 8517.8876
265 206 359.0664
13 207 2129.9255
197 207 14590.0204
208 207 2410.8004
13 208 1781.2611
207 208 2410.8004
212 208 2391.7723
3 209 5740.5281
210 209 19025.8752
225 209 420.6984
126 210 556.7929
204 210 320.5128
209 210 19025.8752
126 211 391.8495
189 211 90009.0009
204 211 10905.1254
197 212 2848.1914
208 212 2391.7723
222 212 1009.795
37 213 2575.9918
50 213 2896.8714
93 213 3690.0369
115 213 2833.6639
13 214 9633.9114
205 214 12426.9914
256 214 5053.0571
51 215 8710.8014
216 215 13099.2926
232 215 2156.5667
247 215 52910.0529
38 216 0.0155
215 216 13099.2926
247 216 8976.6607
102 217 612.3699
125 217 5437.7379
132 217 7770.0078
248 217 2316.4234
151 218 2411.3817
169 218 8123.4768
203 218 1494.9918
91 219 11265.067
102 219 5063.2911
125 219 946.0738
127 220 3690.0369
160 220 47483.3808
199 220 23866.3484
38 221 0.0155
134 221 4773.2697
223 221 9124.0876
212 222 1009.795
226 222 944.2871
230 222 2433.09
67 223 15044.3809
221 223 9124.0876
224 223 24172.1054
33 224 10489.8773
134 224 2527.8059
223 224 24172.1054
3 225 73.9098
209 225 420.6984
228 225 458.2951
222 226 944.2871
227 226 2906.1319
237 226 1584.0329
185 227 19798.0598
193 227 615.7635
226 227 2906.1319
161 228 288.2675
200 228 831.2552
225 228 458.2951
33 229 8888.8889
34 229 1599.744
55 229 2430.1337
222 230 2433.09
231 230 2785.5153
237 230 3360.2151
107 231 2111.0407
230 231 2785.5153
238 231 5285.4123
34 232 9794.3193
38 232 0.0182
215 232 2156.5667
8 233 6939.6253
107 233 7794.2323
234 233 670.2413
182 234 19542.7008
233 234 670.2413
236 234 888.8889
39 235 2727.0248
239 235 4310.3448
295 235 11368.804
107 236 14351.3203
234 236 888.8889
238 236 2932.5513
226 237 1584.0329
230 237 3360.2151
238 237 5133.4702
231 238 5285.4123
236 238 2932.5513
237 238 5133.4702
77 239 33277.8702
235 239 4310.3448
251 239 1450.116
180 240 16691.7042
181 240 5552.4708
242 240 11463.9459
96 241 174520.0698
123 241 8064.5161
160 241 584.7953
240 242 11463.9459
243 242 21687.2696
252 242 1177.163
8 243 23843.5861
242 243 21687.2696
245 243 44464.2063
78 244 5740.5281
251 244 6648.9362
295 244 20990.7641
8 245 28192.839
243 245 44464.2063
254 245 3770.7391
9 246 12995.4516
132 246 3957.2616
248 246 3607.5036
38 247 0.0139
215 247 52910.0529
216 247 8976.6607
217 248 2316.4234
246 248 3607.5036
252 248 789.266
47 249 416.3197
159 249 5254.8607
268 249 4533.0916
153 250 7722.0077
251 250 22197.5583
257 250 7739.9381
239 251 1450.116
244 251 6648.9362
250 251 22197.5583
59 252 547.3454
242 252 1177.163
248 252 789.266
28 253 8368.2008
30 253 3732.7361
71 253 196425.0638
59 254 4434.5898
245 254 3770.7391
255 254 17658.4849
8 255 5411.2554
254 255 17658.4849
263 255 14854.4266
163 256 2304.1475
202 256 2191.5407
214 256 5053.0571
21 257 2732.9872
250 257 7739.9381
260 257 9823.1827
82 258 5399.568
141 258 6807.3519
191 258 904.9774
8 259 6671.1141
262 259 1462.6298
264 259 16136.8404
21 260 25271.6705
147 260 38880.2488
257 260 9823.1827
164 261 34518.4674
173 261 6238.3032
201 261 5246.5897
198 262 236.6304
259 262 1462.6298
263 262 1237.6238
58 263 27979.8545
255 263 14854.4266
262 263 1237.6238
165 264 1254.233
259 264 16136.8404
277 264 37764.3505
50 265 42607.5841
192 265 46948.3568
206 265 359.0664
39 266 1109.2623
40 266 1262.7857
80 266 1027.9605
16 267 638.9776
17 267 2009.6463
271 267 1807.9913
195 268 144.4043
249 268 4533.0916
289 268 9416.1959
139 269 44189.1295
165 269 23463.1628
272 269 4008.016
101 270 4914.0049
106 270 5688.2821
138 270 11886.3663
116 271 8554.3199
267 271 1807.9913
274 271 3421.1427
194 272 3053.4351
269 272 4008.016
273 272 47036.6886
44 273 13331.5558
194 273 7604.5627
272 273 47036.6886
116 274 902.5271
271 274 3421.1427
275 274 430.6632
16 275 3650.9675
274 275 430.6632
291 275 448.833
40 276 3755.1633
278 276 8517.8876
300 276 226.7574
8 277 352.8582
88 277 14170.3273
264 277 37764.3505
41 278 5681.8182
276 278 8517.8876
282 278 757.0023
16 279 13798.8133
280 279 11193.1945
285 279 1477.5414
12 280 20020.02
19 280 1919.7543
279 280 11193.1945
186 281 26525.1989
286 281 5175.9834
293 281 1053.7408
40 282 6131.2078
278 282 757.0023
283 282 20374.8981
145 283 9107.4681
282 283 20374.8981
287 283 47058.8235
12 284 5662.5142
27 284 5995.2038
285 284 59523.8095
11 285 35880.8755
279 285 1477.5414
284 285 59523.8095
165 286 31715.8262
281 286 5175.9834
290 286 528.5412
40 287 6675.5674
145 287 8650.519
283 287 47058.8235
11 288 16983.6957
16 288 10563.0083
294 288 3172.5888
46 289 3137.7471
47 289 5977.2863
268 289 9416.1959
186 290 3495.2814
286 290 528.5412
292 290 2154.2439
15 291 795.5449
28 291 1274.5348
275 291 448.833
290 292 2154.2439
293 292 97943.1929
296 292 12020.6756
186 293 9460.7379
281 293 1053.7408
292 293 97943.1929
15 294 458.5053
16 294 1204.8193
288 294 3172.5888
80 295 17677.2141
235 295 11368.804
244 295 20990.7641
77 296 16490.7652
292 296 12020.6756
304 296 2767.783
101 297 393.0818
152 297 535.0455
303 297 2446.184
77 298 5165.2893
95 298 14701.5584
301 298 9803.9216
150 299 3450.6556
183 299 753.5795
196 299 750.1875
174 300 8628.1277
179 300 31055.9006
276 300 226.7574
18 301 10373.444
95 301 3035.8227
298 301 9803.9216
11 302 2837.6844
15 302 6675.5674
170 302 5906.6745
101 303 1261.6705
106 303 872.6003
297 303 2446.184
12 304 2421.8939
18 304 47169.8113
296 304 2767.783
59 305 3769.3178
60 305 427.3504
79 305 26888.9486
