5 1 3988.8313
49 1 2044.1537
56 1 1935.359
26 2 0.0127
29 2 0.0143
122 2 0.0128
132 2 0.0117
158 2 0.0157
164 2 0.0144
167 2 0.0142
34 3 73421.4391
36 3 851.7888
52 3 2078.5699
19 4 3461.4053
66 4 605.6935
76 4 373.1343
77 4 360.7504
194 4 4164.9313
195 4 1039.501
1 5 3988.8313
10 5 7374.6313
56 5 2269.6323
7 6 1668.335
191 6 1376.8415
196 6 3424.6575
6 7 1668.335
103 8 1702.9973
104 8 1832.173
111 8 3576.5379
186 8 11114.816
188 8 4374.4532
190 8 7423.905
191 8 4219.4093
129 9 6968.6411
131 9 10721.5611
139 9 6016.8472
183 9 6184.2919
5 10 7374.6313
15 10 4965.2433
56 10 611.2469
157 11 1157.0057
165 11 49236.8291
168 11 2144.5421
13 12 1735.8098
154 12 6729.4751
157 12 1569.366
159 12 3974.5628
12 13 1735.8098
14 13 4314.0638
108 13 2193.4635
128 13 929.368
13 14 4314.0638
72 14 2536.7834
106 14 6377.551
10 15 4965.2433
56 15 474.6084
149 15 1852.538
56 16 1256.1236
57 16 1234.5679
88 16 1397.0383
98 16 2182.4531
82 17 2681.6841
85 17 2611.6479
171 17 3765.0602
173 17 4113.5335
68 18 6844.627
71 18 3547.3572
164 18 9775.1711
170 18 8278.1457
4 19 3461.4053
194 19 5583.4729
195 19 931.9664
70 20 4510.5999
117 20 9606.1479
180 20 1616.8149
51 21 2438.4297
58 21 3553.6603
67 21 2909.5141
70 21 5470.4595
74 21 4079.9674
23 22 8539.7096
46 22 3787.8788
50 22 6127.451
64 22 11242.2709
199 22 7122.5071
22 23 8539.7096
50 23 12944.9838
163 23 4224.7571
166 23 4428.698
174 23 3325.5737
25 24 1168.0878
78 24 3456.6194
81 24 3920.0314
87 24 5241.0901
117 24 1969.6671
24 25 1168.0878
26 25 5580.3571
100 25 5422.9935
118 25 20325.2033
175 25 1339.2259
2 26 0.0127
25 26 5580.3571
100 26 26184.8651
122 26 2461.2355
54 27 9049.7738
80 27 8771.9298
124 27 1566.6614
134 27 7189.0726
54 28 9980.0399
135 28 6176.6523
162 28 2066.5427
2 29 0.0143
30 29 2096.4361
145 29 71787.509
148 29 7898.8942
153 29 12853.4704
29 30 2096.4361
31 30 4712.5353
144 30 89365.5049
30 31 4712.5353
47 31 7342.1439
148 31 5711.0223
39 32 20614.3063
42 32 6684.492
47 32 17376.1946
69 32 12860.0823
102 32 5724.0985
102 33 10934.9371
3 34 73421.4391
175 35 755.8579
180 35 2429.5432
192 35 2167.7867
3 36 851.7888
52 36 925.9259
101 36 12823.801
65 37 2934.2723
96 37 3671.072
197 37 1854.2555
39 38 8163.2653
40 38 4504.5045
102 38 14869.8885
32 39 20614.3063
38 39 8163.2653
69 39 36192.5443
38 40 4504.5045
41 40 6373.4863
69 40 4587.156
40 41 6373.4863
42 41 17559.2625
162 41 4750.5938
32 42 6684.492
41 42 17559.2625
110 42 2134.0162
44 43 12062.7262
77 43 49875.3117
120 43 12344.155
43 44 12062.7262
66 44 1671.4023
73 44 7621.9512
136 45 4212.2999
139 45 784.9294
178 45 2034.588
22 46 3787.8788
51 46 4494.382
199 46 10392.8497
31 47 7342.1439
32 47 17376.1946
110 47 11100.0111
140 48 3607.5036
151 48 837.5209
177 48 1009.1836
1 49 2044.1537
52 49 1526.4845
73 49 3401.3605
22 50 6127.451
23 50 12944.9838
197 50 6485.0843
21 51 2438.4297
46 51 4494.382
198 51 1064.9627
3 52 2078.5699
36 52 925.9259
49 52 1526.4845
55 53 1641.497
75 53 1733.4027
162 53 25458.2485
27 54 9049.7738
28 54 9980.0399
134 54 16471.7509
53 55 1641.497
60 55 1609.5284
63 55 10619.0931
1 56 1935.359
5 56 2269.6323
10 56 611.2469
15 56 474.6084
16 56 1256.1236
196 56 1815.8707
16 57 1234.5679
94 57 4748.3381
97 57 678.4261
103 57 2231.6447
21 58 3553.6603
64 58 2170.1389
67 58 6333.1222
93 59 5521.8112
101 59 3282.9941
193 59 1226.392
55 60 1609.5284
61 60 5733.945
189 60 1787.3101
60 61 5733.945
62 61 5032.7126
189 61 1313.5426
61 62 5032.7126
63 62 7662.8352
92 62 2740.4768
55 63 10619.0931
62 63 7662.8352
75 63 1690.0456
22 64 11242.2709
58 64 2170.1389
197 64 11900.5117
37 65 2934.2723
67 65 3503.8542
81 65 2491.2805
4 66 605.6935
44 66 1671.4023
82 66 955.1098
21 67 2909.5141
58 67 6333.1222
65 67 3503.8542
18 68 6844.627
99 68 7347.5386
171 68 5367.6865
32 69 12860.0823
39 69 36192.5443
40 69 4587.156
20 70 4510.5999
21 70 5470.4595
74 70 4930.9665
18 71 3547.3572
72 71 9487.666
99 71 13058.2397
14 72 2536.7834
71 72 9487.666
94 72 3717.4721
44 73 7621.9512
49 73 3401.3605
120 73 4329.0043
21 74 4079.9674
70 74 4930.9665
78 74 1921.9681
53 75 1733.4027
63 75 1690.0456
141 75 15046.6446
4 76 373.1343
77 76 12061.2713
120 76 9082.6521
4 77 360.7504
43 77 49875.3117
76 77 12061.2713
24 78 3456.6194
74 78 1921.9681
81 78 8818.3422
124 79 2957.7048
135 79 12174.3365
138 79 2839.2959
27 80 8771.9298
83 80 1582.0282
141 80 2027.575
24 81 3920.0314
65 81 2491.2805
78 81 8818.3422
17 82 2681.6841
66 82 955.1098
85 82 3773.5849
80 83 1582.0282
84 83 8539.7096
187 83 1090.7504
83 84 8539.7096
86 84 1878.287
185 84 1285.6776
17 85 2611.6479
82 85 3773.5849
88 85 4777.8309
84 86 1878.287
91 86 2589.332
141 86 3043.2136
24 87 5241.0901
90 87 10050.2513
96 87 2718.1299
16 88 1397.0383
85 88 4777.8309
89 88 18615.041
88 89 18615.041
94 89 4649.0005
99 89 2712.968
87 90 10050.2513
118 90 564.6527
143 90 1046.7916
86 91 2589.332
92 91 5107.2523
121 91 3806.6235
62 92 2740.4768
91 92 5107.2523
113 92 3112.3561
59 93 5521.8112
101 93 2829.6548
192 93 2326.1224
57 94 4748.3381
72 94 3717.4721
89 94 4649.0005
97 95 6618.1337
98 95 6406.1499
188 95 1799.5321
37 96 3671.072
87 96 2718.1299
174 96 1140.1209
181 96 778.2101
57 97 678.4261
95 97 6618.1337
98 97 1191.4691
16 98 2182.4531
95 98 6406.1499
97 98 1191.4691
68 99 7347.5386
71 99 13058.2397
89 99 2712.968
25 100 5422.9935
26 100 26184.8651
118 100 2378.687
36 101 12823.801
59 101 3282.9941
93 101 2829.6548
32 102 5724.0985
33 102 10934.9371
38 102 14869.8885
8 103 1702.9973
57 103 2231.6447
104 103 7423.905
8 104 1832.173
103 104 7423.905
106 104 5027.6521
107 105 8382.2297
109 105 4033.8846
189 105 6038.6473
14 106 6377.551
104 106 5027.6521
108 106 7423.905
105 107 8382.2297
109 107 7262.1641
114 107 5837.7116
13 108 2193.4635
106 108 7423.905
111 108 5494.5055
105 109 4033.8846
107 109 7262.1641
113 109 4370.6294
42 110 2134.0162
47 110 11100.0111
152 110 2295.1572
8 111 3576.5379
108 111 5494.5055
116 111 6127.451
196 112 21473.0513
92 113 3112.3561
109 113 4370.6294
115 113 2279.9818
107 114 5837.7116
115 114 6631.2997
125 114 1614.4656
113 115 2279.9818
114 115 6631.2997
119 115 2203.6139
111 116 6127.451
128 116 5327.6505
183 116 11186.9337
20 117 9606.1479
24 117 1969.6671
180 117 2735.2298
25 118 20325.2033
90 118 564.6527
100 118 2378.687
115 119 2203.6139
121 119 2058.0366
130 119 9680.5421
43 120 12344.155
73 120 4329.0043
76 120 9082.6521
91 121 3806.6235
119 121 2058.0366
137 121 2305.7413
2 122 0.0128
26 122 2461.2355
123 122 16374.652
122 123 16374.652
124 123 2890.1734
132 123 37936.2671
27 124 1566.6614
79 124 2957.7048
123 124 2890.1734
114 125 1614.4656
126 125 8045.0523
146 125 772.2008
125 126 8045.0523
127 126 10026.0678
150 126 8019.2462
126 127 10026.0678
130 127 2622.6069
140 127 2306.8051
150 127 6293.2662
13 128 929.368
116 128 5327.6505
129 128 12817.2264
9 129 6968.6411
128 129 12817.2264
131 129 15885.6235
154 129 858.3691
119 130 9680.5421
127 130 2622.6069
133 130 3988.8313
9 131 10721.5611
129 131 15885.6235
136 131 2343.5669
2 132 0.0117
123 132 37936.2671
138 132 7788.162
130 133 3988.8313
137 133 2394.636
140 133 3134.7962
27 134 7189.0726
54 134 16471.7509
135 134 17012.5893
28 135 6176.6523
79 135 12174.3365
134 135 17012.5893
45 136 4212.2999
131 136 2343.5669
176 136 1587.0497
121 137 2305.7413
133 137 2394.636
185 137 2183.8829
79 138 2839.2959
132 138 7788.162
158 138 12889.9201
9 139 6016.8472
45 139 784.9294
186 139 1677.0082
48 140 3607.5036
127 140 2306.8051
133 140 3134.7962
75 141 15046.6446
80 141 2027.575
86 141 3043.2136
159 142 2085.9408
168 142 1541.0695
179 142 3770.7391
90 143 1046.7916
182 143 1147.9738
187 143 3542.3309
30 144 89365.5049
29 145 71787.509
125 146 772.2008
147 146 8952.5515
155 146 2424.8303
146 147 8952.5515
150 147 587.5441
151 147 10076.582
155 147 3111.3877
29 148 7898.8942
31 148 5711.0223
152 148 4518.7528
15 149 1852.538
126 150 8019.2462
127 150 6293.2662
147 150 587.5441
48 151 837.5209
147 151 10076.582
169 151 2065.2623
110 152 2295.1572
148 152 4518.7528
153 152 2165.4396
29 153 12853.4704
152 153 2165.4396
158 153 1609.0105
12 154 6729.4751
129 154 858.3691
179 154 1549.6668
146 155 2424.8303
147 155 3111.3877
156 155 17114.496
155 156 17114.496
160 156 1242.5447
169 156 1847.7458
11 157 1157.0057
12 157 1569.366
159 157 3489.1835
2 158 0.0157
138 158 12889.9201
153 158 1609.0105
12 159 3974.5628
142 159 2085.9408
157 159 3489.1835
156 160 1242.5447
161 160 3636.3636
166 160 1789.8693
160 161 3636.3636
163 161 3322.2591
198 161 355.6188
28 162 2066.5427
41 162 4750.5938
53 162 25458.2485
23 163 4224.7571
161 163 3322.2591
166 163 6426.7352
2 164 0.0144
18 164 9775.1711
167 164 3635.0418
11 165 49236.8291
23 166 4428.698
160 166 1789.8693
163 166 6426.7352
2 167 0.0142
164 167 3635.0418
170 167 5268.7039
11 168 2144.5421
142 168 1541.0695
178 168 2985.0746
151 169 2065.2623
156 169 1847.7458
172 169 2210.922
18 170 8278.1457
167 170 5268.7039
171 170 8635.5786
17 171 3765.0602
68 171 5367.6865
170 171 8635.5786
169 172 2210.922
174 172 3976.1431
177 172 1729.8045
17 173 4113.5335
175 173 1924.187
195 173 15470.297
23 174 3325.5737
96 174 1140.1209
172 174 3976.1431
25 175 1339.2259
35 175 755.8579
173 175 1924.187
136 176 1587.0497
178 176 2403.8462
179 176 4257.1307
48 177 1009.1836
172 177 1729.8045
181 177 12338.0629
45 178 2034.588
168 178 2985.0746
176 178 2403.8462
142 179 3770.7391
154 179 1549.6668
176 179 4257.1307
20 180 1616.8149
35 180 2429.5432
117 180 2735.2298
96 181 778.2101
177 181 12338.0629
182 181 2536.7834
143 182 1147.9738
181 182 2536.7834
184 182 1754.6938
9 183 6184.2919
116 183 11186.9337
186 183 2137.2088
182 184 1754.6938
185 184 2241.1475
187 184 2410.2193
84 185 1285.6776
137 185 2183.8829
184 185 2241.1475
8 186 11114.816
139 186 1677.0082
183 186 2137.2088
83 187 1090.7504
143 187 3542.3309
184 187 2410.2193
8 188 4374.4532
95 188 1799.5321
190 188 8190.0082
60 189 1787.3101
61 189 1313.5426
105 189 6038.6473
8 190 7423.905
188 190 8190.0082
191 190 5446.6231
6 191 1376.8415
8 191 4219.4093
190 191 5446.6231
35 192 2167.7867
93 192 2326.1224
193 192 1489.2033
59 193 1226.392
192 193 1489.2033
194 193 32030.7495
4 194 4164.9313
19 194 5583.4729
193 194 32030.7495
4 195 1039.501
19 195 931.9664
173 195 15470.297
6 196 3424.6575
56 196 1815.8707
112 196 21473.0513
37 197 1854.2555
50 197 6485.0843
64 197 11900.5117
51 198 1064.9627
161 198 355.6188
199 198 2825.657
22 199 7122.5071
46 199 10392.8497
198 199 2825.657
