3 1 5037.7834
4 1 3028.4676
19 1 1335.1135
20 2 14388.4892
35 2 1325.9082
1316 2 2972.6516
1 3 5037.7834
4 3 9107.4681
19 3 1198.0352
1 4 3028.4676
3 4 9107.4681
6 4 16542.5972
35 5 21570.3192
845 5 17292.0629
1031 5 10335.9173
4 6 16542.5972
8 6 7507.5075
43 6 4866.18
9 7 5313.4963
20 7 5246.5897
1028 7 27181.2993
6 8 7507.5075
10 8 6770.4807
39 8 5293.8062
7 9 5313.4963
379 9 11478.4206
1026 9 12144.7656
1027 9 10259.567
8 10 6770.4807
13 10 7855.4595
277 10 3819.7097
12 11 2470.3557
134 11 2824.061
430 11 11625.2034
628 11 3011.1412
11 12 2470.3557
14 12 1871.9581
628 12 4578.7546
10 13 7855.4595
15 13 7861.6352
47 13 3140.7035
820 13 7763.9752
12 14 1871.9581
38 14 565.6109
816 14 1585.2885
13 15 7861.6352
16 15 8896.7972
820 15 4284.4901
15 16 8896.7972
17 16 12578.6164
138 16 4572.4737
502 16 6242.1973
706 16 19860.9732
804 16 6093.8452
1168 16 7692.3077
16 17 12578.6164
18 17 55096.4187
138 17 9009.009
706 17 13539.1281
17 18 55096.4187
21 18 6060.6061
772 18 6531.6786
1 19 1335.1135
3 19 1198.0352
628 19 3657.6445
2 20 14388.4892
7 20 5246.5897
35 20 1995.2115
18 21 6060.6061
22 21 11916.1106
1096 21 6497.7258
21 22 11916.1106
23 22 11479.7383
769 22 7547.1698
22 23 11479.7383
24 23 37037.037
137 23 3500.175
23 24 37037.037
25 24 14142.2712
1071 24 5621.1355
24 25 14142.2712
26 25 30873.7265
696 25 4380.2015
697 25 4541.3261
25 26 30873.7265
28 26 13910.1405
1071 26 2509.4103
1274 27 10561.8927
1276 27 20559.2105
1277 27 20316.9443
26 28 13910.1405
29 28 20403.9992
695 28 12055.4551
28 29 20403.9992
30 29 19627.0854
1069 29 5364.8069
29 30 19627.0854
32 30 17445.9177
1068 30 11516.7569
1029 31 17256.2554
1030 31 22711.7874
1031 31 28058.3614
30 32 17445.9177
33 32 27262.8135
40 32 3709.1988
32 33 27262.8135
34 33 26048.4501
831 33 2694.6915
33 34 26048.4501
49 34 24032.6845
85 34 7751.938
2 35 1325.9082
5 35 21570.3192
20 35 1995.2115
56 36 1963.4793
265 36 4892.3679
266 36 408.3299
488 37 9425.0707
494 37 5678.5917
1256 37 8019.2462
1268 37 2966.4788
1278 37 6963.7883
1284 37 3813.8825
1299 37 1892.8639
14 38 565.6109
39 38 3019.3237
43 38 1789.8693
8 39 5293.8062
38 39 3019.3237
43 39 8976.6607
32 40 3709.1988
42 40 16507.0981
50 40 2900.232
58 40 6578.9474
66 40 1353.3631
68 40 3099.814
85 40 4564.126
1058 40 5364.8069
363 41 1242.8536
1105 41 5524.8619
1107 41 1668.8919
40 42 16507.0981
44 42 15982.1
1058 42 6430.8682
6 43 4866.18
38 43 1789.8693
39 43 8976.6607
42 44 15982.1
45 44 8726.0035
749 44 657.4622
44 45 8726.0035
48 45 5534.0343
1063 45 16705.6465
61 46 43327.5563
269 46 27777.7778
315 46 37064.4922
13 47 3140.7035
277 47 3514.9385
1248 47 13344.0085
45 48 5534.0343
746 48 4380.2015
749 48 2307.8698
34 49 24032.6845
50 49 23957.8342
85 49 5393.7433
40 50 2900.232
49 50 23957.8342
829 50 20850.7089
52 51 15165.3018
63 51 7949.1256
829 51 66269.0524
51 52 15165.3018
53 52 27322.4044
580 52 9891.1968
52 53 27322.4044
55 53 13324.4504
912 53 6657.7896
56 54 3049.7103
197 54 1803.7518
265 54 24850.8946
53 55 13324.4504
58 55 12464.1655
66 55 6439.15
36 56 1963.4793
54 56 3049.7103
197 56 12347.2034
89 57 18089.725
349 57 19630.9384
914 57 5704.5066
40 58 6578.9474
55 58 12464.1655
68 58 8244.0231
60 59 8960.5735
69 59 6464.1241
349 59 10902.7475
59 60 8960.5735
69 60 5503.5773
1006 60 7836.9906
46 61 43327.5563
257 61 38255.5471
528 61 21159.543
574 62 4664.1791
793 62 1495.6626
917 62 1901.5022
51 63 7949.1256
64 63 41511.0004
991 63 2370.2299
63 64 41511.0004
65 64 29868.5783
1044 64 1577.5359
64 65 29868.5783
67 65 9852.2167
1065 65 2173.4406
40 66 1353.3631
55 66 6439.15
68 66 4053.5063
65 67 9852.2167
69 67 6105.0061
71 67 13651.8771
40 68 3099.814
58 68 8244.0231
66 68 4053.5063
59 69 6464.1241
60 69 5503.5773
67 69 6105.0061
74 69 6863.418
87 69 12402.3316
99 69 25786.4879
1014 69 25458.2485
1189 69 5359.0568
222 70 11527.3775
730 70 5720.8238
1215 70 5117.7073
67 71 13651.8771
74 71 14200.5112
1044 71 11631.9646
482 72 19227.0717
491 72 23266.6356
846 72 18224.8952
707 73 4909.1802
709 73 12506.2531
1090 73 1666.9445
69 74 6863.418
71 74 14200.5112
76 74 10035.1229
78 74 3002.1015
87 74 4006.4103
787 74 3300.33
843 74 3514.9385
1024 74 1338.1507
1051 74 3022.9746
1055 74 6289.3082
1056 74 11479.7383
1266 75 11686.3387
1267 75 6548.7885
1268 75 1745.2007
74 76 10035.1229
78 76 12431.6261
843 76 11018.0696
130 77 19029.4957
281 77 15669.0693
444 77 7855.4595
74 78 3002.1015
76 78 12431.6261
79 78 26288.1178
78 79 26288.1178
80 79 38080.7312
1024 79 2600.104
1032 79 2266.0322
79 80 38080.7312
81 80 6784.2605
673 80 10482.1803
80 81 6784.2605
82 81 32258.0645
847 81 11047.2824
81 82 32258.0645
84 82 10301.844
849 82 5617.9775
200 83 20060.1805
269 83 11748.1203
271 83 12883.2775
944 83 41893.5903
82 84 10301.844
140 84 29797.3778
833 84 2770.8507
853 84 12419.2747
34 85 7751.938
40 85 4564.126
49 85 5393.7433
270 86 0.0182
272 86 7022.4719
489 86 10120.4332
69 87 12402.3316
74 87 4006.4103
88 87 11498.2178
87 88 11498.2178
89 88 25361.3999
349 88 20708.2212
57 89 18089.725
88 89 25361.3999
91 89 10639.4297
745 90 14308.1986
747 90 20648.3585
764 90 18460.4024
89 91 10639.4297
97 91 3167.5641
1040 91 974.6589
104 92 8196.7213
272 92 20383.2042
526 92 29735.3553
282 93 18932.2226
1018 93 5955.9261
1259 93 6693.4404
429 94 3130.8704
950 94 6680.0267
951 94 9033.4237
174 95 3877.4719
186 95 8110.3001
198 95 2336.9946
119 96 11352.0263
444 96 7082.153
1259 96 3187.759
91 97 3167.5641
691 97 2897.7108
957 97 4278.9902
1004 97 868.0556
315 98 18518.5185
528 98 20661.157
562 98 25062.6566
69 99 25786.4879
100 99 7674.5971
1019 99 20433.1835
99 100 7674.5971
101 100 11490.2907
1016 100 2925.6875
100 101 11490.2907
103 101 14328.7004
1217 101 751.3148
1048 102 24673.0817
101 103 14328.7004
105 103 7818.6083
936 103 8203.4454
92 104 8196.7213
469 104 3028.4676
562 104 6108.7355
103 105 7818.6083
107 105 5577.2448
1199 105 7698.2294
109 106 4694.8357
279 106 6071.6454
627 106 4712.5353
105 107 5577.2448
108 107 33311.1259
1218 107 2560.8195
107 108 33311.1259
110 108 7485.0299
792 108 1739.1304
106 109 4694.8357
111 109 13469.8276
273 109 6761.3252
280 109 10985.3894
108 110 7485.0299
115 110 5760.3687
1178 110 7698.2294
109 111 13469.8276
112 111 35549.2357
278 111 22177.8665
111 112 35549.2357
113 112 24324.9818
279 112 24746.3499
112 113 24324.9818
114 113 21547.0804
677 113 11907.597
113 114 21547.0804
110 115 5760.3687
116 115 26102.8452
131 115 2041.6497
792 115 2107.4816
115 116 26102.8452
118 116 9523.8095
120 116 1301.2362
119 117 2320.1856
273 117 1660.5779
391 117 1427.348
116 118 9523.8095
120 118 4640.3712
127 118 2529.7243
96 119 11352.0263
117 119 2320.1856
273 119 28818.4438
116 120 1301.2362
118 120 4640.3712
1255 120 4938.2716
320 121 195.2744
400 121 1498.1273
401 121 5428.8817
123 122 16455.4879
402 122 2491.2805
403 122 14740.566
122 123 16455.4879
400 123 3816.7939
404 123 36630.0366
923 124 14413.3756
924 124 2069.1082
1123 124 2822.4668
268 125 10748.0653
272 125 22060.4456
539 125 23020.2578
923 126 7462.6866
118 127 2529.7243
129 127 3918.4953
488 127 3980.8917
401 128 21843.5998
127 129 3918.4953
762 129 3274.3942
779 129 1666.6667
1180 129 2884.338
77 130 19029.4957
1018 130 21701.3889
1259 130 7423.905
115 131 2041.6497
1102 131 5464.4809
1178 131 6770.4807
133 132 6246.0962
762 132 6207.3246
1180 132 2917.1529
132 133 6246.0962
135 133 4401.4085
1173 133 2642.7061
11 134 2824.061
430 134 3795.0664
822 134 2862.0492
133 135 4401.4085
136 135 7710.1002
775 135 3178.6395
942 135 940.7338
135 136 7710.1002
137 136 21070.3751
1313 136 2022.2447
23 137 3500.175
136 137 21070.3751
837 137 11098.7791
16 138 4572.4737
17 138 9009.009
772 138 10474.4946
141 139 675.2194
339 139 2458.2104
509 139 4233.7003
84 140 29797.3778
142 140 13724.952
867 140 3885.0039
139 141 675.2194
334 141 689.6552
863 141 3002.1015
140 142 13724.952
143 142 15479.8762
440 142 4056.7951
452 142 8467.4005
751 142 2635.0461
788 142 6464.1241
838 142 4721.4353
921 142 5361.9303
142 143 15479.8762
144 143 9910.8028
782 143 3590.6643
143 144 9910.8028
145 144 26896.1807
782 144 6261.7408
144 145 26896.1807
148 145 10619.0931
465 145 22492.1278
147 146 3856.5368
232 146 5263.1579
334 146 14150.2759
146 147 3856.5368
145 148 10619.0931
149 148 31826.8619
464 148 1440.9222
148 149 31826.8619
150 149 36010.0828
782 149 1706.1935
1037 149 3370.4078
149 150 36010.0828
153 150 6042.2961
768 150 2376.4259
938 151 9165.9028
941 151 6238.3032
945 151 12851.8185
163 152 526.8704
330 152 10208.2483
332 152 3705.076
150 153 6042.2961
154 153 42789.9016
763 153 3127.9324
153 154 42789.9016
155 154 30248.0339
756 154 41356.493
154 155 30248.0339
156 155 13101.0088
744 155 3984.0637
155 156 13101.0088
157 156 30184.1232
1041 156 29368.5756
156 157 30184.1232
158 157 13663.0687
732 157 3862.4952
157 158 13663.0687
159 158 8077.5444
714 158 1947.799
158 159 8077.5444
161 159 10563.0083
708 159 2762.4309
980 160 3699.593
1032 160 4873.2943
1040 160 2119.9915
159 161 10563.0083
162 161 50454.0868
737 161 28288.5431
161 162 50454.0868
164 162 11500.8626
737 162 24044.2414
152 163 526.8704
327 163 18422.9919
446 163 21039.3436
162 164 11500.8626
165 164 24148.7563
708 164 8756.5674
164 165 24148.7563
166 165 46425.2553
708 165 7794.2323
165 166 46425.2553
168 166 17140.8982
713 166 2177.2262
373 167 4152.8239
1189 167 3885.0039
1191 167 3710.5751
166 168 17140.8982
171 168 9442.8706
708 168 3538.5704
197 169 229.2526
320 169 392.3107
352 169 497.0179
346 170 9560.2294
389 170 1933.1142
840 170 19980.02
168 171 9442.8706
174 171 9496.6762
199 171 4775.5492
719 172 872.6003
723 172 1426.7371
727 172 6958.9422
702 173 25713.551
705 173 2547.1218
1096 173 3713.3309
95 174 3877.4719
171 174 9496.6762
175 174 37023.3247
199 174 1392.3698
525 174 9416.1959
174 175 37023.3247
179 175 5252.1008
537 175 6281.407
565 176 3996.8026
570 176 8591.0653
572 176 4115.2263
191 177 69492.7033
283 177 775.7952
1000 177 5117.7073
1025 178 5060.7287
1027 178 18474.044
1029 178 8598.4523
175 179 5252.1008
183 179 7692.3077
186 179 17758.835
505 180 25773.1959
661 180 10448.229
662 180 18224.8952
1277 181 23441.1627
433 182 7092.1986
179 183 7692.3077
207 183 3709.1988
506 183 9389.6714
540 183 13694.8781
546 183 12562.8141
557 183 8474.5763
561 183 4338.3948
877 183 3255.2083
193 184 27578.599
194 184 13825.5219
506 184 2032.9335
521 184 7199.424
601 184 12476.6064
879 184 10110.2012
394 185 9970.0897
1121 185 9756.0976
1150 185 8361.204
95 186 8110.3001
179 186 17758.835
187 186 30703.101
186 187 30703.101
189 187 15603.0582
196 187 2047.502
282 188 13612.8505
1015 188 7077.1408
1138 188 5194.8052
187 189 15603.0582
190 189 46446.8184
557 189 8984.726
189 190 46446.8184
193 190 9930.4866
589 190 5868.5446
177 191 69492.7033
271 191 13808.3402
281 191 27862.9145
290 192 2599.4281
291 192 24703.5573
306 192 72568.9405
184 193 27578.599
190 193 9930.4866
589 193 7418.3976
184 194 13825.5219
195 194 23507.2873
524 194 7558.579
194 195 23507.2873
196 195 6882.3125
530 195 3665.6891
187 196 2047.502
195 196 6882.3125
198 196 10143.0165
54 197 1803.7518
56 197 12347.2034
169 197 229.2526
95 198 2336.9946
196 198 10143.0165
199 198 12268.4333
171 199 4775.5492
174 199 1392.3698
198 199 12268.4333
83 200 20060.1805
271 200 9302.3256
289 200 2027.164
202 201 21519.2597
290 201 20145.0443
1095 201 24888.004
201 202 21519.2597
203 202 6518.9048
290 202 18765.2468
202 203 6518.9048
205 203 7012.6227
290 203 8628.1277
1142 203 6978.3671
205 204 8237.2323
290 204 15573.8981
295 204 11054.6098
203 205 7012.6227
204 205 8237.2323
206 205 20362.4516
296 205 11397.3102
205 206 20362.4516
208 206 3432.8871
1142 206 7429.4205
183 207 3709.1988
209 207 11330.1609
240 207 2015.7226
322 207 9041.5913
324 207 9487.666
340 207 26709.4017
865 207 12019.2308
877 207 4244.4822
206 208 3432.8871
297 208 14430.0144
1142 208 2418.9647
207 209 11330.1609
210 209 39200.3136
340 209 5347.5936
209 210 39200.3136
211 210 26336.5815
1047 210 14407.1459
210 211 26336.5815
212 211 20942.4084
341 211 3705.076
211 212 20942.4084
214 212 14160.2945
337 212 45871.5596
727 213 2660.282
733 213 7936.5079
1170 213 1456.6642
212 214 14160.2945
215 214 18409.4256
341 214 2495.6326
956 214 10902.7475
214 215 18409.4256
216 215 36954.915
325 215 27107.6172
326 215 5988.024
328 215 25588.5363
331 215 8312.552
374 215 7710.1002
959 215 1372.872
215 216 36954.915
217 216 35790.9807
223 216 3049.7103
216 217 35790.9807
218 217 32061.5582
325 217 46598.3225
217 218 32061.5582
219 218 23430.1781
223 218 3871.4673
218 219 23430.1781
220 219 59488.3998
223 219 5952.381
219 220 59488.3998
221 220 46728.972
378 220 11917.5307
220 221 46728.972
223 221 11623.8521
450 221 17828.4899
70 222 11527.3775
728 222 2516.3563
1239 222 6414.3682
216 223 3049.7103
218 223 3871.4673
219 223 5952.381
221 223 11623.8521
225 223 7570.0227
450 223 7627.7651
857 223 45682.9603
961 223 30816.641
1289 223 20842.0175
251 224 16090.1046
399 224 8051.5298
850 224 25400.0508
962 224 32970.6561
975 224 7570.0227
1185 224 37188.5459
1203 224 18231.5406
1204 224 20076.2899
1205 224 21547.0804
1225 224 18057.0603
1232 224 8779.6313
1289 224 33355.5704
223 225 7570.0227
362 225 6872.8522
610 225 18515.0898
227 226 41614.6484
229 226 8333.3333
407 226 4861.4487
421 226 21390.3743
640 226 27540.6224
949 226 5350.4548
950 226 2632.2717
226 227 41614.6484
229 227 7513.148
458 227 10308.2156
728 228 9587.7277
1167 228 4450.3783
1239 228 2355.1578
226 229 8333.3333
227 229 7513.148
230 229 30039.0508
229 230 30039.0508
233 230 10862.481
497 230 5675.3689
504 231 11267.6056
658 231 22977.9412
1082 231 44722.7191
146 232 5263.1579
230 233 10862.481
234 233 19489.3783
515 233 6830.6011
233 234 19489.3783
235 234 16627.8683
486 234 2557.5448
508 234 5503.5773
234 235 16627.8683
236 235 35486.1604
515 235 16007.6837
662 235 15451.1743
235 236 35486.1604
237 236 24900.3984
515 236 4215.8516
236 237 24900.3984
239 237 17140.8982
661 237 9980.0399
245 238 14330.7538
247 238 9823.1827
292 238 15554.5186
1279 238 13365.4103
237 239 17140.8982
240 239 38729.6669
527 239 13679.8906
207 240 2015.7226
239 240 38729.6669
516 240 30404.3782
242 241 24850.8946
245 241 24248.3026
1279 241 28735.6322
241 242 24850.8946
243 242 61576.3547
344 242 26462.027
242 243 61576.3547
244 243 40832.9931
245 243 27063.5995
243 244 40832.9931
250 244 12938.2844
344 244 22446.6891
238 245 14330.7538
241 245 24248.3026
243 245 27063.5995
246 245 9891.1968
245 246 9891.1968
247 246 9107.4681
250 246 5458.5153
238 247 9823.1827
246 247 9107.4681
292 247 11456.066
500 248 8460.2369
510 248 16520.7335
657 248 36536.3537
1082 248 31338.1385
926 249 3336.67
931 249 4488.3303
941 249 2838.4899
244 250 12938.2844
246 250 5458.5153
613 250 8857.3959
224 251 16090.1046
252 251 24832.3814
1227 251 22639.8008
251 252 24832.3814
253 252 16257.5191
1226 252 23792.5291
252 253 16257.5191
254 253 24160.4252
1222 253 5390.8356
253 254 24160.4252
255 254 26673.7797
979 254 16015.3748
1182 254 12611.9309
254 255 26673.7797
256 255 36737.6929
963 255 13646.2882
1182 255 8474.5763
255 256 36737.6929
259 256 12700.0254
964 256 23457.6589
61 257 38255.5471
269 257 42052.1447
944 257 46663.5558
267 258 4255.3191
736 258 9496.6762
1085 258 2118.6441
1132 258 4664.1791
256 259 12700.0254
261 259 13793.1034
1183 259 10567.4733
293 260 7385.5244
360 260 3990.423
1186 260 13511.6876
259 261 13793.1034
262 261 50813.0081
1017 261 9551.0984
261 262 50813.0081
263 262 16756.0322
1214 262 7363.7703
262 263 16756.0322
264 263 28587.7644
1214 263 7272.7273
263 264 28587.7644
774 264 10759.6299
973 264 6045.9492
1110 264 9823.1827
1179 264 4442.47
1206 264 21584.2866
1265 264 21408.6919
1274 264 20850.7089
1276 264 13478.9055
36 265 4892.3679
54 265 24850.8946
266 265 8368.2008
1035 265 20108.5864
1310 265 3232.0621
36 266 408.3299
265 266 8368.2008
270 266 0.0151
279 266 8764.2419
1297 266 1803.4265
1301 266 9756.0976
258 267 4255.3191
739 267 6180.4697
766 267 2233.6386
125 268 10748.0653
338 268 5149.3306
539 268 2816.1081
46 269 27777.7778
83 269 11748.1203
257 269 42052.1447
86 270 0.0182
266 270 0.0151
271 270 0.0389
274 270 0.0198
278 270 0.0165
343 270 0.0151
489 270 0.0187
83 271 12883.2775
191 271 13808.3402
200 271 9302.3256
270 271 0.0389
289 271 6518.9048
86 272 7022.4719
92 272 20383.2042
125 272 22060.4456
275 272 10844.8108
347 272 16616.8162
469 272 20475.0205
539 272 18439.9779
903 272 14168.3196
109 273 6761.3252
117 273 1660.5779
119 273 28818.4438
280 273 18993.3523
391 273 641.4368
402 273 9900.9901
444 273 13842.7464
627 273 4522.8403
270 274 0.0198
275 274 14585.7643
343 274 6506.1809
272 275 10844.8108
274 275 14585.7643
903 275 3551.1364
342 276 7763.9752
350 276 17611.8352
765 276 4737.0914
10 277 3819.7097
47 277 3514.9385
968 277 3226.8474
111 278 22177.8665
270 278 0.0165
280 278 25144.5813
106 279 6071.6454
112 279 24746.3499
266 279 8764.2419
109 280 10985.3894
273 280 18993.3523
278 280 25144.5813
77 281 15669.0693
191 281 27862.9145
1018 281 26532.2367
1196 281 19459.0387
93 282 18932.2226
188 282 13612.8505
283 282 12010.5693
1196 282 33783.7838
177 283 775.7952
282 283 12010.5693
285 283 6849.3151
294 284 7358.3517
310 284 9285.0511
356 284 9784.7358
283 285 6849.3151
287 285 23803.8562
288 285 4777.8309
365 286 6906.0773
367 286 2591.3449
929 286 1111.4816
285 287 23803.8562
288 287 26364.3554
391 287 1806.3584
285 288 4777.8309
287 288 26364.3554
339 288 5260.3893
200 289 2027.164
271 289 6518.9048
290 289 18328.4457
192 290 2599.4281
201 290 20145.0443
202 290 18765.2468
203 290 8628.1277
204 290 15573.8981
289 290 18328.4457
291 290 2787.845
295 290 8453.0854
303 290 12779.5527
562 290 1508.5232
1167 290 8396.3056
192 291 24703.5573
290 291 2787.845
306 291 27085.5905
307 291 15959.1446
317 291 2738.9756
321 291 9319.6645
1157 291 9746.5887
238 292 15554.5186
247 292 11456.066
298 292 5787.037
554 292 7616.1462
643 292 807.1025
887 292 2231.1468
260 293 7385.5244
294 293 3282.9941
358 293 6176.6523
284 294 7358.3517
293 294 3282.9941
357 294 4904.3649
204 295 11054.6098
290 295 8453.0854
296 295 39745.628
205 296 11397.3102
295 296 39745.628
297 296 9285.0511
208 297 14430.0144
296 297 9285.0511
298 297 24734.1083
292 298 5787.037
297 298 24734.1083
1246 298 2322.8804
300 299 14353.3802
305 299 5727.3769
729 299 6882.3125
299 300 14353.3802
301 300 15434.4806
313 300 5931.1981
300 301 15434.4806
305 301 12599.2188
364 301 11371.3896
1043 301 5899.705
309 302 1402.9181
333 302 10038.145
1186 302 7256.894
290 303 12779.5527
304 303 18978.9334
1095 303 18351.9912
303 304 18978.9334
306 304 19361.0842
1095 304 10192.6409
299 305 5727.3769
301 305 12599.2188
333 305 3278.6885
364 305 15179.1135
192 306 72568.9405
291 306 27085.5905
304 306 19361.0842
291 307 15959.1446
308 307 30459.9452
1157 307 10976.9484
307 308 30459.9452
311 308 7385.5244
1157 308 6337.1356
302 309 1402.9181
310 309 17482.5175
354 309 18892.8774
284 310 9285.0511
309 310 17482.5175
312 310 11074.1971
308 311 7385.5244
316 311 5875.4407
643 311 5136.1068
310 312 11074.1971
300 313 5931.1981
314 313 7855.4595
1104 313 3028.4676
313 314 7855.4595
869 314 5293.8062
871 314 5211.0474
46 315 37064.4922
98 315 18518.5185
528 315 24727.9921
311 316 5875.4407
408 316 2768.5493
410 316 24709.6615
644 316 18618.5068
649 316 23277.4674
291 317 2738.9756
930 317 9615.3846
935 317 6770.4807
321 318 4743.833
323 318 16764.4593
935 318 7087.1722
368 319 3494.0601
419 319 7401.9245
1047 319 6825.9386
121 320 195.2744
169 320 392.3107
352 320 1188.3541
291 321 9319.6645
318 321 4743.833
935 321 5313.4963
207 322 9041.5913
324 322 9285.0511
419 322 6939.6253
318 323 16764.4593
327 323 3724.3948
930 323 8620.6897
207 324 9487.666
322 324 9285.0511
1047 324 11296.8821
215 325 27107.6172
217 325 46598.3225
377 325 5854.8009
215 326 5988.024
374 326 12440.9057
377 326 3844.6751
163 327 18422.9919
323 327 3724.3948
446 327 20345.88
215 328 25588.5363
329 328 10423.1812
423 328 2673.7968
328 329 10423.1812
152 330 10208.2483
332 330 4224.7571
446 330 4127.1151
215 331 8312.552
337 331 12470.3828
423 331 19087.6121
152 332 3705.076
330 332 4224.7571
334 332 5221.9321
302 333 10038.145
305 333 3278.6885
729 333 6802.7211
141 334 689.6552
146 334 14150.2759
332 334 5221.9321
335 334 42087.5421
334 335 42087.5421
336 335 11849.7452
863 335 12901.5611
335 336 11849.7452
509 336 5995.2038
863 336 22686.0254
212 337 45871.5596
331 337 12470.3828
423 337 8431.7032
268 338 5149.3306
703 338 10670.0811
765 338 13506.2129
139 339 2458.2104
288 339 5260.3893
509 339 4741.5837
207 340 26709.4017
209 340 5347.5936
341 340 7246.3768
211 341 3705.076
214 341 2495.6326
340 341 7246.3768
956 341 1373.4377
276 342 7763.9752
351 342 9842.5197
354 342 23164.2344
656 342 13861.9351
929 342 15048.909
1215 342 1278.9359
270 343 0.0151
274 343 6506.1809
386 343 8826.1253
841 343 1231.8305
903 343 1791.1517
242 344 26462.027
244 344 22446.6891
356 344 47236.6556
357 344 35855.1452
607 344 4454.343
612 344 8510.6383
1215 344 19573.302
1246 344 10170.8706
1279 344 19290.1235
361 345 42069.8359
511 345 21399.5292
514 345 11053.3879
607 345 22222.2222
609 345 8382.2297
617 345 6293.2662
624 345 3563.7919
873 345 4389.8156
170 346 9560.2294
664 346 1924.187
840 346 6325.1107
272 347 16616.8162
350 347 4911.5914
703 347 7892.6598
1129 348 10271.1586
1144 348 6238.3032
1218 348 17111.5674
57 349 19630.9384
59 349 10902.7475
88 349 20708.2212
914 349 9765.625
276 350 17611.8352
347 350 4911.5914
351 350 30892.802
342 351 9842.5197
350 351 30892.802
929 351 840.3361
169 352 497.0179
320 352 1188.3541
400 352 10373.444
604 353 4024.1449
857 353 4486.3167
860 353 8264.4628
861 353 5636.9786
309 354 18892.8774
342 354 23164.2344
356 354 8424.5998
604 355 3894.081
610 355 20312.8174
842 355 19069.4127
284 356 9784.7358
344 356 47236.6556
354 356 8424.5998
294 357 4904.3649
344 357 35855.1452
358 357 21968.3656
293 358 6176.6523
357 358 21968.3656
360 358 15243.9024
513 359 22266.7557
520 359 9132.4201
906 359 2979.7378
260 360 3990.423
358 360 15243.9024
361 360 64977.258
345 361 42069.8359
360 361 64977.258
1186 361 4111.8421
225 362 6872.8522
611 362 9727.6265
631 362 6134.9693
41 363 1242.8536
1107 363 1335.2918
1141 363 3292.7231
301 364 11371.3896
305 364 15179.1135
365 364 34977.2648
367 364 21982.8534
656 364 8230.4527
1043 364 10802.6358
286 365 6906.0773
364 365 34977.2648
656 365 19904.4586
371 366 1435.7502
545 366 5211.0474
951 366 1052.5208
286 367 2591.3449
364 367 21982.8534
369 367 14003.6409
319 368 3494.0601
1045 368 11859.5825
1047 368 3992.016
367 369 14003.6409
370 369 90826.5213
1045 369 9970.0897
369 370 90826.5213
374 370 3863.9876
1045 370 5675.3689
366 371 1435.7502
372 371 2827.2547
376 371 3221.6495
755 371 4332.7556
371 372 2827.2547
951 372 3591.954
1098 372 2547.7707
167 373 4152.8239
834 373 3886.5138
1191 373 2078.138
215 374 7710.1002
326 374 12440.9057
370 374 3863.9876
376 375 13937.2822
634 375 33433.6342
738 375 17061.9348
371 376 3221.6495
375 376 13937.2822
755 376 6553.0799
325 377 5854.8009
326 377 3844.6751
378 377 12498.4377
220 378 11917.5307
377 378 12498.4377
450 378 4098.3607
9 379 11478.4206
381 379 7304.6019
952 379 1731.0023
1025 379 18034.2651
1234 379 10178.117
1247 379 42069.8359
1273 379 8591.0653
1316 379 1197.4614
413 380 8802.8169
632 380 23142.791
777 380 9433.9623
379 381 7304.6019
386 381 2626.0504
387 381 11550.0116
383 382 5558.6437
385 382 5945.3032
777 382 10056.3154
382 383 5558.6437
626 383 22456.7707
898 383 20475.0205
744 384 13888.8889
756 384 11200.7168
757 384 25012.5063
382 385 5945.3032
623 385 6222.7754
625 385 11122.2333
343 386 8826.1253
381 386 2626.0504
1297 386 1412.8285
381 387 11550.0116
388 387 26609.8989
1273 387 14615.6095
387 388 26609.8989
841 388 1334.9353
1271 388 33134.5262
170 389 1933.1142
608 389 2677.3762
623 389 25510.2041
392 390 8136.6965
1245 390 9891.1968
1271 390 9950.2488
117 391 1427.348
273 391 641.4368
287 391 1806.3584
390 392 8136.6965
393 392 30003.0003
1235 392 3200.0
392 393 30003.0003
395 393 9082.6521
1220 393 4191.1148
1245 393 5089.0585
185 394 9970.0897
940 394 1626.0163
1117 394 5627.462
393 395 9082.6521
396 395 6313.1313
1221 395 21687.2696
395 396 6313.1313
397 396 14488.554
963 396 20631.3183
396 397 14488.554
398 397 6277.4639
854 397 3038.5901
397 398 6277.4639
399 398 17966.2235
1228 398 4048.583
224 399 8051.5298
398 399 17966.2235
1224 399 14108.3521
121 400 1498.1273
123 400 3816.7939
352 400 10373.444
401 400 8025.6822
403 400 14037.0578
404 400 35285.8151
121 401 5428.8817
128 401 21843.5998
400 401 8025.6822
122 402 2491.2805
273 402 9900.9901
403 402 23557.126
627 402 706.7138
122 403 14740.566
400 403 14037.0578
402 403 23557.126
404 403 25464.7313
123 404 36630.0366
400 404 35285.8151
403 404 25464.7313
406 405 21598.2721
663 405 7757.9519
897 405 4549.5905
405 406 21598.2721
407 406 13561.1608
630 406 24425.9893
226 407 4861.4487
406 407 13561.1608
630 407 39047.2472
316 408 2768.5493
409 408 4304.7783
410 408 6273.5257
655 408 7942.8118
678 408 15733.1655
895 408 12269.9387
408 409 4304.7783
417 409 17510.0683
659 409 6887.0523
896 409 2229.6544
899 409 3650.9675
316 410 24709.6615
408 410 6273.5257
649 410 32520.3252
682 410 29112.0815
687 411 18345.2578
948 411 4231.9086
1307 411 7315.289
888 412 5903.1877
905 412 10744.6008
1192 412 3517.4112
380 413 8802.8169
621 413 17229.4969
777 413 4382.1209
434 414 17921.147
435 414 12998.8301
533 414 1462.6298
904 414 16355.9045
910 414 573.7235
436 415 9746.5887
512 415 7256.894
560 415 3089.2802
669 415 30293.8503
883 415 9293.6803
900 415 991.0803
901 415 4835.5899
906 415 8583.691
426 416 20128.8245
437 416 1167.9514
660 416 1738.2235
409 417 17510.0683
418 417 25188.9169
659 417 5662.5142
417 418 25188.9169
420 418 8779.6313
660 418 3376.0972
319 419 7401.9245
322 419 6939.6253
1047 419 5854.8009
418 420 8779.6313
422 420 15762.9256
432 420 8591.0653
226 421 21390.3743
629 421 4520.7957
640 421 34211.4266
420 422 15762.9256
425 422 7710.1002
1275 422 12716.175
328 423 2673.7968
331 423 19087.6121
337 423 8431.7032
634 424 5899.705
898 424 2413.7099
939 424 9049.7738
422 425 7710.1002
426 425 18864.3652
1275 425 8510.6383
416 426 20128.8245
425 426 18864.3652
427 426 7446.0164
426 427 7446.0164
431 427 4819.2771
692 427 3469.8126
433 428 6934.8128
638 428 3348.9618
949 428 27533.0396
94 429 3130.8704
433 429 8865.2482
637 429 6101.2813
11 430 11625.2034
134 430 3795.0664
824 430 273.8226
427 431 4819.2771
438 431 24813.8958
693 431 10648.4932
420 432 8591.0653
434 432 11248.5939
688 432 1852.1949
182 433 7092.1986
428 433 6934.8128
429 433 8865.2482
414 434 17921.147
432 434 11248.5939
1275 434 1876.5247
414 435 12998.8301
436 435 20772.7462
688 435 8116.8831
415 436 9746.5887
435 436 20772.7462
902 436 9000.9001
416 437 1167.9514
439 437 13723.0685
448 437 2702.7027
551 437 2051.7029
694 437 3305.7851
813 437 4242.6814
819 437 9469.697
1128 437 10125.5569
431 438 24813.8958
439 438 32647.731
694 438 5254.8607
437 439 13723.0685
438 439 32647.731
552 439 1089.0873
142 440 4056.7951
751 440 2749.5188
781 440 2604.845
442 441 12324.3776
544 441 9587.7277
547 441 6973.5007
1128 441 24084.7784
441 442 12324.3776
443 442 13376.137
453 442 17262.213
442 443 13376.137
445 443 9661.8357
813 443 5963.0292
77 444 7855.4595
96 444 7082.153
273 444 13842.7464
443 445 9661.8357
447 445 8000.0
448 445 25529.7421
918 445 6067.9612
163 446 21039.3436
327 446 20345.88
330 446 4127.1151
445 447 8000.0
449 447 38880.2488
1108 447 3165.5587
437 448 2702.7027
445 448 25529.7421
481 448 1199.76
483 448 2232.1429
880 448 22222.2222
892 448 4349.7173
447 449 38880.2488
456 449 13435.4427
1174 449 29171.5286
221 450 17828.4899
223 450 7627.7651
378 450 4098.3607
452 451 10022.0485
457 451 13743.8153
878 451 14334.8624
1174 451 35100.0351
142 452 8467.4005
451 452 10022.0485
466 452 16507.0981
442 453 17262.213
454 453 8510.6383
544 453 4363.0017
453 454 8510.6383
455 454 5605.3812
821 454 1551.109
823 454 1801.8018
454 455 5605.3812
456 455 6261.7408
812 455 5151.9835
449 456 13435.4427
455 456 6261.7408
806 456 2087.6827
451 457 13743.8153
808 457 6531.6786
1233 457 3565.0624
227 458 10308.2156
460 458 3966.6799
497 458 6887.0523
462 459 5099.4391
798 459 8912.656
1233 459 18018.018
458 460 3966.6799
461 460 7535.795
497 460 9587.7277
460 461 7535.795
487 461 12861.7363
1244 461 7027.4069
459 462 5099.4391
463 462 5252.1008
785 462 3995.2058
916 462 5868.5446
462 463 5252.1008
464 463 12419.2747
783 463 3658.9828
785 463 6381.6209
788 463 5099.4391
148 464 1440.9222
463 464 12419.2747
465 464 9225.0923
145 465 22492.1278
464 465 9225.0923
788 465 4640.3712
452 466 16507.0981
470 466 4943.1537
838 466 25497.1953
1010 467 10720.4117
1172 467 5022.6017
1175 467 26688.0171
1124 468 1493.652
1143 468 1175.6407
1150 468 1176.0555
104 469 3028.4676
272 469 20475.0205
539 469 6896.5517
466 470 4943.1537
471 470 28481.914
864 470 3625.8158
470 471 28481.914
472 471 12666.2445
859 471 2683.8433
471 472 12666.2445
473 472 14444.6049
535 472 884.9558
472 473 14444.6049
474 473 7315.289
872 473 1241.1568
473 474 7315.289
475 474 22079.9293
918 474 814.3322
474 475 22079.9293
478 475 1922.7072
566 475 1411.4326
695 476 1996.4065
1078 476 7616.1462
1093 476 6997.9006
479 477 2715.1778
484 477 2197.8022
1304 477 6238.3032
475 478 1922.7072
480 478 3546.0993
1305 478 506.0729
477 479 2715.1778
485 479 8183.3061
1244 479 8703.2202
478 480 3546.0993
481 480 6002.401
884 480 1408.6491
448 481 1199.76
480 481 6002.401
483 481 3299.2412
72 482 19227.0717
491 482 8547.0085
536 482 3909.3041
448 483 2232.1429
481 483 3299.2412
882 483 7215.0072
477 484 2197.8022
485 484 29265.4375
490 484 10998.6802
479 485 8183.3061
484 485 29265.4375
486 485 8865.2482
234 486 2557.5448
485 486 8865.2482
487 486 5083.8841
461 487 12861.7363
486 487 5083.8841
1244 487 13003.9012
37 488 9425.0707
127 488 3980.8917
1256 488 12201.0737
86 489 10120.4332
270 489 0.0187
944 489 23640.6619
484 490 10998.6802
492 490 6086.4273
504 490 13444.4743
72 491 23266.6356
482 491 8547.0085
540 491 13482.5401
546 491 8410.4289
490 492 6086.4273
493 492 8936.5505
510 492 6631.2997
492 493 8936.5505
498 493 7142.8571
641 493 1848.0872
37 494 5678.5917
495 494 22138.5876
1298 494 2303.0861
494 495 22138.5876
496 495 4833.2528
779 495 1125.2391
495 496 4833.2528
499 496 5896.2264
1294 496 4068.3483
1298 496 5931.1981
230 497 5675.3689
458 497 6887.0523
460 497 9587.7277
493 498 7142.8571
500 498 8064.5161
646 498 4378.2837
496 499 5896.2264
501 499 9832.8417
1295 499 3709.1988
248 500 8460.2369
498 500 8064.5161
1057 500 6119.951
499 501 9832.8417
502 501 16608.5368
1309 501 15501.4726
16 502 6242.1973
501 502 16608.5368
772 502 2518.2574
1309 502 18178.513
1137 503 1157.6754
1178 503 1473.188
1199 503 4570.3839
1207 503 4201.6807
231 504 11267.6056
490 504 13444.4743
505 504 19904.4586
1066 504 11303.2666
180 505 25773.1959
504 505 19904.4586
508 505 4201.6807
183 506 9389.6714
184 506 2032.9335
507 506 13206.5504
506 507 13206.5504
881 507 7782.1012
958 507 4712.5353
234 508 5503.5773
505 508 4201.6807
662 508 15103.4587
139 509 4233.7003
336 509 5995.2038
339 509 4741.5837
248 510 16520.7335
492 510 6631.2997
1066 510 20092.4252
345 511 21399.5292
591 511 1897.1732
958 511 5824.1118
415 512 7256.894
517 512 29455.081
592 512 6506.1809
635 512 4027.3862
639 512 2878.5262
1240 512 10029.0843
359 513 22266.7557
529 513 2866.9725
909 513 11350.7378
910 513 12338.0629
345 514 11053.3879
624 514 16157.6991
1240 514 5159.9587
233 515 6830.6011
235 515 16007.6837
236 515 4215.8516
240 516 30404.3782
518 516 6020.4696
527 516 12908.2225
512 517 29455.081
519 517 15847.8605
605 517 11422.0445
516 518 6020.4696
534 518 2638.5224
993 518 2551.0204
517 519 15847.8605
520 519 14695.0771
605 519 7490.6367
359 520 9132.4201
519 520 14695.0771
521 520 28677.9467
184 521 7199.424
520 521 28677.9467
523 521 2321.8017
712 522 9082.6521
717 522 1258.8117
761 522 4434.5898
521 523 2321.8017
524 523 19493.1774
529 523 17803.0977
194 524 7558.579
523 524 19493.1774
530 524 28368.7943
174 525 9416.1959
531 525 13310.2622
1177 525 10658.7082
92 526 29735.3553
528 526 18057.0603
562 526 9532.8885
239 527 13679.8906
516 527 12908.2225
1074 527 14425.8511
61 528 21159.543
98 528 20661.157
315 528 24727.9921
526 528 18057.0603
513 529 2866.9725
523 529 17803.0977
530 529 19252.9842
195 530 3665.6891
524 530 28368.7943
529 530 19252.9842
525 531 13310.2622
534 531 7209.8053
654 531 12236.9065
555 532 4363.0017
558 532 6930.0069
672 532 6779.661
414 533 1462.6298
700 533 723.589
795 533 1425.72
518 534 2638.5224
531 534 7209.8053
653 534 5711.0223
1177 534 7440.4762
472 535 884.9558
784 535 3648.3035
849 535 2642.0079
482 536 3909.3041
537 536 10856.5845
993 536 2200.22
175 537 6281.407
536 537 10856.5845
846 537 8904.7195
541 538 2185.3147
552 538 5602.2409
795 538 6657.7896
125 539 23020.2578
268 539 2816.1081
272 539 18439.9779
469 539 6896.5517
183 540 13694.8781
491 540 13482.5401
546 540 16069.4199
846 540 8084.0744
538 541 2185.3147
542 541 6493.5065
913 541 3112.3561
541 542 6493.5065
543 542 2809.778
817 542 2116.4021
542 543 2809.778
544 543 4882.8125
818 543 2710.0271
821 543 9756.0976
441 544 9587.7277
453 544 4363.0017
543 544 4882.8125
366 545 5211.0474
614 545 3796.5072
862 545 3050.6406
183 546 12562.8141
491 546 8410.4289
540 546 16069.4199
441 547 6973.5007
548 547 13687.3802
818 547 8896.7972
547 548 13687.3802
549 548 13599.8912
819 548 5988.024
548 549 13599.8912
551 549 5512.6792
817 549 17525.4118
819 549 3300.33
566 550 736.9197
784 550 5574.136
786 550 3466.2045
437 551 2051.7029
549 551 5512.6792
552 551 4198.1528
439 552 1089.0873
538 552 5602.2409
551 552 4198.1528
645 553 13448.0904
780 553 10399.3344
1162 553 14202.528
292 554 7616.1462
555 554 13095.8617
887 554 5330.4904
532 555 4363.0017
554 555 13095.8617
620 555 2345.7659
734 556 9354.537
754 556 19654.0881
766 556 2241.1475
183 557 8474.5763
189 557 8984.726
589 557 4757.3739
532 558 6930.0069
559 558 9606.1479
671 558 9000.9001
558 559 9606.1479
560 559 4775.5492
635 559 17188.0371
415 560 3089.2802
559 560 4775.5492
670 560 4194.6309
183 561 4338.3948
563 561 4173.6227
877 561 5497.5261
98 562 25062.6566
104 562 6108.7355
290 562 1508.5232
526 562 9532.8885
561 563 4173.6227
565 563 5162.6226
876 563 5783.69
979 564 6250.0
1187 564 17223.5618
1195 564 14501.1601
176 565 3996.8026
563 565 5162.6226
567 565 6289.3082
475 566 1411.4326
550 566 736.9197
569 566 3516.1744
917 566 826.4463
565 567 6289.3082
876 567 7692.3077
1120 567 13999.72
787 568 14029.1807
789 568 10000.0
920 568 4885.1979
566 569 3516.1744
571 569 4649.0005
1305 569 9416.1959
176 570 8591.0653
572 570 10440.593
868 570 9950.2488
569 571 4649.0005
573 571 3610.1083
796 571 2995.8059
176 572 4115.2263
570 572 10440.593
869 572 8873.1145
571 573 3610.1083
574 573 3330.0033
799 573 1212.8563
62 574 4664.1791
573 574 3330.0033
575 574 6644.5183
574 575 6644.5183
576 575 3445.8994
793 575 3657.6445
908 575 4413.0627
575 576 3445.8994
577 576 15825.2888
933 576 2660.282
576 577 15825.2888
578 577 14581.5106
911 577 20048.1155
577 578 14581.5106
579 578 6761.3252
991 578 2922.2677
578 579 6761.3252
580 579 7564.2965
991 579 4299.2261
52 580 9891.1968
579 580 7564.2965
912 580 17758.835
865 581 4547.5216
876 581 16281.3416
877 581 7639.4194
584 582 17743.0802
988 582 4830.9179
1008 582 25940.3372
1088 582 30193.2367
1100 582 3112.3561
1113 582 4142.5021
1115 582 4317.7893
1125 582 22909.5074
1134 582 1365.0014
590 583 7518.797
1050 583 12456.4026
1119 583 6531.6786
1122 583 2952.4653
1131 583 3691.399
582 584 17743.0802
585 584 34977.2648
1134 584 6042.2961
584 585 34977.2648
586 585 21061.4996
1109 585 14469.686
585 586 21061.4996
587 586 21459.2275
1100 586 26532.2367
1109 586 12990.3871
586 587 21459.2275
748 587 32216.4948
1079 587 17914.7259
726 588 15654.3519
1079 588 35161.744
1109 588 8382.2297
190 589 5868.5446
193 589 7418.3976
557 589 4757.3739
583 590 7518.797
726 590 34662.0451
1134 590 3161.5555
511 591 1897.1732
592 591 8680.5556
596 591 5268.7039
512 592 6506.1809
591 592 8680.5556
605 592 4407.2279
978 593 4258.9438
1193 593 14699.3973
1195 593 14821.4021
595 594 52882.073
750 594 17289.0733
1089 594 24509.8039
1099 594 10537.4078
594 595 52882.073
597 595 20433.1835
1022 595 10949.3047
591 596 5268.7039
599 596 3546.0993
800 596 4992.5112
595 597 20433.1835
598 597 27502.7503
1002 597 32658.3932
597 598 27502.7503
600 598 4133.9396
1002 598 20032.0513
1023 598 3969.8293
596 599 3546.0993
601 599 2631.5789
881 599 4070.0041
598 600 4133.9396
1067 600 2278.9426
1126 600 9285.0511
184 601 12476.6064
599 601 2631.5789
800 601 3015.6815
879 601 22187.708
603 602 4977.6008
1023 602 6357.2791
1126 602 3277.6139
602 603 4977.6008
606 603 2733.7343
1091 603 4029.0089
353 604 4024.1449
355 604 3894.081
1049 604 14378.1452
517 605 11422.0445
519 605 7490.6367
592 605 4407.2279
800 605 5649.7175
603 606 2733.7343
1070 606 6397.9527
1188 606 4474.2729
344 607 4454.343
345 607 22222.2222
609 607 8110.3001
389 608 2677.3762
615 608 3085.4674
631 608 37636.4321
875 608 35574.5286
345 609 8382.2297
607 609 8110.3001
612 609 3729.9515
852 609 3286.2307
225 610 18515.0898
355 610 20312.8174
611 610 9487.666
842 610 32765.3997
362 611 9727.6265
610 611 9487.666
631 611 10429.7038
344 612 8510.6383
609 612 3729.9515
613 612 9950.2488
250 613 8857.3959
612 613 9950.2488
852 613 3297.0656
545 614 3796.5072
615 614 8389.2617
631 614 2854.696
842 614 2949.8525
608 615 3085.4674
614 615 8389.2617
1135 615 4725.8979
617 616 4597.7011
620 616 6325.1107
852 616 4810.0048
345 617 6293.2662
616 617 4597.7011
639 617 1354.463
619 618 20863.7596
738 618 5032.7126
755 618 8298.7552
1135 618 12345.679
618 619 20863.7596
632 619 9746.5887
875 619 34879.6652
555 620 2345.7659
616 620 6325.1107
852 620 11130.8994
413 621 17229.4969
622 621 17015.4841
875 621 14852.2204
621 622 17015.4841
623 622 25766.555
777 622 3859.5137
385 623 6222.7754
389 623 25510.2041
622 623 25766.555
625 623 6101.2813
664 623 31826.8619
345 624 3563.7919
514 624 16157.6991
1240 624 2000.0
385 625 11122.2333
623 625 6101.2813
626 625 2969.1211
383 626 22456.7707
625 626 2969.1211
629 626 4638.2189
106 627 4712.5353
273 627 4522.8403
402 627 706.7138
11 628 3011.1412
12 628 4578.7546
19 628 3657.6445
421 629 4520.7957
626 629 4638.2189
630 629 30693.6771
406 630 24425.9893
407 630 39047.2472
629 630 30693.6771
362 631 6134.9693
608 631 37636.4321
611 631 10429.7038
614 631 2854.696
380 632 23142.791
619 632 9746.5887
633 632 27862.9145
632 633 27862.9145
634 633 17889.0877
738 633 16940.5387
375 634 33433.6342
424 634 5899.705
633 634 17889.0877
939 634 21065.9364
512 635 4027.3862
559 635 17188.0371
639 635 7581.5011
637 636 8326.3947
939 636 31918.2892
1098 636 8865.2482
429 637 6101.2813
636 637 8326.3947
638 637 12729.1242
1098 637 12158.0547
428 638 3348.9618
637 638 12729.1242
640 638 8547.0085
512 639 2878.5262
617 639 1354.463
635 639 7581.5011
226 640 27540.6224
421 640 34211.4266
638 640 8547.0085
493 641 1848.0872
642 641 13738.1508
1283 641 12247.3974
641 642 13738.1508
780 642 7656.9678
983 642 15169.9029
292 643 807.1025
311 643 5136.1068
644 643 17099.8632
316 644 18618.5068
643 644 17099.8632
998 644 8264.4628
553 645 13448.0904
646 645 26602.8199
983 645 20576.1317
498 646 4378.2837
645 646 26602.8199
647 646 24372.4104
646 647 24372.4104
1011 647 19186.4927
1162 647 11859.5825
649 648 27166.5308
681 648 18264.8402
998 648 7830.8536
316 649 23277.4674
410 649 32520.3252
648 649 27166.5308
682 649 35765.3791
893 650 8517.8876
895 650 5704.5066
1171 650 2481.3896
655 651 2964.7198
894 651 11092.6234
1036 651 10458.0632
982 652 19252.9842
984 652 21413.2762
1153 652 39062.5
534 653 5711.0223
654 653 55248.6188
1011 653 5151.9835
531 654 12236.9065
653 654 55248.6188
1162 654 3117.207
408 655 7942.8118
651 655 2964.7198
895 655 15239.2563
342 656 13861.9351
364 656 8230.4527
365 656 19904.4586
248 657 36536.3537
658 657 14463.4076
1057 657 16564.5188
231 658 22977.9412
657 658 14463.4076
1074 658 23169.6015
409 659 6887.0523
417 659 5662.5142
660 659 15062.5094
416 660 1738.2235
418 660 3376.0972
