24 1 33344.4481
77 1 5399.568
98 1 18515.0898
252 1 5707.7626
260 1 18928.639
61 2 7117.4377
67 2 1125.6191
262 2 113340.1337
24 3 232.0724
272 3 17137.9606
274 3 3849.1147
5 4 10185.3738
266 4 1992.0319
268 4 6313.1313
4 5 10185.3738
228 5 18109.3807
246 5 4543.3894
10 6 10022.0485
172 6 9132.4201
227 6 746.826
231 6 10323.1135
34 7 2586.6529
60 7 833.3333
225 7 31496.063
98 8 2287.2827
110 8 10849.5172
118 8 31938.6777
122 8 31847.1338
133 8 42301.1844
138 8 6476.6839
136 9 38699.6904
138 9 12517.2112
140 9 19398.6421
148 9 16627.8683
234 9 18102.824
252 9 279.7985
6 10 10022.0485
212 10 9861.9329
225 10 11239.7437
17 11 1977.457
204 11 44464.2063
205 11 23207.2407
13 12 6963.7883
53 12 5112.4744
216 12 5521.8112
12 13 6963.7883
56 13 1922.3376
81 13 9460.7379
15 14 6761.3252
81 14 18284.8784
261 14 131839.1562
14 15 6761.3252
16 15 2102.1652
19 15 7627.7651
20 15 7547.1698
15 16 2102.1652
160 16 2885.1702
164 16 1110.1243
11 17 1977.457
151 17 488.2812
160 17 16020.5062
151 18 21939.4471
160 18 13276.6861
164 18 10820.1688
15 19 7627.7651
20 19 3777.8617
40 19 1753.7706
165 19 6493.5065
15 20 7547.1698
19 20 3777.8617
89 20 5081.3008
96 20 16977.9287
238 20 480.0768
169 21 17482.5175
182 21 11743.9812
183 21 33200.5312
186 21 18311.6645
194 21 6049.6068
214 21 29577.0482
132 22 4345.9365
245 22 55897.1492
257 22 101173.6139
139 23 3025.7186
149 23 38774.7189
156 23 9345.7944
1 24 33344.4481
3 24 232.0724
260 24 16835.0168
26 25 5740.5281
132 25 4171.8815
151 25 13044.6126
25 26 5740.5281
134 26 15195.2591
141 26 1455.816
28 27 9259.2593
120 27 369.4126
134 27 7861.6352
141 27 449.8426
255 27 27662.5173
27 28 9259.2593
121 28 4636.0686
243 28 1755.3098
259 28 18429.7825
253 29 146455.7704
255 29 3636.3636
278 29 14380.2128
144 30 6357.2791
150 30 3179.6502
276 30 2824.8588
277 30 9756.0976
278 30 3477.0515
124 31 19952.1149
279 31 7733.952
281 31 15163.0023
43 32 6671.1141
70 32 28264.5562
71 32 23331.7779
72 32 21537.7988
73 32 2411.9633
202 32 34223.1348
115 33 8424.5998
137 33 2027.9862
256 33 99403.5785
7 34 2586.6529
62 34 6123.6987
217 34 6027.7275
36 35 2744.2371
47 35 788.0221
247 35 14025.2454
35 36 2744.2371
48 36 0.0197
243 36 346.6205
38 37 1380.2622
106 37 21128.2485
120 37 1754.6938
213 37 8802.8169
37 38 1380.2622
39 38 5260.3893
213 38 2541.942
240 38 5685.0483
38 39 5260.3893
95 39 122639.1955
170 39 5672.1497
19 40 1753.7706
41 40 9861.9329
97 40 5656.1086
170 40 17458.1006
40 41 9861.9329
42 41 4260.7584
99 41 2277.3856
213 41 19739.4394
41 42 4260.7584
99 42 11738.467
238 42 217.8175
32 43 6671.1141
74 43 2615.0628
124 43 13513.5135
48 44 0.0178
107 44 5122.9508
176 44 5112.4744
201 44 1101.5642
48 45 0.0315
54 45 5319.1489
222 45 3276.54
47 46 11310.9377
48 46 0.0182
221 46 7733.952
35 47 788.0221
46 47 11310.9377
55 47 582.7506
36 48 0.0197
44 48 0.0178
45 48 0.0315
46 48 0.0182
106 48 0.0165
195 48 0.0152
221 48 0.0191
222 48 0.0213
176 49 18060.3215
187 49 3216.4683
250 49 201126.3073
58 50 8539.7096
112 50 115141.0478
187 50 804.5052
187 51 3793.6267
201 51 134.971
207 51 4777.8309
208 51 10222.8583
195 52 29638.4114
201 52 734.7539
207 52 5254.8607
219 52 13508.0373
12 53 5112.4744
199 53 5482.4561
203 53 18660.1978
45 54 5319.1489
55 54 16578.2493
177 54 182982.6167
47 55 582.7506
54 55 16578.2493
178 55 237925.2915
13 56 1922.3376
57 56 7733.952
81 56 3996.8026
56 57 7733.952
89 57 10853.0497
251 57 164907.6517
50 58 8539.7096
89 58 12756.7292
117 58 157109.1909
84 59 80321.2851
163 59 8361.204
200 59 37147.1025
7 60 833.3333
62 60 2838.4899
203 60 2534.8542
2 61 7117.4377
67 61 2461.2355
88 61 631.3131
34 62 6123.6987
60 62 2838.4899
199 62 1789.8693
64 63 26553.3723
87 63 52798.3105
90 63 19149.7511
63 64 26553.3723
65 64 10960.1052
82 64 13083.8676
64 65 10960.1052
78 65 12473.4938
244 65 17908.3095
68 66 20153.164
75 66 19080.3282
202 66 15964.2401
2 67 1125.6191
61 67 2461.2355
77 67 12773.0234
66 68 20153.164
69 68 8865.2482
244 68 4928.5362
68 69 8865.2482
70 69 6443.299
202 69 26709.4017
32 70 28264.5562
69 70 6443.299
71 70 32894.7368
32 71 23331.7779
70 71 32894.7368
72 71 37369.2078
32 72 21537.7988
71 72 37369.2078
73 72 28943.5601
32 73 2411.9633
72 73 28943.5601
74 73 38095.2381
43 74 2615.0628
73 74 38095.2381
124 74 2846.5699
66 75 19080.3282
78 75 55865.9218
244 75 11500.8626
80 76 14662.7566
111 76 12888.2588
143 76 13466.1998
1 77 5399.568
67 77 12773.0234
88 77 897.6661
65 78 12473.4938
75 78 55865.9218
79 78 15525.5395
82 78 49800.7968
78 79 15525.5395
111 79 18860.8072
229 79 1607.717
76 80 14662.7566
100 80 7022.4719
143 80 6506.1809
13 81 9460.7379
14 81 18284.8784
56 81 3996.8026
64 82 13083.8676
78 82 49800.7968
84 82 32123.3537
246 83 69979.0063
248 83 43668.1223
266 83 998.004
59 84 80321.2851
82 84 32123.3537
87 84 18274.8538
86 85 4909.1802
123 85 7704.1602
125 85 14861.0492
85 86 4909.1802
113 86 16580.9982
123 86 12430.0808
242 86 12838.6186
63 87 52798.3105
84 87 18274.8538
90 87 40485.83
61 88 631.3131
77 88 897.6661
91 88 783.0854
20 89 5081.3008
57 89 10853.0497
58 89 12756.7292
63 90 19149.7511
87 90 40485.83
93 90 18957.346
88 91 783.0854
127 91 2993.1158
131 91 19920.3187
104 92 10431.8798
131 92 23963.5754
168 92 3519.8874
90 93 18957.346
94 93 55035.7733
103 93 5624.297
93 94 55035.7733
103 94 20437.3595
128 94 20815.9867
137 94 7027.4069
39 95 122639.1955
20 96 16977.9287
97 96 11510.1289
238 96 1270.971
40 97 5656.1086
96 97 11510.1289
99 97 8576.3293
1 98 18515.0898
8 98 2287.2827
168 98 14084.507
41 99 2277.3856
42 99 11738.467
97 99 8576.3293
80 100 7022.4719
200 100 2789.4003
239 100 12512.5125
132 101 16334.5312
139 101 10708.9312
254 101 154487.8727
233 102 158629.4416
93 103 5624.297
94 103 20437.3595
128 103 7513.148
92 104 10431.8798
105 104 14388.4892
130 104 7855.4595
104 105 14388.4892
129 105 18181.8182
242 105 13388.6732
37 106 21128.2485
48 106 0.0165
107 106 27624.3094
44 107 5122.9508
106 107 27624.3094
161 107 2146.8441
110 108 5837.7116
116 108 9950.2488
242 108 6105.0061
235 109 220.5072
246 109 16943.409
249 109 1368.1762
8 110 10849.5172
108 110 5837.7116
168 110 3806.6235
76 111 12888.2588
79 111 18860.8072
163 111 3987.2408
50 112 115141.0478
86 113 16580.9982
114 113 29994.0012
123 113 5665.7224
113 114 29994.0012
116 114 12112.4031
119 114 48828.125
33 115 8424.5998
137 115 1671.4023
239 115 88731.1446
108 116 9950.2488
114 116 12112.4031
118 116 2894.356
58 117 157109.1909
8 118 31938.6777
116 118 2894.356
119 118 7535.795
114 119 48828.125
118 119 7535.795
122 119 11024.1429
27 120 369.4126
37 120 1754.6938
240 120 980.3922
28 121 4636.0686
196 121 825.7638
259 121 13827.4336
264 121 4258.9438
8 122 31847.1338
119 122 11024.1429
133 122 28026.9058
85 123 7704.1602
86 123 12430.0808
113 123 5665.7224
31 124 19952.1149
43 124 13513.5135
74 124 2846.5699
85 125 14861.0492
126 125 6514.658
129 125 3856.5368
125 126 6514.658
127 126 13042.9112
129 126 4576.659
91 127 2993.1158
126 127 13042.9112
130 127 5455.5374
94 128 20815.9867
103 128 7513.148
239 128 12061.2713
105 129 18181.8182
125 129 3856.5368
126 129 4576.659
104 130 7855.4595
127 130 5455.5374
131 130 1596.424
91 131 19920.3187
92 131 23963.5754
130 131 1596.424
22 132 4345.9365
25 132 4171.8815
101 132 16334.5312
8 133 42301.1844
122 133 28026.9058
135 133 3834.3558
26 134 15195.2591
27 134 7861.6352
144 134 967.118
133 135 3834.3558
136 135 11828.7201
234 135 13299.6409
9 136 38699.6904
135 136 11828.7201
234 136 15708.4511
33 137 2027.9862
94 137 7027.4069
115 137 1671.4023
8 138 6476.6839
9 138 12517.2112
234 138 9389.6714
23 139 3025.7186
101 139 10708.9312
144 139 4310.3448
9 140 19398.6421
142 140 9756.0976
148 140 9090.9091
26 141 1455.816
27 141 449.8426
240 141 961.5385
140 142 9756.0976
145 142 10909.8844
148 142 17394.3294
76 143 13466.1998
80 143 6506.1809
229 143 16611.2957
30 144 6357.2791
134 144 967.118
139 144 4310.3448
142 145 10909.8844
236 145 9606.1479
237 145 4955.4014
173 146 4325.2595
175 146 16126.4312
241 146 50658.5613
186 147 32916.3924
188 147 46082.9493
211 147 20500.205
214 147 29129.0417
9 148 16627.8683
140 148 9090.9091
142 148 17394.3294
23 149 38774.7189
150 149 10172.94
156 149 1117.4433
30 150 3179.6502
149 150 10172.94
156 150 7645.2599
17 151 488.2812
18 151 21939.4471
25 151 13044.6126
166 152 23562.6767
179 152 98425.1969
241 152 90171.3255
154 153 34423.4079
158 153 35112.3596
236 153 25012.5063
153 154 34423.4079
155 154 50403.2258
237 154 1138.6928
154 155 50403.2258
157 155 10214.5046
159 155 12319.8226
23 156 9345.7944
149 156 1117.4433
150 156 7645.2599
155 157 10214.5046
159 157 9596.929
162 157 28876.6965
153 158 35112.3596
159 158 28433.3239
236 158 17857.1429
155 159 12319.8226
157 159 9596.929
158 159 28433.3239
16 160 2885.1702
17 160 16020.5062
18 160 13276.6861
107 161 2146.8441
176 161 2276.867
258 161 152369.3433
157 162 28876.6965
172 162 7552.8701
173 162 6234.414
59 163 8361.204
111 163 3987.2408
200 163 8467.4005
16 164 1110.1243
18 164 10820.1688
165 164 105618.9269
19 165 6493.5065
164 165 105618.9269
170 165 11650.9379
152 166 23562.6767
167 166 31308.7038
192 166 12703.252
166 167 31308.7038
179 167 21791.2399
180 167 9652.5097
232 167 17834.8493
92 168 3519.8874
98 168 14084.507
110 168 3806.6235
21 169 17482.5175
185 169 54229.9349
232 169 39808.9172
39 170 5672.1497
40 170 17458.1006
165 170 11650.9379
267 171 1034.0192
280 171 1936.4833
281 171 1830.8312
6 172 9132.4201
162 172 7552.8701
174 172 12634.2388
146 173 4325.2595
162 173 6234.414
192 173 79491.256
172 174 12634.2388
175 174 9541.9847
218 174 626.9592
146 175 16126.4312
174 175 9541.9847
218 175 3906.25
44 176 5112.4744
49 176 18060.3215
161 176 2276.867
54 177 182982.6167
55 178 237925.2915
152 179 98425.1969
167 179 21791.2399
180 179 96899.2248
167 180 9652.5097
179 180 96899.2248
181 180 48169.5568
220 180 1898.2536
180 181 48169.5568
182 181 52687.039
184 181 87719.2982
21 182 11743.9812
181 182 52687.039
183 182 29507.2293
184 182 36778.2273
185 182 24673.0817
21 183 33200.5312
182 183 29507.2293
185 183 46970.4086
181 184 87719.2982
182 184 36778.2273
232 184 30413.6253
169 185 54229.9349
182 185 24673.0817
183 185 46970.4086
21 186 18311.6645
147 186 32916.3924
214 186 22925.2636
49 187 3216.4683
50 187 804.5052
51 187 3793.6267
147 188 46082.9493
189 188 47348.4848
211 188 11354.6043
188 189 47348.4848
190 189 53705.6928
210 189 64977.258
189 190 53705.6928
191 190 54141.8517
209 190 50864.6999
190 191 54141.8517
193 191 14994.7518
197 191 24307.2436
209 191 21399.5292
166 192 12703.252
173 192 79491.256
241 192 45495.9054
191 193 14994.7518
194 193 86430.4235
230 193 6531.6786
21 194 6049.6068
193 194 86430.4235
224 194 9633.9114
48 195 0.0152
52 195 29638.4114
219 195 4424.7788
121 196 825.7638
264 196 416.1465
271 196 1444.0433
191 197 24307.2436
198 197 39888.3127
215 197 4098.3607
197 198 39888.3127
204 198 2787.068
215 198 3858.0247
53 199 5482.4561
62 199 1789.8693
203 199 1317.6967
59 200 37147.1025
100 200 2789.4003
163 200 8467.4005
44 201 1101.5642
51 201 134.971
52 201 734.7539
32 202 34223.1348
66 202 15964.2401
69 202 26709.4017
53 203 18660.1978
60 203 2534.8542
199 203 1317.6967
11 204 44464.2063
198 204 2787.068
205 204 27731.5585
11 205 23207.2407
204 205 27731.5585
206 205 25693.7307
205 206 25693.7307
212 206 4533.0916
216 206 5353.3191
51 207 4777.8309
52 207 5254.8607
208 207 17027.073
51 208 10222.8583
207 208 17027.073
219 208 2621.232
190 209 50864.6999
191 209 21399.5292
210 209 23105.3604
189 210 64977.258
209 210 23105.3604
211 210 20004.0008
147 211 20500.205
188 211 11354.6043
210 211 20004.0008
10 212 9861.9329
206 212 4533.0916
217 212 929.368
37 213 8802.8169
38 213 2541.942
41 213 19739.4394
21 214 29577.0482
147 214 29129.0417
186 214 22925.2636
197 215 4098.3607
198 215 3858.0247
226 215 2603.4887
12 216 5521.8112
206 216 5353.3191
217 216 65789.4737
34 217 6027.7275
212 217 929.368
216 217 65789.4737
174 218 626.9592
175 218 3906.25
220 218 1703.5775
52 219 13508.0373
195 219 4424.7788
208 219 2621.232
180 220 1898.2536
218 220 1703.5775
223 220 1612.3831
46 221 7733.952
48 221 0.0191
222 221 27670.1716
45 222 3276.54
48 222 0.0213
221 222 27670.1716
220 223 1612.3831
224 223 5073.5667
226 223 5580.3571
194 224 9633.9114
223 224 5073.5667
230 224 6839.9453
7 225 31496.063
10 225 11239.7437
227 225 19036.7409
215 226 2603.4887
223 226 5580.3571
230 226 3507.5412
6 227 746.826
225 227 19036.7409
228 227 21168.5013
5 228 18109.3807
227 228 21168.5013
231 228 2758.6207
79 229 1607.717
143 229 16611.2957
275 229 1685.7721
193 230 6531.6786
224 230 6839.9453
226 230 3507.5412
6 231 10323.1135
228 231 2758.6207
235 231 708.7172
167 232 17834.8493
169 232 39808.9172
184 232 30413.6253
102 233 158629.4416
247 233 1699.5241
267 233 7107.3205
9 234 18102.824
135 234 13299.6409
136 234 15708.4511
138 234 9389.6714
109 235 220.5072
231 235 708.7172
237 235 2394.636
145 236 9606.1479
153 236 25012.5063
158 236 17857.1429
145 237 4955.4014
154 237 1138.6928
235 237 2394.636
20 238 480.0768
42 238 217.8175
96 238 1270.971
100 239 12512.5125
115 239 88731.1446
128 239 12061.2713
38 240 5685.0483
120 240 980.3922
141 240 961.5385
146 241 50658.5613
152 241 90171.3255
192 241 45495.9054
86 242 12838.6186
105 242 13388.6732
108 242 6105.0061
28 243 1755.3098
36 243 346.6205
247 243 219.4426
65 244 17908.3095
68 244 4928.5362
75 244 11500.8626
22 245 55897.1492
5 246 4543.3894
83 246 69979.0063
109 246 16943.409
35 247 14025.2454
233 247 1699.5241
243 247 219.4426
83 248 43668.1223
249 248 56116.7228
263 248 2465.4832
109 249 1368.1762
248 249 56116.7228
252 249 8051.5298
49 250 201126.3073
57 251 164907.6517
1 252 5707.7626
9 252 279.7985
249 252 8051.5298
29 253 146455.7704
101 254 154487.8727
27 255 27662.5173
29 255 3636.3636
259 255 35984.167
33 256 99403.5785
22 257 101173.6139
161 258 152369.3433
28 259 18429.7825
121 259 13827.4336
255 259 35984.167
1 260 18928.639
24 260 16835.0168
263 260 1434.7202
14 261 131839.1562
2 262 113340.1337
248 263 2465.4832
260 263 1434.7202
266 263 259.2017
121 264 4258.9438
196 264 416.1465
265 264 6706.9081
264 265 6706.9081
267 265 10527.4239
280 265 17167.382
4 266 1992.0319
83 266 998.004
263 266 259.2017
171 267 1034.0192
233 267 7107.3205
265 267 10527.4239
4 268 6313.1313
269 268 28328.6119
274 268 1883.9488
268 269 28328.6119
270 269 62893.0818
272 269 5022.6017
269 270 62893.0818
272 270 11071.7449
274 270 37993.921
196 271 1444.0433
273 271 551.8764
279 271 895.2551
3 272 17137.9606
269 272 5022.6017
270 272 11071.7449
271 273 551.8764
275 273 5443.6581
279 273 5668.9342
3 274 3849.1147
268 274 1883.9488
270 274 37993.921
229 275 1685.7721
273 275 5443.6581
276 275 4901.9608
30 276 2824.8588
275 276 4901.9608
277 276 5934.7181
30 277 9756.0976
276 277 5934.7181
278 277 6002.401
29 278 14380.2128
30 278 3477.0515
277 278 6002.401
31 279 7733.952
271 279 895.2551
273 279 5668.9342
171 280 1936.4833
265 280 17167.382
281 280 3859.5137
31 281 15163.0023
171 281 1830.8312
280 281 3859.5137
