297 1 32164.6832
341 1 34176.35
367 1 1563.9662
451 1 4570.3839
462 1 4282.6552
840 1 5367.6865
174 2 16231.1313
183 2 11961.7225
308 2 7067.1378
380 2 22306.4912
471 2 29868.5783
473 2 6626.9052
474 2 8779.6313
536 2 4675.0818
555 2 1708.8175
790 2 4210.5263
999 2 3397.8933
53 3 1249.8438
283 3 1966.5683
286 3 27344.8182
287 3 34650.0347
450 3 3850.5968
838 3 5040.3226
996 3 2694.6915
276 4 7032.3488
389 4 6188.1188
427 4 26164.3119
556 4 7692.3077
563 4 40832.9931
992 4 4618.9376
1035 4 25361.3999
1036 4 9442.8706
6 5 10233.3197
238 5 2277.3856
560 5 8888.8889
562 5 12434.7177
565 5 5333.3333
571 5 9041.5913
1003 5 18005.0414
1007 5 1249.6876
1008 5 37369.2078
5 6 10233.3197
233 6 28473.8041
236 6 30147.7238
238 6 2927.4005
363 6 23724.7924
424 6 5208.3333
568 6 29197.0803
411 7 13991.8847
412 7 18709.0739
419 7 5175.9834
557 7 7396.4497
558 7 9319.6645
836 7 26723.6772
1022 7 7757.9519
1026 7 26434.0471
1028 7 10382.0598
211 8 15420.2005
212 8 33590.8633
374 8 13234.5156
417 8 36350.418
426 8 7942.8118
793 8 9643.2015
207 9 8703.2202
346 9 28752.1564
358 9 7524.4545
668 9 10192.6409
935 9 9433.9623
144 10 33344.4481
215 10 3434.0659
217 10 7639.4194
221 10 5230.1255
371 10 3467.4064
633 10 2585.984
934 10 3454.2314
132 11 20433.1835
134 11 22153.3008
171 11 16894.7457
564 11 29291.1541
626 11 6071.6454
644 11 7446.0164
653 11 9900.9901
781 11 8576.3293
785 11 2232.6412
928 11 3247.8077
988 11 20379.0503
118 12 31017.3697
139 12 12810.6585
643 12 27457.441
645 12 11239.7437
652 12 6447.4533
676 12 6523.1572
698 12 29815.1461
906 12 5980.8612
1042 12 36192.5443
65 13 8583.691
126 13 2472.7992
296 13 12003.3609
715 13 3616.6365
722 13 15181.4179
729 13 5649.7175
756 13 9606.1479
911 13 2678.8106
56 14 3834.3558
708 14 25400.0508
728 14 6963.7883
748 14 4945.5984
1024 14 2413.7099
82 15 18460.4024
377 15 5282.6202
393 15 10991.4267
692 15 3235.199
730 15 2374.7328
731 15 1440.7146
854 15 4918.8392
381 16 3194.8882
384 16 43346.3372
825 16 1712.0356
98 17 8960.5735
386 17 4286.3266
773 17 37850.1136
863 17 6447.4533
100 18 3632.401
102 18 704.7216
776 18 4694.8357
422 19 8920.6066
516 19 3559.9858
517 19 5830.9038
520 19 6680.0267
293 20 5235.6021
294 20 8481.7642
682 20 17015.4841
1062 20 7204.611
1063 20 11676.7865
1068 20 2703.4334
277 21 4127.1151
284 21 2388.3449
313 21 1384.8497
674 21 8952.5515
891 21 4782.4008
932 21 39016.7772
955 21 8756.5674
209 22 4334.6337
221 22 5899.705
228 22 23969.3193
333 22 9478.673
340 22 9871.6683
622 22 5065.8561
628 22 13925.6371
633 22 4086.6367
637 22 4325.2595
638 22 12205.5413
30 23 2845.7598
112 23 15133.1719
114 23 27487.6306
120 23 17658.4849
167 23 13814.0627
169 23 17412.5022
170 23 7806.4012
592 23 21367.5214
593 23 10418.8373
595 23 13833.1719
256 24 2434.2746
900 24 35310.7345
902 24 4056.7951
904 24 3021.148
908 24 29568.3028
27 25 14455.0448
220 25 19493.1774
222 25 17277.1251
907 25 22820.6298
464 26 4330.8792
467 26 8748.9064
805 26 11672.6976
885 26 23331.7779
961 26 14463.4076
1143 26 5691.5196
1148 26 2732.9872
1152 26 32404.407
1153 26 12518.7782
25 27 14455.0448
200 27 6035.003
216 27 5720.8238
230 27 3703.7037
799 27 4638.2189
800 27 9871.6683
909 27 19376.0899
961 27 31796.5024
1153 27 19588.6386
189 28 29788.5016
195 28 7423.905
196 28 4816.9557
620 28 9000.9001
624 28 19700.5516
797 28 18843.0375
801 28 6093.8452
919 28 36873.1563
925 28 6896.5517
927 28 3087.3726
133 29 16458.1962
142 29 26329.6472
146 29 28653.2951
155 29 3562.5223
165 29 23775.5587
600 29 32102.7287
611 29 12919.8966
612 29 23623.9074
23 30 2845.7598
129 30 4728.1324
133 30 13294.3366
142 30 10933.7415
152 30 11564.7045
592 30 1089.206
595 30 7733.952
684 30 32030.7495
32 31 1239.7719
129 31 1540.5947
182 31 6514.658
443 31 9861.9329
444 31 6042.2961
685 31 4050.2228
31 32 1239.7719
83 32 3639.0102
444 32 6079.0274
446 32 6715.9167
830 32 1052.8532
477 33 7987.2204
1055 33 6983.2402
1088 33 2549.0696
1094 33 5159.9587
484 34 9615.3846
498 34 21654.3958
1088 34 10171.9052
1097 34 8058.0177
1098 34 16920.4738
1108 34 17415.5347
1110 34 4728.1324
475 35 10343.4009
816 35 4725.8979
966 35 37355.2484
1110 35 2676.6595
1126 35 1680.1075
1155 35 3567.6061
37 36 1492.7601
172 36 420.1681
586 36 441.1116
36 37 1492.7601
38 37 8143.3225
982 37 11439.03
37 38 8143.3225
96 38 30321.4069
113 38 4105.0903
431 38 11183.1805
879 38 17164.4353
83 39 0.016
113 39 0.0173
182 39 0.0158
185 39 0.0167
205 39 0.0139
444 39 0.0181
877 39 0.0202
45 40 4640.3712
49 40 1904.3992
93 40 6134.9693
97 40 10475.5919
105 40 1474.4913
247 40 3727.1711
253 40 14934.2891
443 40 1114.9515
590 40 9425.0707
105 41 3154.5741
112 41 8237.2323
243 41 12156.5767
245 41 8077.5444
588 41 2192.9825
1047 41 3285.1511
43 42 7987.2204
44 42 5910.1655
172 42 9363.2959
272 42 1142.7265
42 43 7987.2204
272 43 4504.5045
329 43 23512.8145
42 44 5910.1655
46 44 407.0004
50 44 8888.8889
113 44 10716.965
529 44 2040.8163
40 45 4640.3712
402 45 816.9935
442 45 9478.673
501 45 8051.5298
877 45 29052.8762
44 46 407.0004
47 46 212.7207
506 46 27777.7778
46 47 212.7207
48 47 1254.0757
507 47 5260.3893
47 48 1254.0757
91 48 112321.6893
525 48 868.8097
40 49 1904.3992
258 49 30349.0137
261 49 4145.937
486 49 1712.3288
526 49 563.6979
528 49 6958.9422
44 50 8888.8889
205 50 11914.6908
529 50 4618.9376
52 51 4599.816
201 51 7262.1641
383 51 2416.0425
578 51 21450.0215
51 52 4599.816
267 52 31407.0352
392 52 8285.0041
580 52 2501.8764
581 52 3362.4748
3 53 1249.8438
274 53 18175.209
392 53 789.266
55 54 1705.6115
57 54 2362.949
64 54 672.9475
54 55 1705.6115
59 55 7407.4074
145 55 3385.2404
14 56 3834.3558
58 56 10789.8144
729 56 538.2131
54 57 2362.949
59 57 2879.355
263 57 1049.6484
56 58 10789.8144
66 58 3189.7927
1139 58 16914.7497
55 59 7407.4074
57 59 2879.355
145 59 5537.0986
123 60 1426.3301
131 60 9587.7277
618 60 19193.858
626 60 4773.2697
62 61 24218.9392
1021 61 2185.3147
1139 61 8183.3061
61 62 24218.9392
65 62 7917.6564
757 62 11325.0283
263 63 9737.0983
265 63 28417.164
984 63 23030.8614
54 64 672.9475
67 64 4329.0043
879 64 860.5852
13 65 8583.691
62 65 7917.6564
723 65 14786.3374
58 66 3189.7927
1021 66 1973.9439
1024 66 1513.0882
64 67 4329.0043
318 67 6455.7779
983 67 15792.7985
905 68 5208.3333
907 68 4430.6602
917 68 3147.6235
70 69 15377.5181
296 69 4462.2936
703 69 42571.3069
705 69 20189.784
69 70 15377.5181
71 70 27144.4083
706 70 18935.8076
70 71 27144.4083
72 71 22758.3068
712 71 15951.5074
71 72 22758.3068
73 72 6973.5007
710 72 14579.3847
72 73 6973.5007
74 73 31847.1338
709 73 3478.2609
73 74 31847.1338
75 74 25445.2926
745 74 4370.6294
74 75 25445.2926
76 75 33715.4417
767 75 1992.0319
75 76 33715.4417
77 76 24050.0241
85 76 2948.9826
76 77 24050.0241
78 77 18368.8464
772 77 12342.6314
77 78 18368.8464
79 78 17699.115
394 78 6317.1194
78 79 17699.115
80 79 37050.7595
769 79 22050.7166
79 80 37050.7595
82 80 3829.9502
758 80 6426.7352
84 81 14970.0599
430 81 12774.6551
439 81 9082.6521
15 82 18460.4024
80 82 3829.9502
399 82 3929.2731
32 83 3639.0102
39 83 0.016
431 83 8340.2836
81 84 14970.0599
439 84 7710.1002
490 84 10970.927
76 85 2948.9826
86 85 5589.7149
767 85 8904.7195
85 86 5589.7149
88 86 3287.311
210 86 1655.9033
768 86 3541.0765
508 87 2632.2717
509 87 4355.4007
1150 87 3589.3754
86 88 3287.311
89 88 5277.0449
847 88 2279.462
88 89 5277.0449
90 89 5350.4548
851 89 2241.6499
89 90 5350.4548
92 90 2846.5699
882 90 5747.1264
48 91 112321.6893
90 92 2846.5699
94 92 3097.8934
851 92 2215.3301
40 93 6134.9693
254 93 10806.1379
258 93 3775.0094
92 94 3097.8934
98 94 3001.2005
100 94 2031.6944
429 95 16835.0168
434 95 14245.0142
435 95 16889.039
38 96 30321.4069
431 96 21110.4074
880 96 1533.5071
40 97 10475.5919
253 97 11357.1834
255 97 9615.3846
17 98 8960.5735
94 98 3001.2005
775 98 10086.746
747 99 5175.9834
749 99 5165.2893
806 99 5665.7224
18 100 3632.401
94 100 2031.6944
102 100 6877.5791
205 101 26788.1061
501 101 37893.1413
529 101 4972.6504
18 102 704.7216
100 102 6877.5791
103 102 28628.6859
102 103 28628.6859
372 103 1427.9594
572 103 14158.2897
942 103 7662.8352
655 104 3721.6226
669 104 910.7468
974 104 1469.5077
40 105 1474.4913
41 105 3154.5741
247 105 9661.8357
108 106 5007.5113
572 106 7911.3924
849 106 5527.916
582 107 3357.9584
585 107 5268.7039
1003 107 1704.4486
106 108 5007.5113
109 108 8453.0854
677 108 3783.5793
936 108 5636.9786
108 109 8453.0854
110 109 21905.805
936 109 23457.6589
109 110 21905.805
111 110 14330.7538
689 110 5333.3333
110 111 14330.7538
631 111 7127.5837
678 111 3145.6433
23 112 15133.1719
41 112 8237.2323
114 112 12183.2359
38 113 4105.0903
39 113 0.0173
44 113 10716.965
23 114 27487.6306
112 114 12183.2359
1083 114 9310.987
634 115 16160.3103
649 115 17812.6113
1040 115 2391.7723
201 116 20964.3606
261 116 2794.0766
383 116 1123.3431
118 117 21454.6235
649 117 9910.8028
1042 117 15114.873
12 118 31017.3697
117 118 21454.6235
660 118 7692.3077
120 119 2627.4304
590 119 1773.6786
965 119 4177.1094
23 120 17658.4849
119 120 2627.4304
965 120 2085.9408
122 121 33863.8673
676 121 12666.2445
696 121 6587.6153
121 122 33863.8673
123 122 28555.1114
1043 122 8710.8014
60 123 1426.3301
122 123 28555.1114
124 123 34270.048
123 124 34270.048
125 124 7905.1383
630 124 3741.1149
124 125 7905.1383
126 125 13646.2882
370 125 13777.9002
761 125 3037.6671
13 126 2472.7992
125 126 13646.2882
127 126 17001.0201
126 127 17001.0201
128 127 18086.4532
715 127 3859.5137
127 128 18086.4532
703 128 16249.5938
715 128 7230.658
30 129 4728.1324
31 129 1540.5947
685 129 14140.2715
257 130 1429.1839
279 130 4633.9203
948 130 3716.0907
60 131 9587.7277
132 131 25839.7933
676 131 12677.4848
986 131 10716.965
11 132 20433.1835
131 132 25839.7933
626 132 14579.3847
988 132 23877.7459
29 133 16458.1962
30 133 13294.3366
866 133 3526.0931
11 134 22153.3008
135 134 30358.2271
890 134 12807.377
134 135 30358.2271
136 135 25303.6437
889 135 30395.1368
135 136 25303.6437
138 136 12135.9223
644 136 16385.3842
310 137 8038.5852
459 137 7806.4012
939 137 9560.2294
1133 137 7949.1256
136 138 12135.9223
139 138 20656.8891
972 138 10404.7446
12 139 12810.6585
138 139 20656.8891
141 139 31397.1743
522 140 1434.103
639 140 6038.6473
897 140 7347.5386
139 141 31397.1743
777 141 17253.2781
972 141 9950.2488
29 142 26329.6472
30 142 10933.7415
165 142 17927.5726
648 143 10389.6104
777 143 9523.8095
789 143 16485.3281
10 144 33344.4481
223 144 9460.7379
423 144 2256.3177
55 145 3385.2404
59 145 5537.0986
164 145 1304.4613
231 145 7418.3976
448 145 5414.1852
973 145 9372.0712
985 145 2530.3644
29 146 28653.2951
235 146 32905.561
611 146 16215.3397
148 147 14463.4076
533 147 5000.0
795 147 19956.0966
147 148 14463.4076
150 148 3303.6009
524 148 9794.3193
151 149 2427.7737
639 149 5184.0332
827 149 4074.9796
148 150 3303.6009
153 150 1831.5018
533 150 3806.6235
149 151 2427.7737
642 151 3300.33
655 151 6309.1483
30 152 11564.7045
155 152 1229.861
281 152 864.3042
684 152 8445.9459
866 152 2874.3892
150 153 1831.5018
154 153 3160.5563
566 153 2654.6323
153 154 3160.5563
156 154 2021.4271
846 154 1266.6244
29 155 3562.5223
152 155 1229.861
866 155 4440.4973
154 156 2021.4271
157 156 26385.2243
404 156 13345.7894
548 156 4784.689
156 157 26385.2243
159 157 4873.2943
548 157 5299.4171
315 158 3405.9946
491 158 7194.2446
989 158 1905.4878
157 159 4873.2943
160 159 8045.0523
534 159 9560.2294
550 159 2456.3989
159 160 8045.0523
161 160 30731.4075
545 160 26532.2367
160 161 30731.4075
162 161 25523.2261
545 161 23590.4695
161 162 25523.2261
163 162 18993.3523
792 162 15634.7717
162 163 18993.3523
181 163 4271.6788
831 163 14402.9958
145 164 1304.4613
971 164 2431.9066
973 164 6609.3853
29 165 23775.5587
142 165 17927.5726
602 165 3448.2759
168 166 12090.4365
846 166 28050.4909
903 166 29325.5132
23 167 13814.0627
169 167 17364.1257
476 167 3492.8397
166 168 12090.4365
928 168 27056.2771
990 168 2746.4982
23 169 17412.5022
167 169 17364.1257
170 169 11735.7118
23 170 7806.4012
169 170 11735.7118
933 170 13487.9957
11 171 16894.7457
564 171 20781.3799
928 171 19204.9165
36 172 420.1681
42 172 9363.2959
586 172 1063.8298
252 173 1842.2992
476 173 4631.774
933 173 3992.016
2 174 16231.1313
175 174 32061.5582
471 174 19436.346
174 175 32061.5582
176 175 19120.4589
575 175 2336.9946
175 176 19120.4589
178 176 16605.7788
322 176 2318.0343
555 176 4128.8192
252 177 8278.1457
933 177 8920.6066
1083 177 9398.4962
176 178 16605.7788
179 178 33046.9266
584 178 7501.8755
178 179 33046.9266
180 179 41390.7285
584 179 12701.6385
878 179 6896.5517
179 180 41390.7285
181 180 19853.0872
561 180 10015.0225
163 181 4271.6788
180 181 19853.0872
831 181 7479.4316
31 182 6514.658
39 182 0.0158
442 182 6207.3246
2 183 11961.7225
184 183 36549.7076
1087 183 14463.4076
183 184 36549.7076
187 184 12997.1406
997 184 16753.225
39 185 0.0167
186 185 16139.4448
877 185 8643.0424
185 186 16139.4448
184 187 12997.1406
188 187 20820.3206
993 187 5917.1598
997 187 20964.3606
187 188 20820.3206
473 188 3192.848
499 188 10624.7344
530 188 5885.8152
28 189 29788.5016
797 189 47125.3534
802 189 4251.7007
191 190 17367.1414
485 190 12797.5429
1006 190 26034.8867
190 191 17367.1414
192 191 9174.3119
485 191 6729.4751
191 192 9174.3119
193 192 30703.101
439 192 2584.6472
192 193 30703.101
194 193 31387.3195
434 193 14080.5407
193 194 31387.3195
197 194 12196.6093
429 194 3696.8577
28 195 7423.905
196 195 11832.9192
624 195 9259.2593
625 195 11760.5551
28 196 4816.9557
195 196 11832.9192
625 196 6535.9477
813 196 5659.3096
194 197 12196.6093
198 197 30816.641
1128 197 23934.8971
197 198 30816.641
199 198 4708.0979
1012 198 1430.8199
198 199 4708.0979
203 199 1792.1147
1061 199 11559.3573
27 200 6035.003
798 200 7936.5079
924 200 12675.8778
51 201 7262.1641
116 201 20964.3606
261 201 7077.1408
210 202 1643.3854
764 202 836.1204
1031 202 578.7037
199 203 1792.1147
204 203 31142.9461
1061 203 7457.1216
203 204 31142.9461
207 204 6013.2291
1147 204 2079.8669
39 205 0.0139
50 205 11914.6908
101 205 26788.1061
623 206 1073.6526
738 206 3238.342
1079 206 8396.3056
9 207 8703.2202
204 207 6013.2291
211 207 1646.3615
855 208 5382.1313
857 208 2828.0543
864 208 2794.8575
22 209 4334.6337
624 209 2372.4792
627 209 3502.627
738 209 3321.1558
86 210 1655.9033
202 210 1643.3854
766 210 1584.7861
8 211 15420.2005
207 211 1646.3615
835 211 5500.5501
8 212 33590.8633
214 212 9140.7678
763 212 10667.8046
623 213 825.0825
930 213 6049.6068
989 213 1067.0081
212 214 9140.7678
215 214 42087.5421
423 214 4166.6667
10 215 3434.0659
214 215 42087.5421
217 215 7122.5071
27 216 5720.8238
800 216 12742.0999
803 216 4139.0728
10 217 7639.4194
215 217 7122.5071
358 217 13618.4121
320 218 14037.0578
656 218 10634.9038
774 218 27397.2603
240 219 6662.2252
1044 219 8285.0041
1047 219 7451.5648
25 220 19493.1774
222 220 20337.6042
1129 220 10173.975
10 221 5230.1255
22 221 5899.705
638 221 9784.7358
25 222 17277.1251
220 222 20337.6042
1129 222 8417.5084
144 223 9460.7379
224 223 10212.4183
373 223 2955.9563
223 224 10212.4183
226 224 4135.6493
796 224 7645.2599
1031 225 2588.6617
1038 225 6930.0069
1049 225 2508.1515
224 226 4135.6493
227 226 6381.6209
605 226 1473.8394
226 227 6381.6209
361 227 1769.2852
476 227 25075.2257
22 228 23969.3193
333 228 8244.0231
738 228 887.3114
232 229 5060.7287
379 229 14314.343
476 229 11987.533
27 230 3703.7037
912 230 5903.1877
917 230 2751.0316
145 231 7418.3976
244 231 35100.0351
449 231 19175.4554
975 231 778.8162
229 232 5060.7287
233 232 11169.4404
1018 232 41788.5499
6 233 28473.8041
232 233 11169.4404
236 233 12124.1513
241 234 6784.2605
994 234 5777.0075
1041 234 8826.1253
146 235 32905.561
611 235 9765.625
791 235 10741.1386
6 236 30147.7238
233 236 12124.1513
406 236 884.1733
315 237 2618.4865
892 237 1583.0299
930 237 3023.8887
5 238 2277.3856
6 238 2927.4005
241 238 1853.2246
278 239 1350.2565
850 239 835.4219
852 239 1315.7895
219 240 6662.2252
243 240 6811.9891
1041 240 13995.8013
234 241 6784.2605
238 241 1853.2246
242 241 11405.1095
241 242 11405.1095
243 242 10794.4732
588 242 5861.6647
41 243 12156.5767
240 243 6811.9891
242 243 10794.4732
1041 243 7662.8352
231 244 35100.0351
452 244 10624.7344
1159 244 7530.1205
41 245 8077.5444
247 245 10973.3348
965 245 33255.7366
248 246 8474.5763
251 246 3664.3459
901 246 13991.8847
40 247 3727.1711
105 247 9661.8357
245 247 10973.3348
246 248 8474.5763
249 248 17050.2984
898 248 9910.8028
248 249 17050.2984
250 249 11492.9318
896 249 12313.7545
249 250 11492.9318
251 250 13528.1385
894 250 14076.5766
246 251 3664.3459
250 251 13528.1385
315 251 3058.104
173 252 1842.2992
177 252 8278.1457
1044 252 7794.2323
40 253 14934.2891
97 253 11357.1834
254 253 47641.7342
93 254 10806.1379
253 254 47641.7342
255 254 35298.2704
97 255 9615.3846
254 255 35298.2704
258 255 13631.4068
24 256 2434.2746
257 256 14013.4529
946 256 27510.3164
130 257 1429.1839
256 257 14013.4529
947 257 8888.8889
49 258 30349.0137
93 258 3775.0094
255 258 13631.4068
946 259 6199.628
948 259 9765.625
952 259 2306.2731
957 259 8795.0748
926 260 5367.6865
1039 260 4428.698
1046 260 3709.1988
49 261 4145.937
116 261 2794.0766
201 261 7077.1408
268 262 4997.5012
945 262 3680.53
950 262 14475.9699
57 263 1049.6484
63 263 9737.0983
265 263 10000.0
266 264 10911.0747
893 264 18375.5972
950 264 1367.054
63 265 28417.164
263 265 10000.0
985 265 30883.2613
264 266 10911.0747
894 266 5549.3896
895 266 3367.0034
52 267 31407.0352
269 267 4478.2803
392 267 9680.5421
262 268 4997.5012
270 268 8960.5735
271 268 22962.1125
944 268 10051.2614
267 269 4478.2803
273 269 5577.2448
275 269 14086.4911
268 270 8960.5735
271 270 11159.4688
949 270 22431.5837
268 271 22962.1125
270 271 11159.4688
1089 271 8952.5515
42 272 1142.7265
43 272 4504.5045
586 272 259.2689
269 273 5577.2448
274 273 15544.8469
992 273 1393.1457
53 274 18175.209
273 274 15544.8469
283 274 2369.6682
269 275 14086.4911
276 275 17618.0409
390 275 3164.557
4 276 7032.3488
275 276 17618.0409
390 276 8547.0085
21 277 4127.1151
279 277 8532.4232
280 277 41169.2054
239 278 1350.2565
852 278 1282.3801
865 278 609.3845
130 279 4633.9203
277 279 8532.4232
280 279 13629.5489
277 280 41169.2054
279 280 13629.5489
953 280 28058.3614
152 281 864.3042
684 281 13431.8334
685 281 33863.8673
695 282 2234.6369
752 282 1142.9878
870 282 5096.84
3 283 1966.5683
274 283 2369.6682
286 283 10232.2726
21 284 2388.3449
285 284 3369.2722
674 284 2838.4899
284 285 3369.2722
300 285 7320.6442
495 285 4716.9811
3 286 27344.8182
283 286 10232.2726
995 286 1784.4397
3 287 34650.0347
288 287 12621.4818
591 287 7656.9678
287 288 12621.4818
289 288 27685.4928
450 288 6657.7896
288 289 27685.4928
291 289 11539.3492
438 289 3336.67
543 289 2935.9953
295 290 7122.5071
669 290 5096.84
923 290 4494.382
289 291 11539.3492
299 291 2946.376
519 291 15542.4308
293 292 14042.9715
513 292 12152.1449
1057 292 8733.6245
20 293 5235.6021
292 293 14042.9715
294 293 12605.5717
495 293 2027.575
1057 293 10705.4919
20 294 8481.7642
293 294 12605.5717
375 294 3806.6235
1063 294 7352.9412
290 295 7122.5071
376 295 2914.6022
587 295 2355.7126
13 296 12003.3609
69 296 4462.2936
750 296 5154.6392
1 297 32164.6832
298 297 44111.1601
519 297 8726.0035
297 298 44111.1601
309 298 10153.3151
841 298 5500.5501
291 299 2946.376
302 299 4016.0643
453 299 5170.6308
285 300 7320.6442
301 300 8547.0085
1050 300 2383.2221
300 301 8547.0085
441 301 7007.7085
1052 301 2483.8549
299 302 4016.0643
303 302 28490.0285
455 302 2063.9835
302 303 28490.0285
305 303 14078.5584
309 303 46274.8727
306 304 9532.8885
441 304 8156.6069
656 304 7530.1205
1060 304 12374.7061
303 305 14078.5584
307 305 15306.9034
537 305 12904.891
844 305 1809.9548
304 306 9532.8885
651 306 8525.1492
674 306 979.4319
774 306 11407.7116
305 307 15306.9034
308 307 25987.526
844 307 1895.7346
2 308 7067.1378
307 308 25987.526
312 308 14974.5433
298 309 10153.3151
303 309 46274.8727
843 309 3454.2314
137 310 8038.5852
464 310 7501.8755
888 310 2946.376
583 311 5202.9136
663 311 26357.4064
666 311 9233.6103
308 312 14974.5433
316 312 3894.081
469 312 15651.9017
21 313 1384.8497
613 313 19794.1409
673 313 25258.9038
1054 314 3549.8758
1056 314 11132.1385
1067 314 5837.7116
158 315 3405.9946
237 315 2618.4865
251 315 3058.104
312 316 3894.081
317 316 6968.6411
574 316 2475.2475
1066 316 2880.1843
316 317 6968.6411
319 317 1489.647
327 317 13087.2922
67 318 6455.7779
982 318 23663.0383
983 318 14371.946
317 319 1489.647
321 319 2211.9
941 319 1139.0819
218 320 14037.0578
670 320 12052.5491
1081 320 7800.312
319 321 2211.9
322 321 8084.0744
584 321 2057.1899
782 321 4889.9756
176 322 2318.0343
321 322 8084.0744
575 322 2103.0494
324 323 7974.4817
325 323 3513.7034
675 323 10198.8781
713 323 2123.5931
323 324 7974.4817
325 324 9900.9901
354 324 5497.5261
323 325 3513.7034
324 325 9900.9901
326 325 6706.9081
325 326 6706.9081
350 326 17373.1758
1029 326 6134.9693
317 327 13087.2922
330 327 5707.7626
844 327 1069.5187
344 328 6644.5183
713 328 10435.1456
1029 328 13278.4491
43 329 23512.8145
327 330 5707.7626
331 330 10546.2982
841 330 740.1925
330 331 10546.2982
334 331 1585.0372
347 331 1282.5446
387 332 3215.4341
868 332 4972.6504
876 332 4215.8516
22 333 9478.673
228 333 8244.0231
335 333 6501.9506
331 334 1585.0372
336 334 3910.833
349 334 464.684
333 335 6501.9506
340 335 6738.5445
641 335 5157.2976
334 336 3910.833
337 336 5820.7218
466 336 651.4658
336 337 5820.7218
338 337 4952.947
367 337 2454.5901
337 338 4952.947
339 338 2871.9127
367 338 4686.0356
338 339 2871.9127
341 339 2674.5119
466 339 6333.1222
22 340 9871.6683
335 340 6738.5445
640 340 9132.4201
1 341 34176.35
339 341 2674.5119
460 341 22217.285
829 342 4535.1474
842 342 1722.3562
1160 342 3402.5179
345 343 12074.3782
713 343 3098.8534
934 343 3214.4005
328 344 6644.5183
345 344 7843.1373
346 344 11020.4981
343 345 12074.3782
344 345 7843.1373
346 345 12402.3316
9 346 28752.1564
344 346 11020.4981
345 346 12402.3316
331 347 1282.5446
349 347 2894.356
941 347 1504.4381
981 347 1544.4015
467 348 13304.9494
470 348 36088.0549
1145 348 39261.8767
334 349 464.684
347 349 2894.356
351 349 3780.7183
326 350 17373.1758
352 350 8576.3293
667 350 5540.1662
349 351 3780.7183
353 351 2871.9127
356 351 10434.0568
350 352 8576.3293
354 352 4918.8392
665 352 13783.5975
351 353 2871.9127
355 353 1254.233
603 353 4027.3862
324 354 5497.5261
352 354 4918.8392
664 354 6807.3519
353 355 1254.233
463 355 218.1977
938 355 6830.6011
351 356 10434.0568
845 356 3906.25
981 356 1395.4786
470 357 25354.9696
472 357 28810.1412
939 357 11739.845
1131 357 10680.3375
9 358 7524.4545
217 358 13618.4121
935 358 4566.21
360 359 11112.3458
845 359 3047.8513
940 359 7017.5439
359 360 11112.3458
362 360 4826.2548
778 360 2095.5574
227 361 1769.2852
579 361 3563.7919
671 361 8920.6066
1018 361 6090.134
360 362 4826.2548
364 362 6439.15
1142 362 1697.7929
6 363 23724.7924
671 363 8130.0813
1014 363 7581.5011
1018 363 5586.5922
362 364 6439.15
365 364 12556.5043
979 364 16345.2109
364 365 12556.5043
366 365 4666.3556
621 365 2680.9651
365 366 4666.3556
368 366 8223.6842
630 366 2710.0271
632 366 4139.0728
1 367 1563.9662
337 367 2454.5901
338 367 4686.0356
366 368 8223.6842
370 368 8688.0973
980 368 15101.1779
371 369 2969.1211
607 369 1362.2122
872 369 4757.3739
125 370 13777.9002
368 370 8688.0973
911 370 30571.6906
10 371 3467.4064
369 371 2969.1211
633 371 5527.916
103 372 1427.9594
601 372 11392.1167
647 372 4875.6704
223 373 2955.9563
374 373 6131.2078
794 373 9017.1326
8 374 13234.5156
373 374 6131.2078
763 374 9661.8357
294 375 3806.6235
1056 375 16937.6694
1062 375 10741.1386
295 376 2914.6022
677 376 3679.1759
691 376 1067.9197
15 377 5282.6202
378 377 6317.1194
837 377 702.7407
377 378 6317.1194
837 378 1650.4374
968 378 4690.4315
229 379 14314.343
406 379 8312.552
476 379 31685.6781
2 380 22306.4912
478 380 1950.4584
490 380 721.5007
16 381 3194.8882
382 381 12178.7846
654 381 10069.4794
381 382 12178.7846
384 382 4849.6605
815 382 4490.3458
51 383 2416.0425
116 383 1123.3431
385 383 1884.3037
16 384 43346.3372
382 384 4849.6605
825 384 2039.9837
383 385 1884.3037
577 385 4972.6504
951 385 7518.797
17 386 4286.3266
387 386 5540.1662
771 386 697.8367
332 387 3215.4341
386 387 5540.1662
863 387 869.5652
1045 387 5760.3687
389 388 3736.9208
563 388 5518.7638
585 388 5017.5615
4 389 6188.1188
388 389 3736.9208
390 389 3921.5686
275 390 3164.557
276 390 8547.0085
389 390 3921.5686
393 391 8787.3462
401 391 4450.3783
771 391 1406.8655
1045 391 6349.2063
52 392 8285.0041
53 392 789.266
267 392 9680.5421
15 393 10991.4267
391 393 8787.3462
399 393 3342.246
78 394 6317.1194
395 394 16509.8233
768 394 888.8889
394 395 16509.8233
396 395 11614.4019
954 395 1182.872
395 396 11614.4019
397 396 5656.1086
629 396 5058.1689
396 397 5656.1086
398 397 8888.8889
956 397 6640.1062
397 398 8888.8889
399 398 8143.3225
960 398 2316.9601
82 399 3929.2731
393 399 3342.246
398 399 8143.3225
400 399 6184.2919
399 400 6184.2919
401 400 12556.5043
960 400 6666.6667
391 401 4450.3783
400 401 12556.5043
959 401 4464.2857
45 402 816.9935
504 402 12244.3982
507 402 1667.5004
578 403 1509.434
580 403 6934.8128
1099 403 10233.3197
156 404 13345.7894
405 404 15475.0851
414 404 7272.7273
404 405 15475.0851
407 405 6365.3724
542 405 1932.3671
236 406 884.1733
379 406 8312.552
994 406 1490.5351
405 407 6365.3724
408 407 32237.2663
922 407 7052.1862
407 408 32237.2663
409 408 33726.8128
921 408 18580.4534
408 409 33726.8128
410 409 39968.0256
512 409 4086.6367
409 410 39968.0256
413 410 14520.1104
921 410 13250.2981
7 411 13991.8847
412 411 3606.2027
424 411 31565.6566
7 412 18709.0739
411 412 3606.2027
560 412 7680.4916
410 413 14520.1104
512 413 7173.6011
517 413 20533.8809
404 414 7272.7273
415 414 9208.1031
566 414 4237.2881
414 415 9208.1031
416 415 15415.4463
922 415 10363.7683
415 416 15415.4463
920 416 7830.8536
1151 416 20370.7476
8 417 36350.418
793 417 11576.7539
1009 417 14194.4642
420 418 5285.4123
523 418 2325.0407
1151 418 8688.0973
7 419 5175.9834
426 419 8787.3462
835 419 2014.9103
418 420 5285.4123
421 420 14878.7383
916 420 3923.1071
420 421 14878.7383
422 421 14940.9831
913 421 9578.5441
19 422 8920.6066
421 422 14940.9831
913 422 12985.3266
144 423 2256.3177
214 423 4166.6667
763 423 9615.3846
6 424 5208.3333
411 424 31565.6566
425 424 18733.6081
424 425 18733.6081
426 425 25819.7779
567 425 10051.2614
8 426 7942.8118
419 426 8787.3462
425 426 25819.7779
4 427 26164.3119
428 427 10955.3024
1034 427 4854.3689
427 428 10955.3024
432 428 1541.307
445 428 6082.7251
1032 428 3281.9166
95 429 16835.0168
194 429 3696.8577
430 429 22691.1731
81 430 12774.6551
429 430 22691.1731
435 430 15593.3261
38 431 11183.1805
83 431 8340.2836
96 431 21110.4074
428 432 1541.307
433 432 1320.3063
1000 432 722.5434
432 433 1320.3063
871 433 4452.3598
1000 433 2803.4763
95 434 14245.0142
193 434 14080.5407
435 434 15926.1029
95 435 16889.039
430 435 15593.3261
434 435 15926.1029
437 436 7974.4817
871 436 2033.7604
996 436 10186.4113
436 437 7974.4817
438 437 11947.4313
591 437 3660.3221
289 438 3336.67
437 438 11947.4313
544 438 1682.3688
591 438 5402.4851
81 439 9082.6521
84 439 7710.1002
192 439 2584.6472
695 440 4496.4029
697 440 3923.1071
734 440 1644.196
301 441 7007.7085
304 441 8156.6069
1058 441 4752.8517
45 442 9478.673
182 442 6207.3246
443 442 7704.1602
31 443 9861.9329
40 443 1114.9515
442 443 7704.1602
31 444 6042.2961
32 444 6079.0274
39 444 0.0181
428 445 6082.7251
556 445 8695.6522
1032 445 6863.418
32 446 6715.9167
448 446 2421.8939
880 446 1396.0631
696 447 3529.827
698 447 9389.6714
1046 447 3242.5422
145 448 5414.1852
446 448 2421.8939
449 448 6226.6501
231 449 19175.4554
448 449 6226.6501
830 449 1147.4469
1159 449 5717.5529
3 450 3850.5968
288 450 6657.7896
519 450 5055.6117
1 451 4570.3839
838 451 5310.6745
840 451 15644.5557
244 452 10624.7344
456 452 5428.8817
1158 452 7363.7703
299 453 5170.6308
454 453 3652.3009
541 453 2058.8841
453 454 3652.3009
455 454 6544.5026
539 454 2128.1124
302 455 2063.9835
454 455 6544.5026
458 455 3418.8034
452 456 5428.8817
457 456 19000.57
1137 456 26171.1594
1158 456 5219.2067
456 457 19000.57
459 457 19062.1426
1137 457 12297.0979
455 458 3418.8034
535 458 3710.5751
537 458 5249.3438
137 459 7806.4012
457 459 19062.1426
1140 459 16886.1871
341 460 22217.285
461 460 17316.0173
465 460 2434.8673
460 461 17316.0173
462 461 6720.4301
463 461 2980.6259
1 462 4282.6552
461 462 6720.4301
463 462 1915.7088
355 463 218.1977
461 463 2980.6259
462 463 1915.7088
465 463 1895.3753
26 464 4330.8792
310 464 7501.8755
887 464 3590.6643
1132 464 5060.7287
460 465 2434.8673
463 465 1895.3753
466 465 6246.0962
336 466 651.4658
339 466 6333.1222
465 466 6246.0962
26 467 8748.9064
348 467 13304.9494
1132 467 6123.6987
481 468 9319.6645
559 468 3694.1263
705 468 8196.7213
312 469 15651.9017
471 469 5624.297
1066 469 3305.7851
348 470 36088.0549
357 470 25354.9696
1131 470 20267.5314
1145 470 28304.557
2 471 29868.5783
174 471 19436.346
469 471 5624.297
357 472 28810.1412
475 472 5005.005
991 472 30590.3946
2 473 6626.9052
188 473 3192.848
531 473 4618.9376
2 474 8779.6313
532 474 7336.7572
711 474 9267.8406
35 475 10343.4009
472 475 5005.005
1118 475 2577.3196
167 476 3492.8397
173 476 4631.774
227 476 25075.2257
229 476 11987.533
379 476 31685.6781
593 476 10165.7009
596 476 4349.7173
760 476 4330.8792
874 476 3409.4783
33 477 7987.2204
479 477 11720.5813
1092 477 2780.0945
380 478 1950.4584
480 478 2917.1529
490 478 1714.9717
999 478 2453.3857
477 479 11720.5813
482 479 8375.2094
1077 479 1014.1988
478 480 2917.1529
570 480 2140.8692
999 480 2122.6916
468 481 9319.6645
706 481 20366.5988
765 481 2443.1957
479 482 8375.2094
483 482 20374.8981
487 482 7107.3205
482 483 20374.8981
484 483 12764.8711
487 483 4012.8411
34 484 9615.3846
483 484 12764.8711
1091 484 11741.2234
190 485 12797.5429
191 485 6729.4751
570 485 4391.7435
49 486 1712.3288
525 486 7949.1256
528 486 4952.947
482 487 7107.3205
483 487 4012.8411
489 487 15903.3079
883 487 7429.4205
1077 487 9416.1959
1080 488 5390.8356
487 489 15903.3079
492 489 3952.5692
1085 489 35511.3636
84 490 10970.927
380 490 721.5007
478 490 1714.9717
1080 490 3212.3354
158 491 7194.2446
902 491 10636.0349
904 491 8169.9346
489 492 3952.5692
493 492 13912.0757
810 492 19747.2354
492 493 13912.0757
494 493 3759.3985
1103 493 8396.3056
493 494 3759.3985
496 494 3517.4112
883 494 1913.8756
285 495 4716.9811
293 495 2027.575
513 495 1983.3399
494 496 3517.4112
497 496 11644.1546
963 496 1866.368
496 497 11644.1546
498 497 5777.0075
1096 497 10364.8425
34 498 21654.3958
497 498 5777.0075
1097 498 10720.4117
188 499 10624.7344
530 499 1234.1108
1006 499 30571.6906
538 500 4101.7227
547 500 6973.5007
554 500 8525.1492
45 501 8051.5298
101 501 37893.1413
502 501 9940.3579
501 502 9940.3579
504 502 6761.3252
529 502 3552.3979
518 503 11044.8421
527 503 19809.8257
550 503 2357.9344
402 504 12244.3982
502 504 6761.3252
506 504 8123.4768
702 505 3743.9161
707 505 1882.1758
714 505 2043.7359
46 506 27777.7778
504 506 8123.4768
507 506 24015.3698
47 507 5260.3893
402 507 1667.5004
506 507 24015.3698
87 508 2632.2717
509 508 3892.5652
518 508 1716.4435
527 508 2593.361
87 509 4355.4007
508 509 3892.5652
511 509 1862.8912
642 510 23084.0259
827 510 4452.3598
906 510 7272.7273
509 511 1862.8912
512 511 6246.0962
515 511 2480.1587
409 512 4086.6367
413 512 7173.6011
511 512 6246.0962
292 513 12152.1449
495 513 1983.3399
1050 513 6238.3032
518 514 7087.1722
553 514 2642.7061
790 514 6138.7354
511 515 2480.1587
516 515 12787.7238
918 515 11096.316
19 516 3559.9858
515 516 12787.7238
918 516 10008.0064
19 517 5830.9038
413 517 20533.8809
918 517 6618.1337
503 518 11044.8421
508 518 1716.4435
514 518 7087.1722
291 519 15542.4308
297 519 8726.0035
450 519 5055.6117
19 520 6680.0267
521 520 15915.9637
913 520 8368.2008
916 520 21427.0409
520 521 15915.9637
522 521 6697.9236
916 521 15026.296
140 522 1434.103
521 522 6697.9236
523 522 17892.2884
418 523 2325.0407
522 523 17892.2884
524 523 22456.7707
148 524 9794.3193
523 524 22456.7707
569 524 2327.205
48 525 868.8097
486 525 7949.1256
526 525 14825.7969
49 526 563.6979
525 526 14825.7969
528 526 8271.2986
503 527 19809.8257
508 527 2593.361
720 527 2037.4898
49 528 6958.9422
486 528 4952.947
526 528 8271.2986
44 529 2040.8163
50 529 4618.9376
101 529 4972.6504
502 529 3552.3979
188 530 5885.8152
499 530 1234.1108
531 530 11405.1095
473 531 4618.9376
530 531 11405.1095
532 531 5192.108
546 531 4972.6504
1001 531 576.0369
474 532 7336.7572
531 532 5192.108
554 532 12116.806
711 532 4640.3712
147 533 5000.0
150 533 3806.6235
910 533 19813.7507
159 534 9560.2294
542 534 2912.9042
720 534 3542.3309
458 535 3710.5751
536 535 7446.0164
711 535 8598.4523
2 536 4675.0818
535 536 7446.0164
537 536 7651.1094
305 537 12904.891
458 537 5249.3438
536 537 7651.1094
500 538 4101.7227
539 538 2078.138
711 538 10690.6136
454 539 2128.1124
538 539 2078.138
540 539 2885.1702
539 540 2885.1702
541 540 5109.862
549 540 1702.1277
453 541 2058.8841
540 541 5109.862
543 541 1144.4266
405 542 1932.3671
534 542 2912.9042
1150 542 5422.9935
289 543 2935.9953
541 543 1144.4266
544 543 2479.5438
438 544 1682.3688
543 544 2479.5438
552 544 5367.6865
160 545 26532.2367
161 545 23590.4695
548 545 3790.7506
531 546 4972.6504
547 546 14658.4579
554 546 8298.7552
500 547 6973.5007
546 547 14658.4579
549 547 1024.2753
156 548 4784.689
157 548 5299.4171
545 548 3790.7506
540 549 1702.1277
547 549 1024.2753
551 549 1656.4519
159 550 2456.3989
503 550 2357.9344
553 550 3022.061
549 551 1656.4519
552 551 2890.1734
1000 551 653.5948
544 552 5367.6865
551 552 2890.1734
871 552 2259.3764
514 553 2642.7061
550 553 3022.061
792 553 2596.054
500 554 8525.1492
532 554 12116.806
546 554 8298.7552
2 555 1708.8175
176 555 4128.8192
683 555 6123.6987
4 556 7692.3077
445 556 8695.6522
557 556 10319.9174
565 556 2746.4982
7 557 7396.4497
556 557 10319.9174
558 557 17908.3095
7 558 9319.6645
557 558 17908.3095
1030 558 13299.6409
468 559 3694.1263
762 559 2732.9872
764 559 2647.6039
5 560 8888.8889
412 560 7680.4916
565 560 6765.8999
180 561 10015.0225
690 561 8748.9064
878 561 5724.0985
5 562 12434.7177
563 562 13059.9451
585 562 5485.4635
1008 562 15234.613
4 563 40832.9931
388 563 5518.7638
562 563 13059.9451
11 564 29291.1541
171 564 20781.3799
903 564 3050.6406
5 565 5333.3333
556 565 2746.4982
560 565 6765.8999
153 566 2654.6323
414 566 4237.2881
569 566 3612.7168
425 567 10051.2614
568 567 24108.0039
1014 567 7142.8571
6 568 29197.0803
567 568 24108.0039
1014 568 10052.2718
524 569 2327.205
566 569 3612.7168
1151 569 6493.5065
480 570 2140.8692
485 570 4391.7435
1080 570 2532.9281
5 571 9041.5913
573 571 1561.7679
588 571 943.3962
103 572 14158.2897
106 572 7911.3924
942 572 4490.3458
571 573 1561.7679
943 573 3467.4064
1007 573 3193.8678
316 574 2475.2475
575 574 1948.1785
1066 574 3683.2413
175 575 2336.9946
322 575 2103.0494
574 575 1948.1785
577 576 10180.1894
951 576 8741.2587
1099 576 2588.6617
385 577 4972.6504
576 577 10180.1894
578 577 18385.7327
51 578 21450.0215
403 578 1509.434
577 578 18385.7327
361 579 3563.7919
1011 579 3216.4683
1013 579 4759.6383
52 580 2501.8764
403 580 6934.8128
610 580 4086.6367
943 580 4899.559
52 581 3362.4748
582 581 4921.2598
610 581 1435.338
107 582 3357.9584
581 582 4921.2598
1003 582 973.7098
311 583 5202.9136
594 583 5336.1793
679 583 8928.5714
178 584 7501.8755
179 584 12701.6385
321 584 2057.1899
107 585 5268.7039
388 585 5017.5615
562 585 5485.4635
1008 585 8976.6607
36 586 441.1116
172 586 1063.8298
272 586 259.2689
295 587 2355.7126
601 587 21838.8294
647 587 6108.7355
41 588 2192.9825
242 588 5861.6647
571 588 943.3962
721 589 1567.8896
728 589 440.7228
751 589 881.8342
40 590 9425.0707
119 590 1773.6786
592 590 1046.3535
287 591 7656.9678
437 591 3660.3221
438 591 5402.4851
23 592 21367.5214
30 592 1089.206
590 592 1046.3535
23 593 10418.8373
476 593 10165.7009
760 593 3944.7732
583 594 5336.1793
681 594 13879.2505
682 594 3753.7538
23 595 13833.1719
30 595 7733.952
602 595 2492.5224
476 596 4349.7173
597 596 7429.4205
605 596 8517.8876
596 597 7429.4205
598 597 10822.5108
604 597 6305.1702
597 598 10822.5108
599 598 4389.8156
1048 598 6418.4852
598 599 4389.8156
600 599 15883.1004
604 599 3010.2348
29 600 32102.7287
599 600 15883.1004
791 600 21222.4109
372 601 11392.1167
587 601 21838.8294
647 601 9960.1594
165 602 3448.2759
595 602 2492.5224
861 602 1855.6318
353 603 4027.3862
845 603 1042.4268
938 603 1272.9124
597 604 6305.1702
599 604 3010.2348
861 604 6439.15
226 605 1473.8394
596 605 8517.8876
606 605 11358.4734
605 606 11358.4734
607 606 2505.6377
1048 606 2164.5022
369 607 1362.2122
606 607 2505.6377
608 607 5750.4313
607 608 5750.4313
611 608 4230.1184
622 608 19227.0717
1116 609 4212.2999
1118 609 3189.7927
1130 609 6439.15
580 610 4086.6367
581 610 1435.338
1007 610 8880.9947
29 611 12919.8966
146 611 16215.3397
235 611 9765.625
608 611 4230.1184
29 612 23623.9074
614 612 19102.1968
615 612 19739.4394
313 613 19794.1409
650 613 3399.0483
672 613 22614.2017
612 614 19102.1968
615 614 44642.8571
617 614 67476.3833
612 615 19739.4394
614 615 44642.8571
616 615 81499.5925
615 616 81499.5925
617 616 48971.5965
635 616 5995.2038
614 617 67476.3833
616 617 48971.5965
619 617 19860.9732
60 618 19193.858
621 618 2353.4949
781 618 1040.7993
617 619 19860.9732
620 619 40950.041
813 619 4950.495
28 620 9000.9001
619 620 40950.041
801 620 5117.7073
365 621 2680.9651
618 621 2353.4949
632 621 7639.4194
22 622 5065.8561
608 622 19227.0717
872 622 4580.852
206 623 1073.6526
213 623 825.0825
927 623 6060.6061
28 624 19700.5516
195 624 9259.2593
209 624 2372.4792
625 624 10708.9312
1079 624 10506.4089
195 625 11760.5551
196 625 6535.9477
624 625 10708.9312
627 625 18611.5764
11 626 6071.6454
60 626 4773.2697
132 626 14579.3847
209 627 3502.627
625 627 18611.5764
628 627 22301.5165
22 628 13925.6371
627 628 22301.5165
637 628 10115.3146
396 629 5058.1689
954 629 2112.3785
956 629 24533.8567
124 630 3741.1149
366 630 2710.0271
632 630 4175.3653
111 631 7127.5837
634 631 19290.1235
1031 631 5070.9939
366 632 4139.0728
621 632 7639.4194
630 632 4175.3653
10 633 2585.984
22 633 4086.6367
371 633 5527.916
872 633 4260.7584
115 634 16160.3103
631 634 19290.1235
687 634 20665.4267
616 635 5995.2038
636 635 7380.0738
813 635 6226.6501
635 636 7380.0738
637 636 4606.1723
813 636 9615.3846
22 637 4325.2595
628 637 10115.3146
636 637 4606.1723
22 638 12205.5413
221 638 9784.7358
640 638 12926.577
140 639 6038.6473
149 639 5184.0332
897 639 7824.7261
340 640 9132.4201
638 640 12926.577
641 640 16401.5089
335 641 5157.2976
640 641 16401.5089
646 641 3585.5145
151 642 3300.33
510 642 23084.0259
643 642 11218.3083
12 643 27457.441
642 643 11218.3083
660 643 5896.2264
11 644 7446.0164
136 644 16385.3842
645 644 7547.1698
12 645 11239.7437
644 645 7547.1698
653 645 9066.1831
641 646 3585.5145
650 646 5434.7826
670 646 18779.3427
372 647 4875.6704
587 647 6108.7355
601 647 9960.1594
677 647 5521.8112
143 648 10389.6104
875 648 1799.2083
972 648 5691.5196
115 649 17812.6113
117 649 9910.8028
657 649 9000.9001
613 650 3399.0483
646 650 5434.7826
651 650 15564.2023
672 650 8880.9947
306 651 8525.1492
650 651 15564.2023
774 651 21896.212
12 652 6447.4533
653 652 16886.1871
986 652 9920.6349
11 653 9900.9901
645 653 9066.1831
652 653 16886.1871
987 653 9149.1308
381 654 10069.4794
833 654 3743.9161
968 654 6480.8814
104 655 3721.6226
151 655 6309.1483
657 655 3328.8948
660 655 6150.0615
218 656 10634.9038
304 656 7530.1205
658 656 21177.4672
1081 656 6184.2919
649 657 9000.9001
655 657 3328.8948
687 657 3770.7391
656 658 21177.4672
659 658 44326.2411
1060 658 17689.7223
658 659 44326.2411
661 659 13477.0889
1059 659 12210.0122
118 660 7692.3077
643 660 5896.2264
655 660 6150.0615
659 661 13477.0889
662 661 11366.2196
807 661 7189.0726
661 662 11366.2196
663 662 13194.3528
679 662 16002.5604
311 663 26357.4064
662 663 13194.3528
664 663 32873.1098
354 664 6807.3519
663 664 32873.1098
665 664 17921.147
352 665 13783.5975
664 665 17921.147
666 665 31545.7413
311 666 9233.6103
665 666 31545.7413
667 666 18882.1752
350 667 5540.1662
