39 1 308.3565
96 1 515.7298
190 1 938.0863
22 2 0.026
31 2 0.0482
33 2 0.0293
34 2 0.0343
52 2 0.0254
116 3 7686.3951
125 3 8156.6069
126 3 11668.6114
132 3 21696.6804
133 3 49140.0491
141 3 63492.0635
143 3 40600.8932
146 3 3418.8034
165 3 41823.5048
81 4 2166.3778
119 4 1294.1633
142 4 5906.6745
145 4 26434.0471
146 4 77760.4977
170 4 5592.8412
6 5 758.1501
104 5 1939.1119
125 5 484.9661
128 5 894.4544
5 6 758.1501
87 6 5970.1493
91 6 753.5795
99 6 3109.4527
104 6 3813.8825
179 6 791.1392
180 6 3979.3076
171 7 1161.4402
175 7 35829.4518
178 7 3865.4813
179 7 930.2326
38 8 33068.7831
40 8 37216.2263
144 8 6493.5065
154 8 2482.6216
156 8 3332.2226
92 9 28192.839
94 9 4837.9294
100 9 1056.7473
150 9 5333.3333
155 9 11119.7598
162 9 966.1836
105 10 995.0249
110 10 1335.2918
117 10 6675.5674
127 10 2841.7164
139 10 2108.3702
118 11 3249.9188
122 11 6165.2281
123 11 5063.2911
14 12 1225.1899
64 12 16608.5368
79 12 7352.9412
82 12 9727.6265
122 12 499.002
55 13 884.9558
73 13 3389.8305
97 13 1067.4637
113 13 3307.9722
12 14 1225.1899
51 14 8665.5113
53 14 36751.1944
60 14 26239.8321
48 15 50075.1127
50 15 7315.289
112 15 153397.7604
35 16 44267.3749
41 16 2690.3417
148 16 48123.1954
21 17 55157.198
62 17 3710.5751
108 17 6561.6798
21 18 1389.2748
51 18 1177.7176
70 18 650.6181
189 18 4597.7011
67 19 5040.3226
68 19 1664.1704
186 19 9380.863
188 19 33456.0054
189 19 20462.4514
33 20 22810.219
34 20 46794.5718
65 20 1702.9973
186 20 2568.0534
17 21 55157.198
18 21 1389.2748
108 21 4723.6656
2 22 0.026
44 22 63856.9604
103 22 112574.5807
43 23 13222.2663
44 23 8849.5575
45 23 33222.5914
84 23 68540.096
101 23 31007.7519
191 23 26102.8452
75 24 6060.6061
93 24 5938.2423
98 24 5364.8069
107 24 14766.6864
149 24 7194.2446
26 25 4123.7113
57 25 4997.5012
120 25 915.7509
25 26 4123.7113
28 26 1490.5351
58 26 15422.5787
183 26 1753.1557
28 27 1204.8193
42 27 29.9133
111 27 123823.6751
26 28 1490.5351
27 28 1204.8193
106 28 32206.1192
31 29 1735.8098
106 29 2955.0827
172 29 2962.0853
176 29 9756.0976
80 30 164880.4617
172 30 533.6179
174 30 68634.1798
2 31 0.0482
29 31 1735.8098
174 31 1552.072
176 31 1075.0376
36 32 2801.1204
38 32 460.6172
74 32 771.01
2 33 0.0293
20 33 22810.219
34 33 25720.1646
2 34 0.0343
20 34 46794.5718
33 34 25720.1646
16 35 44267.3749
148 35 34059.9455
151 35 2080.7324
32 36 2801.1204
38 36 10164.6676
40 36 6082.7251
115 37 228050.171
8 38 33068.7831
32 38 460.6172
36 38 10164.6676
40 38 37160.9067
1 39 308.3565
185 39 211.7298
187 39 1922.7072
8 40 37216.2263
36 40 6082.7251
38 40 37160.9067
16 41 2690.3417
108 41 311.5265
148 41 2258.3559
27 42 29.9133
119 42 2377.5559
121 42 189.3222
23 43 13222.2663
77 43 488.5198
101 43 865.0519
22 44 63856.9604
23 44 8849.5575
45 44 34782.6087
23 45 33222.5914
44 45 34782.6087
89 45 721.5007
47 46 1202.7905
49 46 1513.7754
147 46 1723.8407
46 47 1202.7905
49 47 1643.3854
105 47 4768.7172
15 48 50075.1127
50 48 11623.8521
151 48 948.7666
46 49 1513.7754
47 49 1643.3854
135 49 1098.177
15 50 7315.289
48 50 11623.8521
63 50 1579.5293
14 51 8665.5113
18 51 1177.7176
66 51 1407.8558
2 52 0.0254
56 52 2104.3771
181 52 1306.5064
14 53 36751.1944
60 53 31836.9946
63 53 3607.5036
162 54 1425.1104
167 54 1287.6642
171 54 2871.0881
13 55 884.9558
97 55 1840.265
127 55 473.7091
52 56 2104.3771
57 56 12618.2965
182 56 3125.0
25 57 4997.5012
56 57 12618.2965
58 57 7905.1383
26 58 15422.5787
57 58 7905.1383
182 58 4173.6227
138 59 1870.9074
144 59 1920.4916
147 59 4948.0455
14 60 26239.8321
53 60 31836.9946
63 60 1626.2807
78 61 5813.9535
82 61 5711.0223
113 61 374.2515
17 62 3710.5751
108 62 2602.1337
151 62 1051.0826
50 63 1579.5293
53 63 3607.5036
60 63 1626.2807
12 64 16608.5368
67 64 553.7099
90 64 22537.7507
20 65 1702.9973
77 65 1906.2143
85 65 13430.0295
86 65 9416.1959
88 65 440.7228
51 66 1407.8558
70 66 3691.399
90 66 3683.2413
19 67 5040.3226
64 67 553.7099
68 67 2255.8087
19 68 1664.1704
67 68 2255.8087
136 68 17452.007
159 68 1010.9179
121 69 836.8201
134 69 3102.6993
149 69 1380.6434
18 70 650.6181
66 70 3691.399
90 70 2090.738
72 71 11636.0251
73 71 11215.7918
136 71 5344.7354
71 72 11636.0251
73 72 39169.6044
159 72 3448.2759
13 73 3389.8305
71 73 11215.7918
72 73 39169.6044
32 74 771.01
96 74 952.381
163 74 987.1668
24 75 6060.6061
76 75 5875.4407
149 75 8561.6438
75 76 5875.4407
134 76 739.645
166 76 2336.9946
43 77 488.5198
65 77 1906.2143
85 77 2400.3841
61 78 5813.9535
79 78 16110.8426
159 78 2763.958
12 79 7352.9412
78 79 16110.8426
82 79 26723.6772
30 80 164880.4617
4 81 2166.3778
168 81 3614.0224
170 81 6535.9477
12 82 9727.6265
61 82 5711.0223
79 82 26723.6772
84 83 3562.5223
166 83 2143.6227
191 83 1737.3176
23 84 68540.096
83 84 3562.5223
101 84 67521.9446
65 85 13430.0295
77 85 2400.3841
86 85 11976.0479
65 86 9416.1959
85 86 11976.0479
88 86 11697.2745
6 87 5970.1493
104 87 2024.7014
192 87 1339.7642
65 88 440.7228
86 88 11697.2745
92 88 862.8128
45 89 721.5007
120 89 378.5011
166 89 618.4292
191 89 1107.665
64 90 22537.7507
66 90 3683.2413
70 90 2090.738
6 91 753.5795
93 91 1471.887
98 91 7627.7651
9 92 28192.839
88 92 862.8128
94 92 11470.5208
24 93 5938.2423
91 93 1471.887
107 93 2635.0461
9 94 4837.9294
92 94 11470.5208
97 94 536.193
115 95 633.7136
118 95 4803.074
124 95 2717.3913
1 96 515.7298
74 96 952.381
164 96 354.6099
13 97 1067.4637
55 97 1840.265
94 97 536.193
24 98 5364.8069
91 98 7627.7651
99 98 3538.5704
6 99 3109.4527
98 99 3538.5704
178 99 270.7826
9 100 1056.7473
102 100 1590.0779
150 100 3274.3942
23 101 31007.7519
43 101 865.0519
84 101 67521.9446
100 102 1590.0779
105 102 2135.8394
147 102 1940.2406
22 103 112574.5807
5 104 1939.1119
6 104 3813.8825
87 104 2024.7014
10 105 995.0249
47 105 4768.7172
102 105 2135.8394
28 106 32206.1192
29 106 2955.0827
158 106 104155.8171
24 107 14766.6864
93 107 2635.0461
109 107 1220.4052
17 108 6561.6798
21 108 4723.6656
41 108 311.5265
62 108 2602.1337
107 109 1220.4052
121 109 708.7172
168 109 1777.7778
10 110 1335.2918
113 110 1705.9024
127 110 1596.6789
27 111 123823.6751
15 112 153397.7604
13 113 3307.9722
61 113 374.2515
110 113 1705.9024
116 114 4033.8846
145 114 1503.0813
168 114 7173.6011
37 115 228050.171
95 115 633.7136
123 115 3629.7641
3 116 7686.3951
114 116 4033.8846
165 116 8496.1767
10 117 6675.5674
118 117 5737.2347
124 117 3990.423
11 118 3249.9188
95 118 4803.074
117 118 5737.2347
4 119 1294.1633
42 119 2377.5559
170 119 1564.7004
25 120 915.7509
89 120 378.5011
134 120 329.9241
42 121 189.3222
69 121 836.8201
109 121 708.7172
11 122 6165.2281
12 122 499.002
123 122 6293.2662
11 123 5063.2911
115 123 3629.7641
122 123 6293.2662
95 124 2717.3913
117 124 3990.423
139 124 851.7888
3 125 8156.6069
5 125 484.9661
126 125 15888.1474
3 126 11668.6114
125 126 15888.1474
131 126 19402.4059
10 127 2841.7164
55 127 473.7091
110 127 1596.6789
5 128 894.4544
129 128 4302.926
185 128 549.4505
128 129 4302.926
130 129 7267.4419
137 129 437.254
129 130 7267.4419
131 130 5449.5913
133 130 1666.6667
126 131 19402.4059
130 131 5449.5913
132 131 18011.5274
3 132 21696.6804
131 132 18011.5274
133 132 27314.9413
3 133 49140.0491
130 133 1666.6667
132 133 27314.9413
69 134 3102.6993
76 134 739.645
120 134 329.9241
49 135 1098.177
138 135 485.4369
139 135 816.9935
68 136 17452.007
71 136 5344.7354
159 136 1647.7179
129 137 437.254
143 137 1668.8919
169 137 3588.0875
59 138 1870.9074
135 138 485.4369
144 138 610.1281
10 139 2108.3702
124 139 851.7888
135 139 816.9935
141 140 21217.9079
143 140 10604.4539
169 140 2055.4985
3 141 63492.0635
140 141 21217.9079
142 141 1370.0507
4 142 5906.6745
141 142 1370.0507
169 142 194.4012
3 143 40600.8932
137 143 1668.8919
140 143 10604.4539
8 144 6493.5065
59 144 1920.4916
138 144 610.1281
4 145 26434.0471
114 145 1503.0813
184 145 32467.5325
3 146 3418.8034
4 146 77760.4977
184 146 25503.698
46 147 1723.8407
59 147 4948.0455
102 147 1940.2406
16 148 48123.1954
35 148 34059.9455
41 148 2258.3559
24 149 7194.2446
69 149 1380.6434
75 149 8561.6438
9 150 5333.3333
100 150 3274.3942
152 150 425.3509
155 150 11436.4135
35 151 2080.7324
48 151 948.7666
62 151 1051.0826
150 152 425.3509
153 152 759.3014
160 152 644.7453
152 153 759.3014
154 153 1416.23
157 153 1746.1149
8 154 2482.6216
153 154 1416.23
156 154 3006.6146
9 155 11119.7598
150 155 11436.4135
161 155 615.3846
8 156 3332.2226
154 156 3006.6146
157 156 2485.0895
153 157 1746.1149
156 157 2485.0895
163 157 1096.1307
106 158 104155.8171
68 159 1010.9179
72 159 3448.2759
78 159 2763.958
136 159 1647.7179
152 160 644.7453
161 160 8539.7096
167 160 1522.9973
155 161 615.3846
160 161 8539.7096
162 161 1326.2599
9 162 966.1836
54 162 1425.1104
161 162 1326.2599
74 163 987.1668
157 163 1096.1307
164 163 1519.5259
96 164 354.6099
163 164 1519.5259
167 164 600.2401
3 165 41823.5048
116 165 8496.1767
184 165 4761.9048
76 166 2336.9946
83 166 2143.6227
89 166 618.4292
54 167 1287.6642
160 167 1522.9973
164 167 600.2401
81 168 3614.0224
109 168 1777.7778
114 168 7173.6011
137 169 3588.0875
140 169 2055.4985
142 169 194.4012
4 170 5592.8412
81 170 6535.9477
119 170 1564.7004
7 171 1161.4402
54 171 2871.0881
173 171 843.8819
29 172 2962.0853
30 172 533.6179
174 172 4755.1117
171 173 843.8819
175 173 2754.0622
177 173 1070.6638
30 174 68634.1798
31 174 1552.072
172 174 4755.1117
176 174 2584.6472
7 175 35829.4518
173 175 2754.0622
177 175 12832.0287
29 176 9756.0976
31 176 1075.0376
174 176 2584.6472
173 177 1070.6638
175 177 12832.0287
178 177 4786.9794
7 178 3865.4813
99 178 270.7826
177 178 4786.9794
6 179 791.1392
7 179 930.2326
180 179 3409.4783
6 180 3979.3076
179 180 3409.4783
192 180 6983.2402
52 181 1306.5064
182 181 3226.8474
183 181 6049.6068
56 182 3125.0
58 182 4173.6227
181 182 3226.8474
183 182 3869.969
26 183 1753.1557
181 183 6049.6068
182 183 3869.969
145 184 32467.5325
146 184 25503.698
165 184 4761.9048
39 185 211.7298
128 185 549.4505
187 185 1269.1966
19 186 9380.863
20 186 2568.0534
188 186 11120.9964
39 187 1922.7072
185 187 1269.1966
190 187 1041.3412
19 188 33456.0054
186 188 11120.9964
189 188 8169.9346
18 189 4597.7011
19 189 20462.4514
188 189 8169.9346
1 190 938.0863
187 190 1041.3412
192 190 702.2472
23 191 26102.8452
83 191 1737.3176
89 191 1107.665
87 192 1339.7642
180 192 6983.2402
190 192 702.2472
