238 1 2945.5081
239 1 3716.0907
316 1 165480.7215
195 2 10230.179
197 2 22341.3762
198 2 8396.3056
208 2 888.8889
212 2 36873.1563
226 2 4314.0638
228 2 13623.9782
7 3 4056.7951
200 3 38255.5471
204 3 5701.2543
205 3 10550.7491
206 3 51867.2199
192 4 8196.7213
207 4 10636.0349
211 4 6858.7106
301 4 19912.3855
6 5 10053.2824
183 5 838.9262
189 5 45004.5005
190 5 4623.2085
5 6 10053.2824
185 6 19428.7935
186 6 6531.6786
189 6 9049.7738
3 7 4056.7951
205 7 8635.5786
206 7 4078.3034
246 7 7326.0073
252 7 1925.2984
9 8 2035.002
116 8 18986.1401
117 8 15777.8479
325 8 2802.6906
326 8 2039.9837
8 9 2035.002
106 9 5479.4521
114 9 3728.5608
116 9 20374.8981
111 10 1184.8341
112 10 4770.9924
114 10 2666.6667
115 10 5154.6392
327 10 1218.9176
121 11 11809.1639
122 11 17702.2482
123 11 21824.5308
124 11 5555.5556
125 11 2536.7834
108 12 42265.4269
181 12 8045.0523
182 12 5787.037
14 13 4315.9258
15 13 4566.21
180 13 888.8889
13 14 4315.9258
15 14 7980.846
153 14 22197.5583
287 14 5279.831
290 14 3988.8313
13 15 4566.21
14 15 7980.846
16 15 8561.6438
126 15 18504.8113
15 16 8561.6438
72 16 5440.6964
74 16 7002.8011
64 17 22099.4475
68 17 39840.6375
69 17 18570.1021
72 17 5783.69
109 18 23929.1697
110 18 44563.2799
339 18 177841.0101
21 19 1866.368
110 19 4960.3175
158 19 17085.2554
328 19 2137.2088
21 20 1316.8291
22 20 3853.5645
154 20 11706.8602
159 20 12542.3304
328 20 1116.196
329 20 4306.6322
331 20 2109.7046
19 21 1866.368
20 21 1316.8291
158 21 5889.2815
330 21 9416.1959
332 21 6662.2252
20 22 3853.5645
23 22 5571.0306
153 22 4205.2145
22 23 5571.0306
24 23 10422.0948
154 23 13972.3348
155 23 4269.8548
166 23 32894.7368
23 24 10422.0948
130 24 52798.3105
288 24 5934.7181
294 24 8163.2653
295 24 2016.5356
30 25 8620.6897
128 25 19801.9802
129 25 16005.1216
164 25 9174.3119
283 25 1958.4802
157 26 10613.4579
280 26 199920.032
332 26 6973.5007
28 27 10579.7715
157 27 7204.611
344 27 90009.0009
27 28 10579.7715
160 28 6341.1541
343 28 86880.9731
160 29 1142.8571
162 29 5440.6964
165 29 4997.5012
168 29 635.7279
333 29 385.3565
25 30 8620.6897
32 30 7220.2166
131 30 16479.8945
163 30 15673.9812
283 30 7457.1216
333 30 348.675
32 31 8952.5515
128 31 4315.9258
279 31 185735.5126
30 32 7220.2166
31 32 8952.5515
36 32 2657.4542
131 32 5649.7175
161 33 9389.6714
47 34 2427.1845
161 34 22321.4286
171 34 555.8644
44 35 6207.3246
73 35 47938.6385
74 35 17391.3043
32 36 2657.4542
131 36 3793.6267
132 36 9057.971
277 36 4875.6704
276 37 646.8305
277 37 5146.6804
278 37 195963.1589
49 38 2280.5017
172 38 13529.9689
276 38 2065.2623
172 39 4553.7341
178 39 33944.3313
342 39 6934.8128
50 40 0.0723
275 40 12784.4541
341 40 138293.4587
174 41 60901.3398
274 41 198373.3386
275 41 3385.2404
43 42 5065.8561
134 42 1037.9905
137 42 7320.6442
175 42 18378.9745
42 43 5065.8561
133 43 14812.6204
273 43 140488.9014
35 44 6207.3246
45 44 14001.6802
75 44 4730.369
134 44 993.0487
145 44 35599.8576
44 45 14001.6802
77 45 50100.2004
135 45 5243.8385
136 45 36927.6219
140 45 6680.0267
139 46 16220.6002
142 46 34293.5528
340 46 120351.4262
34 47 2427.1845
169 47 8090.6149
179 47 1469.2918
49 48 13513.5135
170 48 42069.8359
179 48 3480.6822
38 49 2280.5017
48 49 13513.5135
171 49 15299.8776
40 50 0.0723
132 50 0.0242
133 50 0.0238
172 50 0.0207
173 50 0.019
276 50 0.0218
277 50 0.0271
52 51 1697.7929
75 51 21450.0215
76 51 7806.4012
51 52 1697.7929
57 52 3668.3786
58 52 4430.6602
75 52 4413.0627
54 53 2233.1398
79 53 5216.4841
80 53 16625.1039
142 53 3872.9667
144 53 1990.0498
53 54 2233.1398
80 54 4880.4295
81 54 15607.9288
83 54 45351.4739
85 54 36416.606
57 55 1632.6531
59 55 4037.1417
148 55 5970.1493
94 56 12943.3083
95 56 11893.4348
337 56 27909.573
52 57 3668.3786
55 57 1632.6531
58 57 2815.3153
52 58 4430.6602
57 58 2815.3153
59 58 116699.7316
55 59 4037.1417
58 59 116699.7316
60 59 9345.7944
59 60 9345.7944
61 60 36245.0163
149 60 16772.895
60 61 36245.0163
62 61 9900.9901
146 61 20136.9311
61 62 9900.9901
63 62 12183.2359
65 62 11462.6318
62 63 12183.2359
64 63 15961.6919
66 63 47438.3302
17 64 22099.4475
63 64 15961.6919
67 64 11371.3896
62 65 11462.6318
66 65 7558.579
146 65 19346.1018
63 66 47438.3302
65 66 7558.579
67 66 17815.7848
64 67 11371.3896
66 67 17815.7848
68 67 24727.9921
17 68 39840.6375
67 68 24727.9921
69 68 19316.2063
17 69 18570.1021
68 69 19316.2063
70 69 10125.5569
69 70 10125.5569
71 70 12573.8715
151 70 3244.6463
70 71 12573.8715
150 71 18639.329
152 71 20981.9555
16 72 5440.6964
17 72 5783.69
73 72 1466.2757
35 73 47938.6385
72 73 1466.2757
74 73 41169.2054
16 74 7002.8011
35 74 17391.3043
73 74 41169.2054
44 75 4730.369
51 75 21450.0215
52 75 4413.0627
51 76 7806.4012
77 76 29489.826
145 76 18470.6317
45 77 50100.2004
76 77 29489.826
78 77 5561.7353
145 77 5025.1256
77 78 5561.7353
79 78 4782.4008
144 78 623.053
53 79 5216.4841
78 79 4782.4008
272 79 490.918
53 80 16625.1039
54 80 4880.4295
81 80 15067.0484
54 81 15607.9288
80 81 15067.0484
82 81 22686.0254
81 82 22686.0254
83 82 23674.2424
272 82 38865.138
54 83 45351.4739
82 83 23674.2424
84 83 11276.4998
83 84 11276.4998
85 84 16666.6667
86 84 16650.0167
54 85 36416.606
84 85 16666.6667
270 85 3077.8701
84 86 16650.0167
87 86 20999.58
104 86 4355.4007
86 87 20999.58
88 87 40617.3842
270 87 9505.7034
87 88 40617.3842
89 88 14152.2785
105 88 4833.2528
88 89 14152.2785
90 89 20964.3606
270 89 2265.0057
89 90 20964.3606
91 90 10448.229
267 90 31847.1338
90 91 10448.229
92 91 20358.3062
267 91 30129.5571
268 91 6854.0096
91 92 20358.3062
93 92 2490.66
262 92 20226.5372
92 93 2490.66
94 93 12058.3625
261 93 13477.0889
56 94 12943.3083
93 94 12058.3625
95 94 17479.4616
56 95 11893.4348
94 95 17479.4616
96 95 12067.093
261 95 13367.1969
95 96 12067.093
97 96 6784.2605
263 96 50556.1173
96 97 6784.2605
98 97 4730.369
263 97 11228.3854
268 97 11684.9731
97 98 4730.369
99 98 3327.787
264 98 12052.5491
98 99 3327.787
100 99 7158.1961
265 99 5868.5446
99 100 7158.1961
101 100 16943.409
103 100 7429.4205
100 101 16943.409
102 101 4995.005
271 101 10714.6684
101 102 4995.005
271 102 36350.418
272 102 3096.934
100 103 7429.4205
104 103 12537.6128
271 103 26888.9486
86 104 4355.4007
103 104 12537.6128
105 104 5494.5055
88 105 4833.2528
104 105 5494.5055
266 105 23584.9057
9 106 5479.4521
107 106 28433.3239
125 106 1116.8193
106 107 28433.3239
108 107 9380.863
114 107 1863.2383
12 108 42265.4269
107 108 9380.863
109 108 3838.7716
18 109 23929.1697
108 109 3838.7716
336 109 2052.1239
18 110 44563.2799
19 110 4960.3175
336 110 7246.3768
10 111 1184.8341
113 111 25846.472
336 111 3223.7266
10 112 4770.9924
113 112 2320.7241
327 112 3734.1299
111 113 25846.472
112 113 2320.7241
327 113 963.3911
9 114 3728.5608
10 114 2666.6667
107 114 1863.2383
10 115 5154.6392
116 115 18608.1131
183 115 17895.4903
8 116 18986.1401
9 116 20374.8981
115 116 18608.1131
8 117 15777.8479
118 117 5564.8303
258 117 13623.9782
117 118 5564.8303
119 118 5265.9294
256 118 1449.9058
118 119 5265.9294
120 119 15137.7536
123 119 2666.6667
119 120 15137.7536
121 120 18288.2224
124 120 1227.4457
11 121 11809.1639
120 121 18288.2224
122 121 57372.3465
11 122 17702.2482
121 122 57372.3465
123 122 58997.0501
11 123 21824.5308
119 123 2666.6667
122 123 58997.0501
11 124 5555.5556
120 124 1227.4457
125 124 33670.0337
11 125 2536.7834
106 125 1116.8193
124 125 33670.0337
15 126 18504.8113
127 126 16023.0732
285 126 1102.1713
126 127 16023.0732
128 127 52659.2944
284 127 1589.3198
25 128 19801.9802
31 128 4315.9258
127 128 52659.2944
25 129 16005.1216
281 129 25367.8336
291 129 29797.3778
24 130 52798.3105
281 130 49019.6078
282 130 50813.0081
30 131 16479.8945
32 131 5649.7175
36 131 3793.6267
36 132 9057.971
50 132 0.0242
133 132 13238.0196
43 133 14812.6204
50 133 0.0238
132 133 13238.0196
42 134 1037.9905
44 134 993.0487
135 134 5899.705
45 135 5243.8385
134 135 5899.705
136 135 2549.7195
45 136 36927.6219
135 136 2549.7195
143 136 1145.0819
42 137 7320.6442
138 137 62814.0704
176 137 6835.27
137 138 62814.0704
139 138 4284.4901
176 138 3126.9543
46 139 16220.6002
138 139 4284.4901
143 139 887.3114
45 140 6680.0267
141 140 15375.1538
143 140 2885.1702
140 141 15375.1538
142 141 8203.4454
144 141 4535.1474
46 142 34293.5528
53 142 3872.9667
141 142 8203.4454
136 143 1145.0819
139 143 887.3114
140 143 2885.1702
53 144 1990.0498
78 144 623.053
141 144 4535.1474
44 145 35599.8576
76 145 18470.6317
77 145 5025.1256
61 146 20136.9311
65 146 19346.1018
147 146 31908.1047
146 147 31908.1047
148 147 5353.3191
149 147 9970.0897
55 148 5970.1493
147 148 5353.3191
149 148 8382.2297
60 149 16772.895
147 149 9970.0897
148 149 8382.2297
71 150 18639.329
335 150 14210.6011
338 150 12985.3266
70 151 3244.6463
152 151 21155.0666
334 151 16412.2764
71 152 20981.9555
151 152 21155.0666
334 152 19142.4196
335 152 14920.9191
14 153 22197.5583
22 153 4205.2145
288 153 1658.0998
20 154 11706.8602
23 154 13972.3348
155 154 921.659
23 155 4269.8548
154 155 921.659
156 155 21052.6316
155 156 21052.6316
157 156 32488.629
329 156 474.8338
26 157 10613.4579
27 157 7204.611
156 157 32488.629
19 158 17085.2554
21 158 5889.2815
159 158 16110.8426
20 159 12542.3304
158 159 16110.8426
328 159 5005.005
28 160 6341.1541
29 160 1142.8571
161 160 13066.7712
33 161 9389.6714
34 161 22321.4286
160 161 13066.7712
29 162 5440.6964
163 162 17035.7751
283 162 63775.5102
30 163 15673.9812
162 163 17035.7751
333 163 1282.7091
25 164 9174.3119
165 164 6172.8395
292 164 3713.3309
29 165 4997.5012
164 165 6172.8395
168 165 8992.8058
23 166 32894.7368
167 166 20614.3063
296 166 1028.4891
166 167 20614.3063
168 167 9416.1959
296 167 5382.1313
29 168 635.7279
165 168 8992.8058
167 168 9416.1959
47 169 8090.6149
170 169 10451.505
179 169 8136.6965
48 170 42069.8359
169 170 10451.505
171 170 19940.1795
34 171 555.8644
49 171 15299.8776
170 171 19940.1795
38 172 13529.9689
39 172 4553.7341
50 172 0.0207
173 172 10567.4733
50 173 0.019
172 173 10567.4733
275 173 3739.7158
41 174 60901.3398
175 174 962.4639
177 174 757.5758
42 175 18378.9745
174 175 962.4639
176 175 2223.2103
137 176 6835.27
138 176 3126.9543
175 176 2223.2103
174 177 757.5758
39 178 33944.3313
47 179 1469.2918
48 179 3480.6822
169 179 8136.6965
13 180 888.8889
181 180 501.2531
182 180 792.393
12 181 8045.0523
180 181 501.2531
182 181 3344.4816
12 182 5787.037
180 182 792.393
181 182 3344.4816
5 183 838.9262
115 183 17895.4903
184 183 39154.2678
183 184 39154.2678
185 184 11138.3382
259 184 756.4297
6 185 19428.7935
184 185 11138.3382
259 185 700.7708
6 186 6531.6786
187 186 36764.7059
244 186 1019.4719
260 186 792.393
186 187 36764.7059
188 187 45289.8551
193 187 1586.7978
187 188 45289.8551
196 188 19113.1498
243 188 7077.1408
5 189 45004.5005
6 189 9049.7738
194 189 614.6281
5 190 4623.2085
191 190 10211.3755
192 190 3743.9161
190 191 10211.3755
192 191 9532.8885
194 191 3635.0418
299 191 14023.2786
4 192 8196.7213
190 192 3743.9161
191 192 9532.8885
187 193 1586.7978
194 193 783.0854
260 193 1196.8881
189 194 614.6281
191 194 3635.0418
193 194 783.0854
260 194 489.2368
302 194 2128.1124
2 195 10230.179
196 195 6849.3151
197 195 19976.0288
188 196 19113.1498
195 196 6849.3151
243 196 2722.5701
2 197 22341.3762
195 197 19976.0288
245 197 8944.5438
2 198 8396.3056
199 198 3889.5371
227 198 7183.908
245 198 3393.2813
198 199 3889.5371
200 199 10297.6007
201 199 6877.5791
3 200 38255.5471
199 200 10297.6007
205 200 16210.0827
199 201 6877.5791
202 201 1898.614
227 201 829.8755
201 202 1898.614
203 202 2269.6323
224 202 11263.7982
202 203 2269.6323
204 203 4032.2581
305 203 3813.8825
3 204 5701.2543
203 204 4032.2581
305 204 5810.5752
3 205 10550.7491
7 205 8635.5786
200 205 16210.0827
3 206 51867.2199
7 206 4078.3034
305 206 9090.9091
4 207 10636.0349
208 207 1703.5775
297 207 13372.5595
2 208 888.8889
207 208 1703.5775
209 208 445.6328
208 209 445.6328
210 209 39682.5397
298 209 14374.0118
209 210 39682.5397
211 210 12303.1496
298 210 8912.656
4 211 6858.7106
210 211 12303.1496
297 211 3342.246
2 212 36873.1563
213 212 8019.2462
225 212 5970.1493
212 213 8019.2462
214 213 6910.85
228 213 1603.3349
213 214 6910.85
215 214 9803.9216
235 214 6402.0487
214 215 9803.9216
216 215 7923.9303
230 215 3221.6495
235 215 9425.0707
215 216 7923.9303
217 216 24844.7205
232 216 19685.0394
216 217 24844.7205
218 217 12348.7281
234 217 1974.7235
217 218 12348.7281
219 218 8992.8058
318 218 4694.8357
218 219 8992.8058
220 219 3357.9584
225 219 714.2857
308 219 2495.6326
219 220 3357.9584
221 220 7122.5071
307 220 2520.7966
220 221 7122.5071
222 221 5390.8356
319 221 6506.1809
221 222 5390.8356
223 222 12848.516
319 222 3531.0734
222 223 12848.516
224 223 17522.341
226 223 720.9805
202 224 11263.7982
223 224 17522.341
306 224 2049.6003
212 225 5970.1493
219 225 714.2857
226 225 4582.9514
2 226 4314.0638
223 226 720.9805
225 226 4582.9514
227 226 11779.9505
198 227 7183.908
201 227 829.8755
226 227 11779.9505
2 228 13623.9782
213 228 1603.3349
229 228 17259.2337
228 229 17259.2337
230 229 22070.1832
235 229 57208.238
215 230 3221.6495
229 230 22070.1832
231 230 9900.9901
230 231 9900.9901
232 231 4418.9129
238 231 15135.4624
216 232 19685.0394
231 232 4418.9129
233 232 1489.4251
232 233 1489.4251
234 233 3178.6395
236 233 3589.3754
217 234 1974.7235
233 234 3178.6395
317 234 2928.2577
214 235 6402.0487
215 235 9425.0707
229 235 57208.238
233 236 3589.3754
237 236 3205.1282
242 236 3777.8617
313 236 1070.2055
236 237 3205.1282
238 237 4780.1147
242 237 6702.4129
1 238 2945.5081
231 238 15135.4624
237 238 4780.1147
1 239 3716.0907
240 239 11429.8777
315 239 4743.833
239 240 11429.8777
241 240 2111.0407
315 240 13833.1719
240 241 2111.0407
242 241 2938.5836
314 241 2062.2809
236 242 3777.8617
237 242 6702.4129
241 242 2938.5836
188 243 7077.1408
196 243 2722.5701
244 243 3566.3338
186 244 1019.4719
243 244 3566.3338
245 244 876.4242
197 245 8944.5438
198 245 3393.2813
244 245 876.4242
7 246 7326.0073
247 246 8818.3422
323 246 5012.5313
246 247 8818.3422
248 247 9920.6349
253 247 21561.0177
247 248 9920.6349
249 248 7974.4817
323 248 6112.4694
248 249 7974.4817
250 249 9157.5092
321 249 3297.0656
249 250 9157.5092
251 250 24685.2629
322 250 13625.8346
250 251 24685.2629
252 251 8077.5444
320 251 15938.795
7 252 1925.2984
251 252 8077.5444
323 252 3595.8288
247 253 21561.0177
254 253 7656.9678
256 253 1067.122
253 254 7656.9678
255 254 6934.8128
257 254 8488.9643
254 255 6934.8128
256 255 4444.4444
258 255 973.7098
118 256 1449.9058
253 256 1067.122
255 256 4444.4444
254 257 8488.9643
258 257 11555.3501
259 257 1801.1527
117 258 13623.9782
255 258 973.7098
257 258 11555.3501
324 258 16702.8562
184 259 756.4297
185 259 700.7708
257 259 1801.1527
186 260 792.393
193 260 1196.8881
194 260 489.2368
93 261 13477.0889
95 261 13367.1969
262 261 28868.3603
263 261 26968.7163
92 262 20226.5372
261 262 28868.3603
263 262 23474.1784
96 263 50556.1173
97 263 11228.3854
261 263 26968.7163
262 263 23474.1784
98 264 12052.5491
265 264 18198.3621
269 264 10371.2923
99 265 5868.5446
264 265 18198.3621
266 265 33211.5576
105 266 23584.9057
265 266 33211.5576
267 266 4819.2771
269 266 8561.6438
90 267 31847.1338
91 267 30129.5571
266 267 4819.2771
91 268 6854.0096
97 268 11684.9731
269 268 9689.9225
264 269 10371.2923
266 269 8561.6438
268 269 9689.9225
85 270 3077.8701
87 270 9505.7034
89 270 2265.0057
101 271 10714.6684
102 271 36350.418
103 271 26888.9486
79 272 490.918
82 272 38865.138
102 272 3096.934
43 273 140488.9014
41 274 198373.3386
40 275 12784.4541
41 275 3385.2404
173 275 3739.7158
37 276 646.8305
38 276 2065.2623
50 276 0.0218
36 277 4875.6704
37 277 5146.6804
50 277 0.0271
37 278 195963.1589
31 279 185735.5126
26 280 199920.032
129 281 25367.8336
130 281 49019.6078
282 281 53533.1906
130 282 50813.0081
281 282 53533.1906
284 282 2160.7606
25 283 1958.4802
30 283 7457.1216
162 283 63775.5102
127 284 1589.3198
282 284 2160.7606
285 284 1907.6688
126 285 1102.1713
284 285 1907.6688
286 285 1862.5442
285 286 1862.5442
287 286 11750.8813
289 286 11558.0213
14 287 5279.831
286 287 11750.8813
290 287 5948.84
24 288 5934.7181
153 288 1658.0998
289 288 1761.1835
286 289 11558.0213
288 289 1761.1835
290 289 7097.2321
14 290 3988.8313
287 290 5948.84
289 290 7097.2321
129 291 29797.3778
292 291 2388.9154
293 291 2372.4792
164 292 3713.3309
291 292 2388.9154
293 292 10670.0811
291 293 2372.4792
292 293 10670.0811
294 293 2430.1337
24 294 8163.2653
293 294 2430.1337
295 294 1299.5452
24 295 2016.5356
294 295 1299.5452
296 295 1779.3594
166 296 1028.4891
167 296 5382.1313
295 296 1779.3594
207 297 13372.5595
211 297 3342.246
298 297 3385.2404
209 298 14374.0118
210 298 8912.656
297 298 3385.2404
191 299 14023.2786
300 299 1585.0372
302 299 2464.8755
303 299 6329.1139
299 300 1585.0372
301 300 10311.4044
304 300 22716.9468
4 301 19912.3855
300 301 10311.4044
304 301 5045.4087
194 302 2128.1124
299 302 2464.8755
303 302 1897.8933
299 303 6329.1139
302 303 1897.8933
304 303 2091.1752
300 304 22716.9468
301 304 5045.4087
303 304 2091.1752
203 305 3813.8825
204 305 5810.5752
206 305 9090.9091
224 306 2049.6003
307 306 61124.6944
319 306 3815.3377
220 307 2520.7966
306 307 61124.6944
308 307 8554.3199
219 308 2495.6326
307 308 8554.3199
309 308 19474.1967
308 309 19474.1967
310 309 38639.8764
318 309 8149.9593
309 310 38639.8764
311 310 31269.5435
318 310 4761.9048
310 311 31269.5435
312 311 14044.9438
317 311 3584.2294
311 312 14044.9438
313 312 37050.7595
317 312 4701.4575
236 313 1070.2055
312 313 37050.7595
314 313 4255.3191
241 314 2062.2809
313 314 4255.3191
315 314 11016.8558
239 315 4743.833
240 315 13833.1719
314 315 11016.8558
1 316 165480.7215
234 317 2928.2577
311 317 3584.2294
312 317 4701.4575
218 318 4694.8357
309 318 8149.9593
310 318 4761.9048
221 319 6506.1809
222 319 3531.0734
306 319 3815.3377
251 320 15938.795
321 320 29078.2204
322 320 27708.5065
249 321 3297.0656
320 321 29078.2204
322 321 13460.7619
250 322 13625.8346
320 322 27708.5065
321 322 13460.7619
246 323 5012.5313
248 323 6112.4694
252 323 3595.8288
258 324 16702.8562
325 324 27337.3428
326 324 6765.8999
8 325 2802.6906
324 325 27337.3428
326 325 7961.7834
8 326 2039.9837
324 326 6765.8999
325 326 7961.7834
10 327 1218.9176
112 327 3734.1299
113 327 963.3911
19 328 2137.2088
20 328 1116.196
159 328 5005.005
20 329 4306.6322
156 329 474.8338
331 329 3019.3237
21 330 9416.1959
331 330 306.6544
332 330 3402.5179
20 331 2109.7046
329 331 3019.3237
330 331 306.6544
21 332 6662.2252
26 332 6973.5007
330 332 3402.5179
29 333 385.3565
30 333 348.675
163 333 1282.7091
151 334 16412.2764
152 334 19142.4196
335 334 16105.6531
150 335 14210.6011
152 335 14920.9191
334 335 16105.6531
109 336 2052.1239
110 336 7246.3768
111 336 3223.7266
56 337 27909.573
150 338 12985.3266
18 339 177841.0101
46 340 120351.4262
40 341 138293.4587
39 342 6934.8128
28 343 86880.9731
27 344 90009.0009
