23 1 0.037
260 1 0.1568
298 1 0.0822
3 2 0.0
4 2 0.0
5 2 0.0
6 2 0.0
7 2 0.0
8 2 0.0
9 2 0.0
2 3 0.0
4 3 0.0447
9 3 0.0215
33 3 0.0339
2 4 0.0
3 4 0.0447
5 4 0.0523
37 4 0.0194
2 5 0.0
4 5 0.0523
6 5 0.0446
12 5 0.0154
2 6 0.0
5 6 0.0446
7 6 0.0108
21 6 0.0362
2 7 0.0
6 7 0.0108
8 7 0.0056
24 7 0.0116
2 8 0.0
7 8 0.0056
9 8 0.0217
66 8 0.0059
70 8 0.0079
2 9 0.0
3 9 0.0215
8 9 0.0217
102 9 0.0155
13 10 0.0014
85 10 0.0054
286 10 0.0033
270 11 0.0109
5 12 0.0154
14 12 0.025
21 12 0.0226
10 13 0.0014
58 13 0.0001
304 13 0.0003
12 14 0.025
17 14 0.0224
19 14 0.0571
20 14 0.0546
236 14 0.0583
16 15 0.0331
236 15 0.0285
240 15 0.0257
15 16 0.0331
17 16 0.035
241 16 0.0242
14 17 0.0224
16 17 0.035
18 17 0.0144
17 18 0.0144
19 18 0.0207
30 18 0.0092
14 19 0.0571
18 19 0.0207
20 19 0.0323
101 19 0.0031
14 20 0.0546
19 20 0.0323
21 20 0.0177
6 21 0.0362
12 21 0.0226
20 21 0.0177
25 22 0.0507
103 22 0.0782
246 22 0.0375
1 23 0.037
38 23 0.0657
78 23 0.0603
7 24 0.0116
26 24 0.016
50 24 0.0071
22 25 0.0507
52 25 0.0126
110 25 0.0608
24 26 0.016
27 26 0.0284
48 26 0.0283
125 26 0.0293
26 27 0.0284
101 27 0.0235
235 27 0.0952
30 28 0.0152
134 28 0.003
235 28 0.0752
34 29 0.0536
110 29 0.0387
148 29 0.1284
18 30 0.0092
28 30 0.0152
131 30 0.0204
241 30 0.0088
110 31 0.0139
148 31 0.0809
263 31 0.0143
46 32 0.0708
182 32 0.0731
228 32 0.024
3 33 0.0339
35 33 0.0109
40 33 0.0314
29 34 0.0536
39 34 0.0169
207 34 0.0767
33 35 0.0109
36 35 0.0929
41 35 0.0576
35 36 0.0929
37 36 0.0793
43 36 0.0617
4 37 0.0194
36 37 0.0793
53 37 0.111
23 38 0.0657
78 38 0.2078
302 38 0.043
34 39 0.0169
103 39 0.0064
245 39 0.0202
33 40 0.0314
41 40 0.057
222 40 0.015
35 41 0.0576
40 41 0.057
43 41 0.0699
45 42 0.0002
58 42 0.0004
243 42 0.0005
36 43 0.0617
41 43 0.0699
55 43 0.0195
153 44 0.0259
160 44 0.0143
182 44 0.0264
42 45 0.0002
51 45 0.0001
85 45 0.0004
32 46 0.0708
182 46 0.0524
305 46 0.0086
58 47 0.0004
26 48 0.0283
50 48 0.0179
126 48 0.0485
72 49 0.0283
77 49 0.0058
118 49 0.0191
24 50 0.0071
48 50 0.0179
66 50 0.0144
120 50 0.0122
45 51 0.0001
63 51 0.0009
243 51 0.0003
25 52 0.0126
189 52 0.1577
305 52 0.0598
37 53 0.111
54 53 0.0176
60 53 0.0139
53 54 0.0176
55 54 0.0225
60 54 0.0377
43 55 0.0195
54 55 0.0225
56 55 0.0477
55 56 0.0477
57 56 0.0466
257 56 0.0394
56 57 0.0466
59 57 0.0249
237 57 0.0325
13 58 0.0001
42 58 0.0004
47 58 0.0004
57 59 0.0249
60 59 0.0511
234 59 0.0154
53 60 0.0139
54 60 0.0377
59 60 0.0511
226 60 0.016
76 61 0.01
132 61 0.0353
290 61 0.0146
64 62 0.0138
124 62 0.0347
232 62 0.0068
51 63 0.0009
65 63 0.0171
80 63 0.0728
62 64 0.0138
90 64 0.0034
199 64 0.0065
63 65 0.0171
77 65 0.0035
284 65 0.0179
8 66 0.0059
50 66 0.0144
67 66 0.0216
66 67 0.0216
68 67 0.0758
113 67 0.0015
67 68 0.0758
69 68 0.0302
108 68 0.0203
68 69 0.0302
70 69 0.0332
119 69 0.0081
8 70 0.0079
69 70 0.0332
71 70 0.0473
70 71 0.0473
75 71 0.0185
102 71 0.0929
49 72 0.0283
99 72 0.0117
115 72 0.0133
118 72 0.0441
284 72 0.0186
74 73 0.0623
79 73 0.0151
102 73 0.0513
73 74 0.0623
75 74 0.0355
98 74 0.03
104 74 0.0778
71 75 0.0185
74 75 0.0355
104 75 0.0133
61 76 0.01
230 76 0.0407
232 76 0.0215
49 77 0.0058
65 77 0.0035
284 77 0.0075
23 78 0.0603
38 78 0.2078
302 78 0.0469
73 79 0.0151
81 79 0.0421
105 79 0.0132
63 80 0.0728
152 80 0.0143
279 80 0.0295
79 81 0.0421
82 81 0.0527
96 81 0.0778
81 82 0.0527
83 82 0.0561
98 82 0.0046
82 83 0.0561
88 83 0.0161
96 83 0.0052
87 84 0.0013
91 84 0.0029
279 84 0.001
10 85 0.0054
45 85 0.0004
247 85 0.0008
100 86 0.0082
141 86 0.0099
194 86 0.0171
84 87 0.0013
114 87 0.0107
137 87 0.1006
139 87 0.043
83 88 0.0161
89 88 0.0919
269 88 0.0053
88 89 0.0919
92 89 0.0345
247 89 0.0168
64 90 0.0034
141 90 0.0209
232 90 0.0191
84 91 0.0029
89 92 0.0345
93 92 0.0567
267 92 0.0038
92 93 0.0567
95 93 0.0273
111 93 0.0366
112 93 0.0368
254 93 0.0289
264 93 0.0085
194 94 0.0033
230 94 0.0032
290 94 0.0077
93 95 0.0273
176 95 0.0199
269 95 0.0268
81 96 0.0778
83 96 0.0052
97 96 0.0434
96 97 0.0434
99 97 0.0255
105 97 0.0374
74 98 0.03
82 98 0.0046
176 98 0.0073
72 99 0.0117
97 99 0.0255
121 99 0.1119
86 100 0.0082
193 100 0.0191
194 100 0.0003
19 101 0.0031
27 101 0.0235
235 101 0.0214
9 102 0.0155
71 102 0.0929
73 102 0.0513
22 103 0.0782
39 103 0.0064
302 103 0.0546
74 104 0.0778
75 104 0.0133
108 104 0.011
79 105 0.0132
97 105 0.0374
116 105 0.0198
121 105 0.0062
127 105 0.0061
107 106 0.0707
225 106 0.0389
261 106 0.0023
106 107 0.0707
114 107 0.0054
201 107 0.004
68 108 0.0203
104 108 0.011
111 108 0.0227
136 109 0.008
201 109 0.0427
225 109 0.0113
25 110 0.0608
29 110 0.0387
31 110 0.0139
93 111 0.0366
108 111 0.0227
112 111 0.1287
93 112 0.0368
111 112 0.1287
113 112 0.0592
67 113 0.0015
112 113 0.0592
254 113 0.0031
87 114 0.0107
107 114 0.0054
201 114 0.001
72 115 0.0133
116 115 0.0083
118 115 0.0046
105 116 0.0198
115 116 0.0083
121 116 0.0224
227 117 0.0166
275 117 0.0037
276 117 0.0069
49 118 0.0191
72 118 0.0441
115 118 0.0046
69 119 0.0081
50 120 0.0122
122 120 0.0125
140 120 0.0146
99 121 0.1119
105 121 0.0062
116 121 0.0224
120 122 0.0125
123 122 0.0262
126 122 0.0066
122 123 0.0262
125 123 0.0092
128 123 0.0177
62 124 0.0347
192 124 0.015
196 124 0.0081
199 124 0.0192
26 125 0.0293
123 125 0.0092
126 125 0.004
48 126 0.0485
122 126 0.0066
125 126 0.004
105 127 0.0061
130 127 0.0061
145 127 0.0026
123 128 0.0177
129 128 0.0681
134 128 0.0213
128 129 0.0681
131 129 0.0265
135 129 0.0229
155 129 0.0069
127 130 0.0061
133 130 0.0469
220 130 0.1043
30 131 0.0204
129 131 0.0265
135 131 0.0489
61 132 0.0353
230 132 0.0218
290 132 0.0066
130 133 0.0469
169 133 0.0163
220 133 0.0479
262 133 0.0163
299 133 0.0064
28 134 0.003
128 134 0.0213
135 134 0.006
129 135 0.0229
131 135 0.0489
134 135 0.006
109 136 0.008
138 136 0.0018
224 136 0.0009
87 137 0.1006
152 137 0.0012
279 137 0.0159
136 138 0.0018
87 139 0.043
150 139 0.0012
303 139 0.0013
120 140 0.0146
142 140 0.0143
144 140 0.0157
86 141 0.0099
90 141 0.0209
289 141 0.0167
140 142 0.0143
143 142 0.0486
146 142 0.02
142 143 0.0486
144 143 0.2309
146 143 0.026
140 144 0.0157
143 144 0.2309
146 144 0.034
151 144 0.0016
127 145 0.0026
153 145 0.0285
154 145 0.0474
142 146 0.02
143 146 0.026
144 146 0.034
147 146 0.0308
146 147 0.0308
29 148 0.1284
31 148 0.0809
207 148 0.0262
263 148 0.0505
152 149 0.0049
154 149 0.0054
261 149 0.014
139 150 0.0012
144 151 0.0016
80 152 0.0143
137 152 0.0012
149 152 0.0049
44 153 0.0259
145 153 0.0285
204 153 0.004
145 154 0.0474
149 154 0.0054
204 154 0.0171
129 155 0.0069
156 155 0.0191
183 155 0.0219
155 156 0.0191
157 156 0.049
183 156 0.0032
156 157 0.049
158 157 0.0263
159 157 0.0109
157 158 0.0263
159 158 0.0218
164 158 0.019
157 159 0.0109
158 159 0.0218
161 159 0.0026
163 159 0.0096
170 159 0.0046
171 159 0.0056
173 159 0.0096
184 159 0.0006
44 160 0.0143
168 160 0.0123
228 160 0.0906
159 161 0.0026
162 161 0.0004
170 161 0.0008
161 162 0.0004
163 162 0.0002
197 162 0.0001
159 163 0.0096
162 163 0.0002
164 163 0.0013
158 164 0.019
163 164 0.0013
165 164 0.0003
164 165 0.0003
166 165 0.0006
167 165 0.0002
165 166 0.0006
165 167 0.0002
160 168 0.0123
169 168 0.0362
299 168 0.0125
133 169 0.0163
168 169 0.0362
299 169 0.0678
159 170 0.0046
161 170 0.0008
171 170 0.0009
159 171 0.0056
170 171 0.0009
172 171 0.0561
171 172 0.0561
173 172 0.0335
223 172 0.0015
159 173 0.0096
172 173 0.0335
174 173 0.01
173 174 0.01
175 174 0.0083
195 174 0.0025
174 175 0.0083
177 175 0.0065
200 175 0.0298
223 175 0.0012
95 176 0.0199
98 176 0.0073
269 176 0.0072
175 177 0.0065
179 177 0.0017
181 177 0.0094
199 178 0.0067
204 178 0.0555
265 178 0.0099
177 179 0.0017
180 179 0.0318
188 179 0.0175
179 180 0.0318
181 180 0.0348
188 180 0.0278
177 181 0.0094
180 181 0.0348
195 181 0.0042
32 182 0.0731
44 182 0.0264
46 182 0.0524
190 182 0.0313
155 183 0.0219
156 183 0.0032
184 183 0.0293
159 184 0.0006
183 184 0.0293
185 184 0.0673
184 185 0.0673
186 185 0.0472
187 185 0.0107
185 186 0.0472
187 186 0.0085
188 186 0.0128
195 186 0.0005
185 187 0.0107
186 187 0.0085
188 187 0.047
179 188 0.0175
180 188 0.0278
186 188 0.0128
187 188 0.047
198 188 0.0328
206 188 0.008
52 189 0.1577
205 189 0.0214
305 189 0.0581
182 190 0.0313
192 190 0.0405
196 190 0.0128
298 191 0.0175
300 191 0.0313
302 191 0.0328
124 192 0.015
190 192 0.0405
196 192 0.0525
100 193 0.0191
224 193 0.0112
289 193 0.0067
86 194 0.0171
94 194 0.0033
100 194 0.0003
174 195 0.0025
181 195 0.0042
186 195 0.0005
124 196 0.0081
190 196 0.0128
192 196 0.0525
162 197 0.0001
188 198 0.0328
200 198 0.0264
206 198 0.0399
64 199 0.0065
124 199 0.0192
178 199 0.0067
175 200 0.0298
198 200 0.0264
202 200 0.0081
107 201 0.004
109 201 0.0427
114 201 0.001
200 202 0.0081
203 202 0.0137
208 202 0.0216
202 203 0.0137
206 203 0.0004
209 203 0.0016
153 204 0.004
154 204 0.0171
178 204 0.0555
189 205 0.0214
246 205 0.0321
302 205 0.0495
188 206 0.008
198 206 0.0399
203 206 0.0004
34 207 0.0767
148 207 0.0262
263 207 0.0482
202 208 0.0216
209 208 0.0144
211 208 0.0332
203 209 0.0016
208 209 0.0144
210 209 0.0012
209 210 0.0012
211 210 0.0023
216 210 0.0008
208 211 0.0332
210 211 0.0023
212 211 0.0178
211 212 0.0178
213 212 0.0158
217 212 0.0636
212 213 0.0158
214 213 0.1396
215 213 0.0392
213 214 0.1396
215 214 0.0261
217 214 0.0369
218 214 0.0145
213 215 0.0392
214 215 0.0261
218 215 0.0052
223 215 0.0009
233 215 0.0001
210 216 0.0008
217 216 0.0013
218 216 0.0032
212 217 0.0636
214 217 0.0369
216 217 0.0013
214 218 0.0145
215 218 0.0052
216 218 0.0032
258 219 0.003
261 219 0.0502
265 219 0.0011
130 220 0.1043
133 220 0.0479
222 220 0.0532
266 221 0.013
40 222 0.015
220 222 0.0532
298 222 0.0047
172 223 0.0015
175 223 0.0012
215 223 0.0009
136 224 0.0009
193 224 0.0112
225 224 0.0107
106 225 0.0389
109 225 0.0113
224 225 0.0107
60 226 0.016
227 226 0.0135
231 226 0.0062
117 227 0.0166
226 227 0.0135
229 227 0.0069
32 228 0.024
160 228 0.0906
262 228 0.02
227 229 0.0069
231 229 0.016
268 229 0.0096
76 230 0.0407
94 230 0.0032
132 230 0.0218
226 231 0.0062
229 231 0.016
234 231 0.0142
62 232 0.0068
76 232 0.0215
90 232 0.0191
215 233 0.0001
59 234 0.0154
231 234 0.0142
242 234 0.0148
27 235 0.0952
28 235 0.0752
101 235 0.0214
14 236 0.0583
15 236 0.0285
244 236 0.0104
57 237 0.0325
239 237 0.0221
260 237 0.0402
242 238 0.0252
255 238 0.022
301 238 0.011
237 239 0.0221
242 239 0.0316
245 239 0.2649
15 240 0.0257
241 240 0.0665
244 240 0.2399
16 241 0.0242
30 241 0.0088
240 241 0.0665
244 241 0.1206
234 242 0.0148
238 242 0.0252
239 242 0.0316
245 242 0.0318
42 243 0.0005
51 243 0.0003
282 243 0.0007
236 244 0.0104
240 244 0.2399
241 244 0.1206
39 245 0.0202
239 245 0.2649
242 245 0.0318
22 246 0.0375
205 246 0.0321
302 246 0.0388
85 247 0.0008
89 247 0.0168
248 247 0.0066
247 248 0.0066
249 248 0.0143
267 248 0.0026
248 249 0.0143
250 249 0.0227
253 249 0.0018
249 250 0.0227
251 250 0.0502
273 250 0.0024
250 251 0.0502
252 251 0.0137
271 251 0.0169
251 252 0.0137
253 252 0.0249
254 252 0.0241
249 253 0.0018
252 253 0.0249
254 253 0.0239
93 254 0.0289
113 254 0.0031
252 254 0.0241
253 254 0.0239
256 254 0.0255
264 254 0.0286
238 255 0.022
254 256 0.0255
56 257 0.0394
277 257 0.1409
298 257 0.0396
219 258 0.003
265 258 0.0017
289 258 0.0135
260 259 0.1851
277 259 0.1273
298 259 0.0759
1 260 0.1568
237 260 0.0402
259 260 0.1851
106 261 0.0023
149 261 0.014
219 261 0.0502
133 262 0.0163
228 262 0.02
300 262 0.0369
31 263 0.0143
148 263 0.0505
207 263 0.0482
93 264 0.0085
254 264 0.0286
267 264 0.007
178 265 0.0099
219 265 0.0011
258 265 0.0017
221 266 0.013
268 266 0.0278
301 266 0.0281
92 267 0.0038
248 267 0.0026
264 267 0.007
229 268 0.0096
266 268 0.0278
274 268 0.0124
88 269 0.0053
95 269 0.0268
176 269 0.0072
11 270 0.0109
272 270 0.012
293 270 0.0304
301 270 0.0818
251 271 0.0169
273 271 0.0157
278 271 0.0142
270 272 0.012
250 273 0.0024
271 273 0.0157
286 273 0.0644
268 274 0.0124
275 274 0.0984
287 274 0.0065
117 275 0.0037
274 275 0.0984
276 275 0.0377
117 276 0.0069
275 276 0.0377
287 276 0.0066
257 277 0.1409
259 277 0.1273
298 277 0.0511
271 278 0.0142
280 278 0.0389
281 278 0.0191
80 279 0.0295
84 279 0.001
137 279 0.0159
278 280 0.0389
281 280 0.0436
288 280 0.0124
278 281 0.0191
280 281 0.0436
283 281 0.0163
297 281 0.0007
304 281 0.0001
243 282 0.0007
281 283 0.0163
285 283 0.0078
286 283 0.0229
65 284 0.0179
72 284 0.0186
77 284 0.0075
283 285 0.0078
10 286 0.0033
273 286 0.0644
283 286 0.0229
304 286 0.0003
274 287 0.0065
276 287 0.0066
292 287 0.0174
280 288 0.0124
291 288 0.0008
294 288 0.001
141 289 0.0167
193 289 0.0067
258 289 0.0135
61 290 0.0146
94 290 0.0077
132 290 0.0066
288 291 0.0008
287 292 0.0174
270 293 0.0304
288 294 0.001
295 294 0.0003
296 294 0.0007
294 295 0.0003
294 296 0.0007
281 297 0.0007
1 298 0.0822
191 298 0.0175
222 298 0.0047
257 298 0.0396
259 298 0.0759
277 298 0.0511
133 299 0.0064
168 299 0.0125
169 299 0.0678
191 300 0.0313
262 300 0.0369
302 300 0.0166
238 301 0.011
266 301 0.0281
270 301 0.0818
38 302 0.043
78 302 0.0469
103 302 0.0546
191 302 0.0328
205 302 0.0495
246 302 0.0388
300 302 0.0166
139 303 0.0013
13 304 0.0003
281 304 0.0001
286 304 0.0003
46 305 0.0086
52 305 0.0598
189 305 0.0581
