426 1 7299.2701
428 1 19619.384
434 1 109589.0411
205 2 13956.7341
209 2 16270.7452
385 2 10593.2203
398 2 9124.0876
401 2 35637.9187
402 2 3601.0083
339 3 13618.4121
340 3 28081.9994
395 3 2999.4001
198 4 11852.5542
200 4 25393.6008
335 4 36114.1206
336 4 19669.5515
198 5 22742.7792
200 5 24408.1035
334 5 28851.7023
358 5 16092.6939
361 5 3642.9872
211 6 11414.2221
212 6 10604.4539
213 6 10074.5517
410 6 23557.126
412 6 1093.9722
415 6 6877.5791
416 6 20197.9398
210 7 1270.1639
214 7 11371.3896
215 7 22138.5876
216 7 18604.6512
353 7 4604.0516
370 7 19349.8452
373 7 29368.5756
381 7 1101.5642
382 7 5032.7126
199 8 22930.5205
230 8 13910.1405
331 8 7830.8536
343 8 33967.3913
354 8 7955.4495
359 8 5405.4054
447 8 10526.3158
448 8 2632.9647
192 9 10167.7682
196 9 14427.9325
199 9 23679.8484
321 9 5091.6497
322 9 27070.9258
331 9 12709.7102
196 10 15537.601
197 10 9784.7358
479 10 72727.2727
319 11 1795.977
324 11 1805.706
325 11 5277.0449
326 11 8460.2369
182 12 8554.3199
183 12 13227.5132
184 12 2234.1376
189 12 19160.7588
319 12 12010.5693
452 12 10580.8909
14 13 7246.3768
62 13 4027.3862
180 13 6497.7258
186 13 5574.136
318 13 2364.0662
453 13 2491.2805
13 14 7246.3768
59 14 12748.5977
61 14 1354.463
318 14 8944.5438
16 15 4032.2581
60 15 10888.5017
128 15 9157.5092
309 15 23250.4069
15 16 4032.2581
59 16 5617.9775
63 16 7530.1205
64 16 2910.3609
35 17 9560.2294
63 17 34164.6737
65 17 14615.6095
126 17 8628.1277
127 17 1683.7851
19 18 13908.2058
20 18 11015.6422
124 18 4593.4773
126 18 10231.2257
128 18 5055.6117
18 19 13908.2058
20 19 11567.38
129 19 36350.418
309 19 16455.4879
461 19 14641.2884
463 19 29647.1983
18 20 11015.6422
19 20 11567.38
125 20 8163.2653
307 20 45085.6628
455 20 16108.2474
130 21 9680.5421
131 21 5858.2308
305 21 9813.5427
313 21 7843.1373
317 21 1396.648
459 21 11469.2052
130 22 2225.6844
132 22 7880.2206
134 22 34317.0899
315 22 24576.0629
130 23 13638.8434
133 23 23025.5584
135 23 11953.1437
137 23 5875.4407
313 23 859.8452
135 24 16923.3373
170 24 6565.9882
171 24 17889.0877
177 24 3683.2413
293 24 2097.3154
294 24 37439.1614
465 24 8000.0
26 25 8849.5575
118 25 15035.333
119 25 1868.4604
125 25 15656.8029
282 25 40371.417
457 25 34855.3503
458 25 9442.8706
25 26 8849.5575
29 26 9066.1831
114 26 697.3501
116 26 11560.6936
117 26 2773.9251
71 27 4574.5654
117 27 37523.4522
120 27 30030.03
121 27 10073.5368
311 27 1656.7263
312 27 5646.5274
41 28 6439.15
68 28 5104.6452
70 28 1379.5006
276 28 50428.6435
26 29 9066.1831
42 29 5422.9935
179 29 19301.2932
284 29 2189.1419
287 29 3454.2314
178 30 33704.0782
179 30 14162.3
277 30 11976.0479
289 30 24746.3499
168 31 11405.1095
169 31 12682.3082
170 31 10341.2616
297 31 6257.8223
299 31 13672.4091
33 32 2846.5699
139 32 931.9664
303 32 95238.0952
32 33 2846.5699
140 33 3336.67
145 33 623.8303
154 33 29463.7596
176 33 15039.8556
304 33 1608.2342
143 34 15688.7355
144 34 8084.0744
300 34 11974.6138
17 35 9560.2294
36 35 5184.0332
65 35 2519.5263
35 36 5184.0332
66 36 17834.8493
308 36 181126.6075
38 37 4545.4545
67 37 6020.4696
68 37 30459.9452
89 37 1024.0655
37 38 4545.4545
83 38 15439.2466
89 38 1500.3751
79 39 11498.2178
80 39 34025.1786
84 39 38138.8253
74 40 7886.4353
78 40 12833.6756
79 40 29877.5022
28 41 6439.15
42 41 822.3684
73 41 6578.9474
90 41 11663.1677
29 42 5422.9935
41 42 822.3684
111 42 10638.2979
114 42 1330.4949
48 43 0.0148
108 43 8643.0424
111 43 4960.3175
474 43 1487.8738
48 44 0.0226
49 44 8583.691
92 44 1078.865
107 44 1216.545
275 44 6770.4807
48 45 0.0134
77 45 6222.7754
78 45 1850.1388
91 45 4458.3148
92 45 10836.5843
47 46 13066.7712
91 46 6997.9006
92 46 2638.5224
93 46 485.4369
95 46 512.8205
46 47 13066.7712
91 47 757.5758
480 47 82304.5267
43 48 0.0148
44 48 0.0226
45 48 0.0134
76 48 0.0132
103 48 0.0187
105 48 0.0239
112 48 0.02
113 48 0.0175
275 48 0.024
476 48 0.0165
477 48 0.0141
44 49 8583.691
94 49 15408.3205
99 49 5747.1264
102 49 23375.4091
107 49 2730.0027
110 50 1924.5574
272 50 20157.2264
471 50 1652.3463
56 51 3381.8059
265 51 2563.4453
268 51 4970.1789
53 52 27107.6172
167 52 3988.8313
270 52 8123.4768
52 53 27107.6172
162 53 15931.1773
168 53 7194.2446
158 54 2010.0503
160 54 10939.7221
161 54 707.7141
162 54 10018.0325
254 54 37821.4826
148 55 5232.8624
149 55 9149.1308
153 55 19527.436
158 55 5844.5354
159 55 5640.1579
51 56 3381.8059
257 56 36403.3491
259 56 5827.5058
234 57 11363.6364
245 57 11619.8001
246 57 15760.4413
252 57 4302.926
255 57 2943.7739
258 57 4766.4442
231 58 4205.2145
235 58 15750.5119
478 58 102249.4888
14 59 12748.5977
16 59 5617.9775
60 59 27847.3963
15 60 10888.5017
59 60 27847.3963
61 60 42337.0025
14 61 1354.463
60 61 42337.0025
62 61 652.3157
13 62 4027.3862
61 62 652.3157
318 62 3360.2151
16 63 7530.1205
17 63 34164.6737
64 63 8474.5763
16 64 2910.3609
63 64 8474.5763
65 64 17292.0629
17 65 14615.6095
35 65 2519.5263
64 65 17292.0629
36 66 17834.8493
67 66 34940.601
69 66 6472.4919
37 67 6020.4696
66 67 34940.601
68 67 24919.0132
28 68 5104.6452
37 68 30459.9452
67 68 24919.0132
66 69 6472.4919
70 69 3707.8235
72 69 1955.7989
28 70 1379.5006
69 70 3707.8235
71 70 6134.9693
27 71 4574.5654
70 71 6134.9693
72 71 3536.0679
69 72 1955.7989
71 72 3536.0679
311 72 2299.3792
41 73 6578.9474
74 73 5730.659
75 73 24857.0718
40 74 7886.4353
73 74 5730.659
82 74 655.7377
73 75 24857.0718
76 75 20060.1805
477 75 1280.4097
48 76 0.0132
75 76 20060.1805
77 76 5803.8305
45 77 6222.7754
76 77 5803.8305
78 77 1601.281
40 78 12833.6756
45 78 1850.1388
77 78 1601.281
39 79 11498.2178
40 79 29877.5022
80 79 4894.7626
39 80 34025.1786
79 80 4894.7626
81 80 11701.3808
80 81 11701.3808
82 81 14496.9556
84 81 11500.8626
85 81 5747.1264
74 82 655.7377
81 82 14496.9556
83 82 7942.8118
38 83 15439.2466
82 83 7942.8118
87 83 2475.8604
39 84 38138.8253
81 84 11500.8626
85 84 1830.1611
81 85 5747.1264
84 85 1830.1611
86 85 6261.7408
85 86 6261.7408
87 86 9652.5097
88 86 4222.973
83 87 2475.8604
86 87 9652.5097
89 87 1118.193
86 88 4222.973
37 89 1024.0655
38 89 1500.3751
87 89 1118.193
41 90 11663.1677
45 91 4458.3148
46 91 6997.9006
47 91 757.5758
44 92 1078.865
45 92 10836.5843
46 92 2638.5224
46 93 485.4369
94 93 2751.0316
95 93 4278.9902
49 94 15408.3205
93 94 2751.0316
97 94 7501.8755
46 95 512.8205
93 95 4278.9902
96 95 2777.7778
95 96 2777.7778
97 96 10153.3151
100 96 1398.4058
94 97 7501.8755
96 97 10153.3151
98 97 651.0417
97 98 651.0417
99 98 4164.9313
100 98 5277.0449
49 99 5747.1264
98 99 4164.9313
101 99 9487.666
96 100 1398.4058
98 100 5277.0449
101 100 1199.3284
99 101 9487.666
100 101 1199.3284
102 101 1648.5328
49 102 23375.4091
101 102 1648.5328
109 102 182.3487
48 103 0.0187
104 103 26624.0682
108 103 5896.2264
103 104 26624.0682
105 104 9578.5441
475 104 6958.9422
48 105 0.0239
104 105 9578.5441
106 105 4110.1521
275 105 1767.7214
105 106 4110.1521
107 106 12851.8185
472 106 329.5979
44 107 1216.545
49 107 2730.0027
106 107 12851.8185
43 108 8643.0424
103 108 5896.2264
475 108 5938.2423
102 109 182.3487
110 109 597.3716
473 109 5184.0332
50 110 1924.5574
109 110 597.3716
473 110 8748.9064
42 111 10638.2979
43 111 4960.3175
112 111 25125.6281
48 112 0.02
111 112 25125.6281
113 112 3748.1259
48 113 0.0175
112 113 3748.1259
476 113 3755.1633
26 114 697.3501
42 114 1330.4949
115 114 2484.472
114 115 2484.472
116 115 14943.2158
276 115 27979.8545
26 116 11560.6936
115 116 14943.2158
120 116 12944.9838
26 117 2773.9251
27 117 37523.4522
118 117 1617.5995
25 118 15035.333
117 118 1617.5995
119 118 4701.4575
25 119 1868.4604
118 119 4701.4575
121 119 1331.7353
27 120 30030.03
116 120 12944.9838
276 120 1619.6955
27 121 10073.5368
119 121 1331.7353
122 121 5963.0292
121 122 5963.0292
123 122 32862.3069
312 122 2772.387
122 123 32862.3069
124 123 25793.139
312 123 2595.3802
18 124 4593.4773
123 124 25793.139
310 124 1272.1028
20 125 8163.2653
25 125 15656.8029
456 125 7062.1469
17 126 8628.1277
18 126 10231.2257
127 126 4748.3381
17 127 1683.7851
126 127 4748.3381
128 127 3347.8406
15 128 9157.5092
18 128 5055.6117
127 128 3347.8406
19 129 36350.418
459 129 18525.3798
460 129 6756.7568
21 130 9680.5421
22 130 2225.6844
23 130 13638.8434
21 131 5858.2308
132 131 26288.1178
316 131 2222.7162
317 131 14318.4422
22 132 7880.2206
131 132 26288.1178
315 132 4315.9258
23 133 23025.5584
134 133 40584.4156
138 133 5254.8607
22 134 34317.0899
133 134 40584.4156
139 134 12321.3406
23 135 11953.1437
24 135 16923.3373
136 135 6743.0883
135 136 6743.0883
137 136 4933.3991
465 136 19040.3656
23 137 5875.4407
136 137 4933.3991
138 137 5636.9786
133 138 5254.8607
137 138 5636.9786
139 138 17461.1489
32 139 931.9664
134 139 12321.3406
138 139 17461.1489
33 140 3336.67
141 140 15688.7355
150 140 14892.0328
140 141 15688.7355
142 141 8038.5852
302 141 3164.557
141 142 8038.5852
143 142 14110.3429
301 142 41442.1881
34 143 15688.7355
142 143 14110.3429
146 143 7246.3768
34 144 8084.0744
145 144 10072.5222
300 144 20772.7462
33 145 623.8303
144 145 10072.5222
301 145 5564.8303
143 146 7246.3768
147 146 13417.4158
302 146 1927.8967
146 147 13417.4158
148 147 5899.705
149 147 54347.8261
55 148 5232.8624
147 148 5899.705
149 148 5089.0585
55 149 9149.1308
147 149 54347.8261
148 149 5089.0585
140 150 14892.0328
151 150 5753.7399
302 150 3108.4862
150 151 5753.7399
152 151 4739.3365
156 151 3191.8289
151 152 4739.3365
153 152 2041.6497
302 152 1849.4544
55 153 19527.436
152 153 2041.6497
157 153 2743.4842
33 154 29463.7596
155 154 2768.5493
298 154 24618.4146
154 155 2768.5493
156 155 3088.3261
298 155 9990.01
151 156 3191.8289
155 156 3088.3261
157 156 1747.03
153 157 2743.4842
156 157 1747.03
161 157 3889.5371
54 158 2010.0503
55 158 5844.5354
253 158 6234.414
470 158 2296.2113
55 159 5640.1579
160 159 12088.9749
253 159 3437.6074
54 160 10939.7221
159 160 12088.9749
161 160 1035.3039
254 160 12272.9504
54 161 707.7141
157 161 3889.5371
160 161 1035.3039
53 162 15931.1773
54 162 10018.0325
163 162 1595.9145
162 163 1595.9145
164 163 864.3042
261 163 572.7377
163 164 864.3042
165 164 4653.3271
266 164 456.621
164 165 4653.3271
166 165 6207.3246
267 165 6289.3082
165 166 6207.3246
167 166 10168.8021
267 166 3386.3867
52 167 3988.8313
166 167 10168.8021
265 167 726.7442
31 168 11405.1095
53 168 7194.2446
169 168 14624.1591
31 169 12682.3082
168 169 14624.1591
299 169 2988.6432
24 170 6565.9882
31 170 10341.2616
177 170 60753.3414
24 171 17889.0877
172 171 15893.1977
295 171 5773.6721
171 172 15893.1977
173 172 26260.5042
297 172 2858.7764
172 173 26260.5042
174 173 19833.3994
296 173 3115.2648
173 174 19833.3994
175 174 51493.3059
304 174 19996.0008
174 175 51493.3059
176 175 16775.7088
304 175 18204.9882
33 176 15039.8556
175 176 16775.7088
298 176 9871.6683
24 177 3683.2413
170 177 60753.3414
178 177 13090.7187
30 178 33704.0782
177 178 13090.7187
292 178 5032.7126
29 179 19301.2932
30 179 14162.3
287 179 2497.5025
13 180 6497.7258
181 180 22055.5801
190 180 3974.5628
180 181 22055.5801
182 181 21748.5863
189 181 4502.4764
12 182 8554.3199
181 182 21748.5863
195 182 13717.4211
451 182 1920.8605
12 183 13227.5132
184 183 7745.9334
452 183 4380.2015
12 184 2234.1376
183 184 7745.9334
185 184 20321.073
184 185 20321.073
186 185 1528.1174
452 185 1541.307
13 186 5574.136
185 186 1528.1174
187 186 4170.1418
186 187 4170.1418
188 187 1929.7569
453 187 821.0181
187 188 1929.7569
189 188 3463.8033
454 188 494.5598
12 189 19160.7588
181 189 4502.4764
188 189 3463.8033
454 189 396.3535
180 190 3974.5628
191 190 7782.1012
195 190 1415.6285
190 191 7782.1012
192 191 909.9181
194 191 1483.2394
9 192 10167.7682
191 192 909.9181
193 192 36324.0102
450 192 4024.1449
192 193 36324.0102
194 193 25329.2806
450 193 24943.8763
191 194 1483.2394
193 194 25329.2806
195 194 49726.5042
182 195 13717.4211
190 195 1415.6285
194 195 49726.5042
9 196 14427.9325
10 196 15537.601
332 196 6510.4167
10 197 9784.7358
198 197 30075.188
333 197 5186.722
334 197 30892.802
4 198 11852.5542
5 198 22742.7792
197 198 30075.188
8 199 22930.5205
9 199 23679.8484
332 199 4327.1311
4 200 25393.6008
5 200 24408.1035
201 200 8467.4005
335 200 31535.7931
200 201 8467.4005
202 201 18796.9925
210 201 580.3831
201 202 18796.9925
203 202 26490.0662
206 202 24618.4146
202 203 26490.0662
204 203 64766.8394
384 203 10124.5317
435 203 3122.0731
203 204 64766.8394
205 204 57306.5903
435 204 5219.2067
2 205 13956.7341
204 205 57306.5903
399 205 2540.0051
202 206 24618.4146
207 206 2267.0596
384 206 11567.38
206 207 2267.0596
208 207 3616.6365
210 207 4397.5374
207 208 3616.6365
209 208 12956.7245
211 208 9233.6103
401 208 706.2147
2 209 16270.7452
208 209 12956.7245
384 209 3108.4862
7 210 1270.1639
201 210 580.3831
207 210 4397.5374
6 211 11414.2221
208 211 9233.6103
212 211 23747.3284
6 212 10604.4539
211 212 23747.3284
213 212 11377.8587
6 213 10074.5517
212 213 11377.8587
214 213 21459.2275
7 214 11371.3896
213 214 21459.2275
215 214 18063.5838
7 215 22138.5876
214 215 18063.5838
415 215 8583.691
7 216 18604.6512
217 216 11953.1437
371 216 16202.2035
216 217 11953.1437
218 217 18811.1362
367 217 11463.9459
217 218 18811.1362
219 218 13292.5695
366 218 4368.72
367 218 7993.6051
218 219 13292.5695
220 219 100000.0
372 219 7930.2141
219 220 100000.0
221 220 17029.9728
350 220 18518.5185
220 221 17029.9728
222 221 27337.3428
366 221 17176.2281
441 221 3116.2356
221 222 27337.3428
223 222 14903.1297
365 222 8568.9803
222 223 14903.1297
224 223 17391.3043
441 223 3841.7211
223 224 17391.3043
225 224 58788.9477
344 224 5175.9834
224 225 58788.9477
226 225 19346.1018
364 225 7304.6019
225 226 19346.1018
227 226 26232.9486
363 226 13486.1767
364 226 1608.7516
226 227 26232.9486
228 227 30665.44
341 227 12635.8352
227 228 30665.44
229 228 8880.9947
363 228 31036.6232
228 229 8880.9947
230 229 15542.4308
327 229 5611.6723
446 229 4448.3986
8 230 13910.1405
229 230 15542.4308
323 230 18928.639
58 231 4205.2145
232 231 16923.3373
247 231 20512.8205
250 231 8453.0854
231 232 16923.3373
233 232 12224.9389
251 232 9960.1594
232 233 12224.9389
234 233 14894.2508
239 233 3104.6259
57 234 11363.6364
233 234 14894.2508
252 234 2298.3222
58 235 15750.5119
236 235 4149.3776
247 235 5197.5052
235 236 4149.3776
237 236 32478.0773
248 236 11976.0479
236 237 32478.0773
238 237 10359.4737
249 237 49925.1123
237 238 10359.4737
239 238 8865.2482
251 238 20296.3264
233 239 3104.6259
238 239 8865.2482
240 239 8539.7096
239 240 8539.7096
241 240 7446.0164
252 240 1601.0247
240 241 7446.0164
242 241 1824.8175
243 241 2416.6264
241 242 1824.8175
243 242 18511.6623
262 242 5428.8817
241 243 2416.6264
242 243 18511.6623
244 243 4784.689
243 244 4784.689
245 244 12259.4091
262 244 1478.1966
57 245 11619.8001
244 245 12259.4091
246 245 11481.0563
57 246 15760.4413
245 246 11481.0563
257 246 9099.1811
231 247 20512.8205
235 247 5197.5052
248 247 50150.4514
236 248 11976.0479
247 248 50150.4514
250 248 13336.8898
237 249 49925.1123
250 249 13097.5769
251 249 5714.2857
231 250 8453.0854
248 250 13336.8898
249 250 13097.5769
232 251 9960.1594
238 251 20296.3264
249 251 5714.2857
57 252 4302.926
234 252 2298.3222
240 252 1601.0247
158 253 6234.414
159 253 3437.6074
468 253 1343.7248
54 254 37821.4826
160 254 12272.9504
469 254 57306.5903
57 255 2943.7739
256 255 6835.27
258 255 19920.3187
255 256 6835.27
257 256 5910.1655
258 256 11003.5211
56 257 36403.3491
246 257 9099.1811
256 257 5910.1655
57 258 4766.4442
255 258 19920.3187
256 258 11003.5211
56 259 5827.5058
260 259 5750.4313
264 259 2287.2827
259 260 5750.4313
261 260 6006.006
264 260 6993.007
163 261 572.7377
260 261 6006.006
263 261 5777.0075
242 262 5428.8817
244 262 1478.1966
263 262 1513.7754
261 263 5777.0075
262 263 1513.7754
264 263 7278.0204
259 264 2287.2827
260 264 6993.007
263 264 7278.0204
51 265 2563.4453
167 265 726.7442
266 265 3042.2878
164 266 456.621
265 266 3042.2878
267 266 2366.3038
165 267 6289.3082
166 267 3386.3867
266 267 2366.3038
51 268 4970.1789
269 268 28860.0289
271 268 10107.1356
268 269 28860.0289
270 269 11741.2234
273 269 25687.1307
52 270 8123.4768
269 270 11741.2234
273 270 2787.845
268 271 10107.1356
272 271 5527.916
274 271 543.4783
50 272 20157.2264
271 272 5527.916
274 272 331.8951
269 273 25687.1307
270 273 2787.845
274 273 3786.4445
271 274 543.4783
272 274 331.8951
273 274 3786.4445
44 275 6770.4807
48 275 0.024
105 275 1767.7214
28 276 50428.6435
115 276 27979.8545
120 276 1619.6955
30 277 11976.0479
278 277 4739.3365
288 277 5408.3288
292 277 3026.6344
277 278 4739.3365
279 278 4510.5999
293 278 1191.3271
278 279 4510.5999
280 279 4081.6327
285 279 6807.3519
279 280 4081.6327
281 280 18702.0759
458 280 9643.2015
280 281 18702.0759
282 281 5086.47
283 281 5417.1181
25 282 40371.417
281 282 5086.47
283 282 9671.1799
281 283 5417.1181
282 283 9671.1799
284 283 3037.6671
29 284 2189.1419
283 284 3037.6671
286 284 5252.1008
279 285 6807.3519
286 285 2281.5423
291 285 5091.6497
284 286 5252.1008
285 286 2281.5423
287 286 8051.5298
29 287 3454.2314
179 287 2497.5025
286 287 8051.5298
290 287 6468.3053
277 288 5408.3288
289 288 8841.733
291 288 5934.7181
30 289 24746.3499
288 289 8841.733
290 289 3786.4445
287 290 6468.3053
289 290 3786.4445
291 290 2896.8714
285 291 5091.6497
288 291 5934.7181
290 291 2896.8714
178 292 5032.7126
277 292 3026.6344
293 292 9960.1594
24 293 2097.3154
278 293 1191.3271
292 293 9960.1594
24 294 37439.1614
295 294 6720.4301
466 294 14011.4894
171 295 5773.6721
294 295 6720.4301
296 295 4275.3313
467 295 3913.8943
173 296 3115.2648
295 296 4275.3313
467 296 8000.0
31 297 6257.8223
172 297 2858.7764
299 297 5133.4702
154 298 24618.4146
155 298 9990.01
176 298 9871.6683
31 299 13672.4091
169 299 2988.6432
297 299 5133.4702
34 300 11974.6138
144 300 20772.7462
301 300 24443.9012
142 301 41442.1881
145 301 5564.8303
300 301 24443.9012
141 302 3164.557
146 302 1927.8967
150 302 3108.4862
152 302 1849.4544
32 303 95238.0952
33 304 1608.2342
174 304 19996.0008
175 304 18204.9882
21 305 9813.5427
306 305 7955.4495
314 305 5807.2009
305 306 7955.4495
307 306 8223.6842
314 306 2645.5026
20 307 45085.6628
306 307 8223.6842
455 307 15496.6682
36 308 181126.6075
15 309 23250.4069
19 309 16455.4879
464 309 13301.4099
124 310 1272.1028
311 310 2857.1429
312 310 9478.673
27 311 1656.7263
72 311 2299.3792
310 311 2857.1429
27 312 5646.5274
122 312 2772.387
123 312 2595.3802
310 312 9478.673
21 313 7843.1373
23 313 859.8452
314 313 5370.5693
305 314 5807.2009
306 314 2645.5026
313 314 5370.5693
22 315 24576.0629
132 315 4315.9258
316 315 10521.8855
131 316 2222.7162
315 316 10521.8855
317 316 1251.5645
21 317 1396.648
131 317 14318.4422
316 317 1251.5645
13 318 2364.0662
14 318 8944.5438
62 318 3360.2151
11 319 1795.977
12 319 12010.5693
320 319 5743.8254
319 320 5743.8254
321 320 1931.6206
451 320 2418.9647
9 321 5091.6497
320 321 1931.6206
322 321 5330.4904
9 322 27070.9258
321 322 5330.4904
449 322 4823.9267
230 323 18928.639
324 323 4750.5938
449 323 3416.4674
11 324 1805.706
323 324 4750.5938
325 324 22732.4392
11 325 5277.0449
324 325 22732.4392
326 325 13317.3525
328 325 28401.0224
11 326 8460.2369
325 326 13317.3525
329 326 9337.0682
229 327 5611.6723
328 327 3663.0037
330 327 7380.0738
325 328 28401.0224
327 328 3663.0037
329 328 8375.2094
326 329 9337.0682
328 329 8375.2094
330 329 14556.0408
327 330 7380.0738
329 330 14556.0408
363 330 7390.983
8 331 7830.8536
9 331 12709.7102
449 331 8643.0424
196 332 6510.4167
199 332 4327.1311
333 332 9025.2708
197 333 5186.722
332 333 9025.2708
357 333 2997.6019
5 334 28851.7023
197 334 30892.802
358 334 29850.7463
4 335 36114.1206
200 335 31535.7931
336 335 26666.6667
4 336 19669.5515
335 336 26666.6667
337 336 20894.275
336 337 20894.275
338 337 8097.166
339 337 1229.861
337 338 8097.166
339 338 8591.0653
340 338 651.0417
3 339 13618.4121
337 339 1229.861
338 339 8591.0653
340 339 19091.2562
3 340 28081.9994
338 340 651.0417
339 340 19091.2562
227 341 12635.8352
342 341 3965.1071
443 341 1892.1476
446 341 1784.4397
341 342 3965.1071
343 342 5586.5922
445 342 10214.5046
447 342 22084.8057
8 343 33967.3913
342 343 5586.5922
362 343 3841.7211
224 344 5175.9834
345 344 18274.8538
441 344 3226.8474
344 345 18274.8538
346 345 9199.632
442 345 25348.5425
345 346 9199.632
347 346 8992.8058
374 346 5249.3438
346 347 8992.8058
348 347 18747.6565
375 347 4980.0797
377 347 3245.6994
347 348 18747.6565
349 348 9302.3256
351 348 22972.6625
348 349 9302.3256
350 349 13232.7643
442 349 1926.7823
220 350 18518.5185
349 350 13232.7643
442 350 1636.1257
348 351 22972.6625
352 351 12156.5767
379 351 6038.6473
351 352 12156.5767
353 352 6002.401
372 352 4154.5492
7 353 4604.0516
352 353 6002.401
372 353 3727.1711
382 353 8116.8831
8 354 7955.4495
355 354 3702.3325
448 354 6915.6293
354 355 3702.3325
356 355 12961.7628
360 355 15165.3018
355 356 12961.7628
357 356 9124.0876
361 356 8460.2369
333 357 2997.6019
356 357 9124.0876
358 357 9823.1827
448 357 2290.9507
5 358 16092.6939
334 358 29850.7463
357 358 9823.1827
8 359 5405.4054
360 359 1907.6688
362 359 2562.7883
355 360 15165.3018
359 360 1907.6688
361 360 6920.4152
5 361 3642.9872
356 361 8460.2369
360 361 6920.4152
343 362 3841.7211
359 362 2562.7883
444 362 3243.5939
226 363 13486.1767
228 363 31036.6232
330 363 7390.983
225 364 7304.6019
226 364 1608.7516
365 364 10447.1375
222 365 8568.9803
364 365 10447.1375
366 365 6180.4697
218 366 4368.72
221 366 17176.2281
365 366 6180.4697
217 367 11463.9459
218 367 7993.6051
368 367 7336.7572
367 368 7336.7572
369 368 14459.225
371 368 29188.5581
368 369 14459.225
370 369 25601.6385
373 369 15885.6235
7 370 19349.8452
369 370 25601.6385
371 370 14316.3923
216 371 16202.2035
368 371 29188.5581
370 371 14316.3923
219 372 7930.2141
352 372 4154.5492
353 372 3727.1711
7 373 29368.5756
369 373 15885.6235
415 373 13755.1582
346 374 5249.3438
375 374 12124.1513
376 374 11911.8523
347 375 4980.0797
374 375 12124.1513
376 375 19417.4757
374 376 11911.8523
375 376 19417.4757
377 376 3143.6655
347 377 3245.6994
376 377 3143.6655
378 377 5896.2264
383 377 2940.3117
377 378 5896.2264
379 378 8912.656
383 378 4618.9376
351 379 6038.6473
378 379 8912.656
380 379 14287.7554
379 380 14287.7554
381 380 9541.9847
383 380 1782.849
7 381 1101.5642
380 381 9541.9847
382 381 2594.0337
7 382 5032.7126
353 382 8116.8831
381 382 2594.0337
377 383 2940.3117
378 383 4618.9376
380 383 1782.849
203 384 10124.5317
206 384 11567.38
209 384 3108.4862
2 385 10593.2203
386 385 8936.5505
398 385 60386.4734
385 386 8936.5505
387 386 11555.3501
400 386 10475.5919
440 386 2293.578
386 387 11555.3501
388 387 10554.0897
400 387 3436.4261
387 388 10554.0897
389 388 4264.3923
440 388 6293.2662
388 389 4264.3923
390 389 15923.5669
440 389 578.0347
389 390 15923.5669
391 390 13444.4743
392 390 518.9414
396 390 5534.0343
390 391 13444.4743
392 391 2161.6948
438 391 1345.3518
390 392 518.9414
391 392 2161.6948
393 392 12348.7281
392 393 12348.7281
394 393 10505.3052
439 393 1150.8804
393 394 10505.3052
395 394 4859.0865
397 394 2426.5955
3 395 2999.4001
394 395 4859.0865
397 395 759.3014
390 396 5534.0343
397 396 2006.8232
438 396 2597.4026
394 397 2426.5955
395 397 759.3014
396 397 2006.8232
439 397 2121.7908
2 398 9124.0876
385 398 60386.4734
399 398 10567.4733
400 398 19900.4975
205 399 2540.0051
398 399 10567.4733
435 399 2270.663
386 400 10475.5919
387 400 3436.4261
398 400 19900.4975
2 401 35637.9187
208 401 706.2147
402 401 13785.4977
2 402 3601.0083
401 402 13785.4977
403 402 16909.0294
402 403 16909.0294
404 403 7949.1256
413 403 66181.3369
403 404 7949.1256
405 404 10711.2254
414 404 4063.3889
404 405 10711.2254
406 405 23713.5404
422 405 12138.8687
437 405 2224.1993
405 406 23713.5404
407 406 20627.0627
423 406 13238.0196
406 407 20627.0627
408 407 16655.563
437 407 7225.4335
407 408 16655.563
409 408 10998.6802
424 408 7727.9753
429 408 10165.7009
432 408 2315.3508
408 409 10998.6802
424 409 4570.3839
426 409 10186.4113
432 409 5458.5153
433 409 6357.2791
6 410 23557.126
411 410 2718.869
425 410 29044.438
410 411 2718.869
412 411 9000.9001
436 411 2389.4863
6 412 1093.9722
411 412 9000.9001
413 412 7880.2206
403 413 66181.3369
412 413 7880.2206
414 413 1170.8231
404 414 4063.3889
413 414 1170.8231
421 414 4448.3986
6 415 6877.5791
215 415 8583.691
373 415 13755.1582
416 415 6035.003
6 416 20197.9398
415 416 6035.003
417 416 8326.3947
416 417 8326.3947
418 417 26802.4658
425 417 16564.5188
417 418 26802.4658
419 418 5482.4561
425 418 7374.6313
418 419 5482.4561
420 419 3677.8227
436 419 1591.8497
419 420 3677.8227
421 420 1604.3639
436 420 2411.3817
414 421 4448.3986
420 421 1604.3639
422 421 5675.3689
405 422 12138.8687
421 422 5675.3689
423 422 8264.4628
406 423 13238.0196
422 423 8264.4628
424 423 3369.2722
408 424 7727.9753
409 424 4570.3839
423 424 3369.2722
410 425 29044.438
417 425 16564.5188
418 425 7374.6313
1 426 7299.2701
409 426 10186.4113
427 426 13802.6225
426 427 13802.6225
428 427 70821.5297
431 427 4123.7113
1 428 19619.384
427 428 70821.5297
430 428 2405.0024
408 429 10165.7009
430 429 2370.2299
437 429 2666.6667
428 430 2405.0024
429 430 2370.2299
431 430 5065.8561
427 431 4123.7113
430 431 5065.8561
433 431 4938.2716
408 432 2315.3508
409 432 5458.5153
433 432 12193.6349
409 433 6357.2791
431 433 4938.2716
432 433 12193.6349
1 434 109589.0411
203 435 3122.0731
204 435 5219.2067
399 435 2270.663
411 436 2389.4863
419 436 1591.8497
420 436 2411.3817
405 437 2224.1993
407 437 7225.4335
429 437 2666.6667
391 438 1345.3518
396 438 2597.4026
439 438 4728.1324
393 439 1150.8804
397 439 2121.7908
438 439 4728.1324
386 440 2293.578
388 440 6293.2662
389 440 578.0347
221 441 3116.2356
223 441 3841.7211
344 441 3226.8474
345 442 25348.5425
349 442 1926.7823
350 442 1636.1257
341 443 1892.1476
444 443 2083.7675
445 443 11944.5772
362 444 3243.5939
443 444 2083.7675
445 444 2267.5737
342 445 10214.5046
443 445 11944.5772
444 445 2267.5737
229 446 4448.3986
341 446 1784.4397
447 446 4246.2845
8 447 10526.3158
342 447 22084.8057
446 447 4246.2845
8 448 2632.9647
354 448 6915.6293
357 448 2290.9507
322 449 4823.9267
323 449 3416.4674
331 449 8643.0424
192 450 4024.1449
193 450 24943.8763
451 450 2550.3698
182 451 1920.8605
320 451 2418.9647
450 451 2550.3698
12 452 10580.8909
183 452 4380.2015
185 452 1541.307
13 453 2491.2805
187 453 821.0181
454 453 6157.6355
188 454 494.5598
189 454 396.3535
453 454 6157.6355
20 455 16108.2474
307 455 15496.6682
456 455 1158.3459
125 456 7062.1469
455 456 1158.3459
457 456 9389.6714
25 457 34855.3503
456 457 9389.6714
458 457 7423.905
25 458 9442.8706
280 458 9643.2015
457 458 7423.905
21 459 11469.2052
129 459 18525.3798
460 459 5316.3211
129 460 6756.7568
459 460 5316.3211
461 460 10469.0117
19 461 14641.2884
460 461 10469.0117
462 461 4484.3049
461 462 4484.3049
463 462 24600.246
464 462 22593.7641
19 463 29647.1983
462 463 24600.246
464 463 23917.723
309 464 13301.4099
462 464 22593.7641
463 464 23917.723
24 465 8000.0
136 465 19040.3656
466 465 7457.1216
294 466 14011.4894
465 466 7457.1216
467 466 1693.7669
295 467 3913.8943
296 467 8000.0
466 467 1693.7669
253 468 1343.7248
469 468 6414.3682
470 468 3120.1248
254 469 57306.5903
468 469 6414.3682
470 469 2637.8264
158 470 2296.2113
468 470 3120.1248
469 470 2637.8264
50 471 1652.3463
472 471 579.3743
474 471 2065.6889
106 472 329.5979
471 472 579.3743
473 472 2113.718
109 473 5184.0332
110 473 8748.9064
472 473 2113.718
43 474 1487.8738
471 474 2065.6889
475 474 1226.392
104 475 6958.9422
108 475 5938.2423
474 475 1226.392
48 476 0.0165
113 476 3755.1633
477 476 1708.5255
48 477 0.0141
75 477 1280.4097
476 477 1708.5255
58 478 102249.4888
10 479 72727.2727
47 480 82304.5267
