24 1 0.0138
192 1 0.0106
196 1 0.0143
200 1 0.0139
205 1 0.0247
271 1 0.0132
272 1 0.0121
287 1 0.0138
288 1 0.0121
332 1 0.0116
32 2 29577.0482
33 2 7923.9303
34 2 11604.9669
35 2 583.4306
38 2 1618.3849
62 3 10282.7763
66 3 15703.5176
345 3 58823.5294
64 4 12280.4863
66 4 4139.0728
77 4 8382.2297
78 4 4847.3097
84 4 3024.8034
46 5 1124.4799
48 5 528.262
49 5 1304.2911
52 5 2871.9127
53 5 2171.5527
57 5 3004.8077
52 6 962.4639
56 6 746.2687
68 6 796.1783
70 6 10462.4398
71 6 7581.5011
73 6 4752.8517
74 6 706.7138
72 7 157.0105
73 7 3819.7097
94 7 1453.6997
193 7 917.4312
194 7 1089.6807
76 8 13250.2981
87 8 14647.7223
94 8 2396.3575
95 8 1870.9074
91 9 14747.0875
93 9 3901.6777
102 9 1385.2334
105 9 2712.2322
106 9 2667.378
100 10 2633.6582
112 10 9310.987
113 10 5411.2554
143 10 6056.9352
147 10 3134.7962
166 11 1598.21
173 11 2265.0057
178 11 26143.7908
124 12 5130.8363
125 12 13210.0396
170 12 3767.8975
103 13 2590.6736
122 13 6226.6501
123 13 5015.0451
101 14 2782.4151
122 14 15320.9744
189 14 2927.4005
193 14 775.7952
190 15 18964.5363
191 15 8976.6607
195 15 2905.2876
196 15 2110.5952
17 16 510.9862
197 16 3549.8758
201 16 10495.382
202 16 27181.2993
206 16 7082.153
16 17 510.9862
41 17 317.864
42 17 164.582
50 17 751.8797
207 17 539.9568
209 18 983.2842
213 18 243.9024
214 18 4750.5938
217 18 539.0836
218 18 2715.1778
225 18 145.2855
268 18 80.3859
226 19 20924.8797
227 19 3969.8293
233 19 37764.3505
234 19 7067.1378
236 19 953.2888
237 19 565.2911
231 20 2409.0581
239 20 648.9293
244 20 686.3418
262 20 221.6312
263 20 2025.9319
266 20 10505.3052
267 20 14532.7714
223 21 954.1985
224 21 182.6818
235 21 9398.4962
240 21 11713.7168
241 21 3254.149
245 21 241.4293
221 22 261.3696
251 22 2129.4719
252 22 24354.603
256 22 3527.3369
257 22 6798.0965
255 23 2898.5507
256 23 25113.0085
258 23 253.6783
1 24 0.0138
25 24 3614.0224
307 24 1941.3706
308 24 16297.2621
309 24 13087.2922
24 25 3614.0224
296 25 13721.1855
311 25 663.57
329 25 2206.0446
316 26 16020.5062
317 26 34036.7597
318 26 41771.0944
319 27 2602.1337
320 27 5265.9294
324 27 12127.0919
325 27 56465.2739
29 28 6954.1029
323 28 3390.98
334 28 1642.8454
28 29 6954.1029
312 29 473.2608
335 29 2068.6802
335 30 11471.8366
336 30 30220.6105
337 30 19755.0375
270 31 5707.7626
271 31 3650.9675
272 31 1817.5209
274 31 54406.9641
285 31 5500.5501
2 32 29577.0482
2 33 7923.9303
34 33 16479.8945
215 33 342.9355
2 34 11604.9669
33 34 16479.8945
216 34 144.7387
2 35 583.4306
36 35 3933.9103
39 35 2246.1815
35 36 3933.9103
37 36 2018.9784
39 36 464.0371
36 37 2018.9784
43 37 892.8571
46 37 2087.6827
2 38 1618.3849
39 38 3903.2006
40 38 8688.0973
42 38 1842.2992
35 39 2246.1815
36 39 464.0371
38 39 3903.2006
38 40 8688.0973
41 40 546.1496
42 40 2721.0884
17 41 317.864
40 41 546.1496
45 41 1249.6876
17 42 164.582
38 42 1842.2992
40 42 2721.0884
37 43 892.8571
44 43 1848.7706
49 43 542.2993
43 44 1848.7706
45 44 931.0987
48 44 927.6438
41 45 1249.6876
44 45 931.0987
47 45 5672.1497
5 46 1124.4799
37 46 2087.6827
60 46 1386.0014
45 47 5672.1497
48 47 651.8905
50 47 1881.8216
5 48 528.262
44 48 927.6438
47 48 651.8905
49 48 1153.9349
5 49 1304.2911
43 49 542.2993
48 49 1153.9349
17 50 751.8797
47 50 1881.8216
51 50 1078.516
50 51 1078.516
52 51 33046.9266
67 51 2131.2873
5 52 2871.9127
6 52 962.4639
51 52 33046.9266
5 53 2171.5527
54 53 4955.4014
63 53 1872.6592
53 54 4955.4014
55 54 1560.3058
81 54 1031.6723
54 55 1560.3058
56 55 5390.8356
81 55 1127.5228
6 56 746.2687
55 56 5390.8356
82 56 1041.6667
5 57 3004.8077
58 57 3485.535
65 57 684.9315
57 58 3485.535
59 58 1428.5714
65 58 919.9632
58 59 1428.5714
60 59 8361.204
61 59 2360.1605
46 60 1386.0014
59 60 8361.204
61 60 5291.0053
59 61 2360.1605
60 61 5291.0053
62 61 15071.5901
3 62 10282.7763
61 62 15071.5901
66 62 94073.3772
53 63 1872.6592
77 63 33411.293
78 63 13154.433
4 64 12280.4863
65 64 2906.1319
77 64 39200.3136
57 65 684.9315
58 65 919.9632
64 65 2906.1319
3 66 15703.5176
4 66 4139.0728
62 66 94073.3772
51 67 2131.2873
68 67 1006.0362
69 67 692.5208
6 68 796.1783
67 68 1006.0362
69 68 2549.0696
67 69 692.5208
68 69 2549.0696
70 69 317.2589
6 70 10462.4398
69 70 317.2589
71 70 16294.6065
6 71 7581.5011
70 71 16294.6065
72 71 1581.0277
7 72 157.0105
71 72 1581.0277
73 72 1337.4348
6 73 4752.8517
7 73 3819.7097
72 73 1337.4348
6 74 706.7138
75 74 854.7009
83 74 2442.0024
74 75 854.7009
76 75 734.7539
83 75 1128.7956
8 76 13250.2981
75 76 734.7539
86 76 10360.547
4 77 8382.2297
63 77 33411.293
64 77 39200.3136
4 78 4847.3097
63 78 13154.433
79 78 904.1591
78 79 904.1591
80 79 858.3691
84 79 896.861
79 80 858.3691
81 80 4952.947
82 80 3181.6736
54 81 1031.6723
55 81 1127.5228
80 81 4952.947
56 82 1041.6667
80 82 3181.6736
83 82 1738.5257
74 83 2442.0024
75 83 1128.7956
82 83 1738.5257
4 84 3024.8034
79 84 896.861
85 84 4399.4721
84 85 4399.4721
86 85 4657.6619
92 85 1335.6485
76 86 10360.547
85 86 4657.6619
87 86 14407.1459
8 87 14647.7223
86 87 14407.1459
88 87 3856.5368
87 88 3856.5368
89 88 3442.3408
92 88 3880.4812
88 89 3442.3408
90 89 6535.9477
95 89 1280.0819
89 90 6535.9477
91 90 4653.3271
96 90 3797.9491
9 91 14747.0875
90 91 4653.3271
96 91 2023.8818
85 92 1335.6485
88 92 3880.4812
93 92 2793.2961
9 93 3901.6777
92 93 2793.2961
97 93 2149.6131
7 94 1453.6997
8 94 2396.3575
101 94 10641.6942
8 95 1870.9074
89 95 1280.0819
96 95 1531.3936
90 96 3797.9491
91 96 2023.8818
95 96 1531.3936
93 97 2149.6131
98 97 7027.4069
120 97 4175.3653
97 98 7027.4069
99 98 5263.1579
119 98 9216.5899
98 99 5263.1579
100 99 3172.5888
116 99 3933.9103
10 100 2633.6582
99 100 3172.5888
115 100 1340.3029
14 101 2782.4151
94 101 10641.6942
102 101 483.559
9 102 1385.2334
101 102 483.559
103 102 1567.8896
13 103 2590.6736
102 103 1567.8896
104 103 10664.3916
103 104 10664.3916
105 104 5991.6117
154 104 603.1363
9 105 2712.2322
104 105 5991.6117
106 105 2682.4034
9 106 2667.378
105 106 2682.4034
107 106 5640.1579
106 107 5640.1579
108 107 13947.0014
120 107 1000.0
107 108 13947.0014
109 108 7283.3212
148 108 862.069
108 109 7283.3212
110 109 3668.3786
117 109 2824.8588
109 110 3668.3786
111 110 5344.7354
114 110 6896.5517
110 111 5344.7354
112 111 7485.0299
113 111 4472.2719
10 112 9310.987
111 112 7485.0299
148 112 644.3299
10 113 5411.2554
111 113 4472.2719
114 113 1275.5102
110 114 6896.5517
113 114 1275.5102
115 114 19615.5355
100 115 1340.3029
114 115 19615.5355
116 115 4304.7783
99 116 3933.9103
115 116 4304.7783
118 116 6020.4696
109 117 2824.8588
118 117 7358.3517
121 117 6006.006
116 118 6020.4696
117 118 7358.3517
119 118 10165.7009
121 118 8071.025
98 119 9216.5899
118 119 10165.7009
121 119 6165.2281
97 120 4175.3653
107 120 1000.0
121 120 6418.4852
117 121 6006.006
118 121 8071.025
119 121 6165.2281
120 121 6418.4852
13 122 6226.6501
14 122 15320.9744
189 122 7215.0072
13 123 5015.0451
124 123 2770.0831
159 123 552.1811
12 124 5130.8363
123 124 2770.0831
125 124 14656.3095
12 125 13210.0396
124 125 14656.3095
126 125 6317.1194
125 126 6317.1194
127 126 9199.632
156 126 543.7738
126 127 9199.632
128 127 5159.9587
169 127 2021.0186
127 128 5159.9587
129 128 3273.3224
168 128 6329.1139
128 129 3273.3224
130 129 7818.6083
179 129 7390.983
129 130 7818.6083
131 130 4504.5045
157 130 873.3624
130 131 4504.5045
132 131 2472.7992
174 131 10637.1663
131 132 2472.7992
133 132 4436.5572
164 132 3474.6352
132 133 4436.5572
134 133 4105.0903
162 133 1975.1136
133 134 4105.0903
135 134 966.1836
164 134 4539.2646
134 135 966.1836
136 135 6127.451
165 135 6075.3341
135 136 6127.451
137 136 7987.2204
163 136 1073.8832
136 137 7987.2204
138 137 7849.2936
153 137 1120.4482
137 138 7849.2936
139 138 15713.3878
144 138 5757.0524
138 139 15713.3878
140 139 14110.3429
144 139 10358.4007
139 140 14110.3429
141 140 14238.9292
145 140 5543.2373
140 141 14238.9292
142 141 20721.0941
146 141 4885.1979
141 142 20721.0941
143 142 9363.2959
147 142 4395.6044
10 143 6056.9352
142 143 9363.2959
150 143 15465.5119
138 144 5757.0524
139 144 10358.4007
145 144 6939.6253
140 145 5543.2373
144 145 6939.6253
146 145 11348.1616
141 146 4885.1979
145 146 11348.1616
147 146 11235.9551
10 147 3134.7962
142 147 4395.6044
146 147 11235.9551
108 148 862.069
112 148 644.3299
149 148 3114.2946
148 149 3114.2946
150 149 602.047
151 149 753.012
143 150 15465.5119
149 150 602.047
151 150 537.6344
149 151 753.012
150 151 537.6344
152 151 3132.8321
151 152 3132.8321
153 152 3448.2759
158 152 982.3183
137 153 1120.4482
152 153 3448.2759
163 153 6671.1141
104 154 603.1363
155 154 389.1051
161 154 2810.5677
154 155 389.1051
156 155 594.884
160 155 1139.4713
126 156 543.7738
155 156 594.884
157 156 2388.3449
130 157 873.3624
156 157 2388.3449
158 157 1971.9976
152 158 982.3183
157 158 1971.9976
162 158 739.645
123 159 552.1811
160 159 865.0519
161 159 1611.3439
155 160 1139.4713
159 160 865.0519
161 160 1352.4479
154 161 2810.5677
159 161 1611.3439
160 161 1352.4479
133 162 1975.1136
158 162 739.645
163 162 749.6252
136 163 1073.8832
153 163 6671.1141
162 163 749.6252
132 164 3474.6352
134 164 4539.2646
187 164 1215.8055
135 165 6075.3341
166 165 14740.566
188 165 1843.318
11 166 1598.21
165 166 14740.566
188 166 2533.5698
168 167 2004.4097
170 167 1184.6938
171 167 1940.9938
128 168 6329.1139
167 168 2004.4097
169 168 3071.2531
127 169 2021.0186
168 169 3071.2531
170 169 1388.5032
12 170 3767.8975
167 170 1184.6938
169 170 1388.5032
167 171 1940.9938
172 171 3955.6962
179 171 803.8585
182 171 2849.0028
171 172 3955.6962
173 172 1807.6645
183 172 7485.0299
11 173 2265.0057
172 173 1807.6645
177 173 2548.42
131 174 10637.1663
175 174 3142.6776
180 174 3103.6623
174 175 3142.6776
176 175 4003.2026
186 175 3380.6626
175 176 4003.2026
177 176 11037.5276
184 176 3178.6395
173 177 2548.42
176 177 11037.5276
178 177 18053.8003
11 178 26143.7908
177 178 18053.8003
187 178 1328.0212
129 179 7390.983
171 179 803.8585
180 179 2058.0366
174 180 3103.6623
179 180 2058.0366
181 180 1502.4038
180 181 1502.4038
182 181 3698.2249
185 181 4854.3689
186 181 4741.5837
171 182 2849.0028
181 182 3698.2249
183 182 9794.3193
172 183 7485.0299
182 183 9794.3193
184 183 2445.5857
176 184 3178.6395
183 184 2445.5857
185 184 5851.3751
181 185 4854.3689
184 185 5851.3751
186 185 8143.3225
175 186 3380.6626
181 186 4741.5837
185 186 8143.3225
164 187 1215.8055
178 187 1328.0212
188 187 1927.8967
165 188 1843.318
166 188 2533.5698
187 188 1927.8967
14 189 2927.4005
122 189 7215.0072
190 189 2580.6452
15 190 18964.5363
189 190 2580.6452
191 190 8045.0523
15 191 8976.6607
190 191 8045.0523
192 191 11556.6855
1 192 0.0106
191 192 11556.6855
196 192 4933.3991
7 193 917.4312
14 193 775.7952
194 193 1168.3608
7 194 1089.6807
193 194 1168.3608
195 194 1400.9526
15 195 2905.2876
194 195 1400.9526
197 195 1160.6314
1 196 0.0143
15 196 2110.5952
192 196 4933.3991
200 196 2027.164
16 197 3549.8758
195 197 1160.6314
198 197 5058.1689
197 198 5058.1689
199 198 919.1176
201 198 8110.3001
198 199 919.1176
200 199 1826.484
205 199 2115.5067
1 200 0.0139
196 200 2027.164
199 200 1826.484
16 201 10495.382
198 201 8110.3001
202 201 7363.7703
16 202 27181.2993
201 202 7363.7703
203 202 7692.3077
202 203 7692.3077
204 203 2670.9402
206 203 8090.6149
203 204 2670.9402
205 204 3843.1975
206 204 4284.4901
1 205 0.0247
199 205 2115.5067
204 205 3843.1975
16 206 7082.153
203 206 8090.6149
204 206 4284.4901
17 207 539.9568
208 207 855.432
210 207 1862.8912
207 208 855.432
209 208 2389.4863
211 208 373.8318
18 209 983.2842
208 209 2389.4863
214 209 15951.5074
207 210 1862.8912
211 210 579.7101
216 210 219.6837
208 211 373.8318
210 211 579.7101
212 211 483.0918
211 212 483.0918
213 212 3047.8513
215 212 1007.2522
18 213 243.9024
212 213 3047.8513
214 213 1133.7868
18 214 4750.5938
209 214 15951.5074
213 214 1133.7868
33 215 342.9355
212 215 1007.2522
216 215 267.9528
34 216 144.7387
210 216 219.6837
215 216 267.9528
18 217 539.0836
218 217 712.2507
229 217 195.5417
18 218 2715.1778
217 218 712.2507
228 218 791.7656
220 219 105.9659
221 219 50.5051
222 219 41.6493
219 220 105.9659
221 220 269.6145
224 220 230.0966
22 221 261.3696
219 221 50.5051
220 221 269.6145
219 222 41.6493
223 222 535.3319
224 222 124.3008
21 223 954.1985
222 223 535.3319
236 223 233.0459
21 224 182.6818
220 224 230.0966
222 224 124.3008
18 225 145.2855
226 225 835.4219
236 225 377.7862
19 226 20924.8797
225 226 835.4219
227 226 9460.7379
19 227 3969.8293
226 227 9460.7379
228 227 2423.6549
218 228 791.7656
227 228 2423.6549
229 228 921.659
217 229 195.5417
228 229 921.659
230 229 3728.5608
229 230 3728.5608
231 230 1802.1265
237 230 6720.4301
20 231 2409.0581
230 231 1802.1265
238 231 1167.9514
233 232 1339.7642
238 232 3020.2356
239 232 311.2356
19 233 37764.3505
232 233 1339.7642
234 233 2787.068
19 234 7067.1378
233 234 2787.068
235 234 1285.0167
21 235 9398.4962
234 235 1285.0167
240 235 6968.6411
19 236 953.2888
223 236 233.0459
225 236 377.7862
19 237 565.2911
230 237 6720.4301
238 237 794.2812
231 238 1167.9514
232 238 3020.2356
237 238 794.2812
20 239 648.9293
232 239 311.2356
243 239 702.7407
21 240 11713.7168
235 240 6968.6411
241 240 5810.5752
21 241 3254.149
240 241 5810.5752
242 241 1406.6676
241 242 1406.6676
243 242 228.676
247 242 2579.9794
239 243 702.7407
242 243 228.676
244 243 1310.4442
20 244 686.3418
243 244 1310.4442
250 244 430.1075
21 245 241.4293
246 245 1031.0341
251 245 1221.5978
245 246 1031.0341
247 246 2541.2961
342 246 421.5852
242 247 2579.9794
246 247 2541.2961
248 247 580.3831
247 248 580.3831
249 248 2636.4355
342 248 300.3905
248 249 2636.4355
250 249 470.3669
261 249 763.3588
244 250 430.1075
249 250 470.3669
262 250 390.4725
22 251 2129.4719
245 251 1221.5978
252 251 2603.4887
22 252 24354.603
251 252 2603.4887
253 252 7513.148
341 252 792.393
252 253 7513.148
254 253 919.9632
257 253 4972.6504
253 254 919.9632
255 254 5733.945
341 254 810.3728
23 255 2898.5507
254 255 5733.945
261 255 543.4783
22 256 3527.3369
23 256 25113.0085
257 256 3243.5939
22 257 6798.0965
253 257 4972.6504
256 257 3243.5939
23 258 253.6783
259 258 657.0302
343 258 132.1528
258 259 657.0302
260 259 134.971
343 259 126.1352
259 260 134.971
261 260 2180.5495
303 260 732.6007
249 261 763.3588
255 261 543.4783
260 261 2180.5495
20 262 221.6312
250 262 390.4725
265 262 582.7506
20 263 2025.9319
264 263 3766.4783
266 263 1614.4656
263 264 3766.4783
265 264 245.3386
280 264 1614.4656
262 265 582.7506
264 265 245.3386
304 265 1860.8113
20 266 10505.3052
263 266 1614.4656
267 266 16382.6999
20 267 14532.7714
266 267 16382.6999
268 267 1274.8598
18 268 80.3859
267 268 1274.8598
269 268 1012.0433
268 269 1012.0433
270 269 1399.1885
275 269 2557.5448
286 269 231.0536
31 270 5707.7626
269 270 1399.1885
273 270 4863.8132
1 271 0.0132
31 271 3650.9675
272 271 5861.6647
279 271 469.7041
1 272 0.0121
31 272 1817.5209
271 272 5861.6647
270 273 4863.8132
274 273 8496.1767
285 273 2445.5857
31 274 54406.9641
273 274 8496.1767
285 274 10745.7554
269 275 2557.5448
276 275 669.7924
284 275 465.3327
275 276 669.7924
277 276 1412.0305
283 276 703.7298
276 277 1412.0305
278 277 541.4185
284 277 4123.7113
277 278 541.4185
279 278 499.5005
297 278 641.4368
271 279 469.7041
278 279 499.5005
284 279 417.1882
264 280 1614.4656
281 280 1501.9525
286 280 1492.0919
280 281 1501.9525
282 281 2499.3752
286 281 921.659
300 281 858.3691
281 282 2499.3752
283 282 10912.2654
300 282 5694.7608
276 283 703.7298
282 283 10912.2654
302 283 1492.3146
275 284 465.3327
277 284 4123.7113
279 284 417.1882
31 285 5500.5501
273 285 2445.5857
274 285 10745.7554
269 286 231.0536
280 286 1492.0919
281 286 921.659
1 287 0.0138
288 287 5138.7461
292 287 3903.2006
1 288 0.0121
287 288 5138.7461
289 288 6361.3232
288 289 6361.3232
290 289 17825.3119
333 289 2280.5017
289 290 17825.3119
291 290 6973.5007
333 290 2196.8366
290 291 6973.5007
314 291 28449.5021
330 291 2339.1813
287 292 3903.2006
293 292 6613.7566
313 292 896.0573
292 293 6613.7566
294 293 5627.462
313 293 1995.6097
293 294 5627.462
295 294 8291.874
328 294 1367.6149
294 295 8291.874
296 295 11469.2052
329 295 2035.8306
25 296 13721.1855
295 296 11469.2052
313 296 439.3673
278 297 641.4368
298 297 879.5075
299 297 987.1668
297 298 879.5075
299 298 6053.2688
302 298 1484.781
297 299 987.1668
298 299 6053.2688
301 299 690.6077
281 300 858.3691
282 300 5694.7608
301 300 2529.0845
299 301 690.6077
300 301 2529.0845
302 301 4743.833
283 302 1492.3146
298 302 1484.781
301 302 4743.833
260 303 732.6007
304 303 4524.8869
344 303 118.7507
265 304 1860.8113
303 304 4524.8869
305 304 535.6186
304 305 535.6186
306 305 1484.781
344 305 208.03
305 306 1484.781
307 306 1512.173
310 306 730.4602
24 307 1941.3706
306 307 1512.173
308 307 6146.2815
24 308 16297.2621
307 308 6146.2815
309 308 20449.8978
24 309 13087.2922
308 309 20449.8978
310 309 389.2565
306 310 730.4602
309 310 389.2565
339 310 151.3317
25 311 663.57
312 311 4739.3365
340 311 1795.6545
29 312 473.2608
311 312 4739.3365
338 312 1795.6545
340 312 899.2806
292 313 896.0573
293 313 1995.6097
296 313 439.3673
291 314 28449.5021
315 314 8880.9947
326 314 500.0
314 315 8880.9947
316 315 5580.3571
330 315 1547.2691
26 316 16020.5062
315 316 5580.3571
317 316 32605.1516
26 317 34036.7597
316 317 32605.1516
318 317 35385.7042
322 317 4777.8309
26 318 41771.0944
317 318 35385.7042
319 318 5379.2361
27 319 2602.1337
318 319 5379.2361
320 319 6802.7211
27 320 5265.9294
319 320 6802.7211
321 320 4591.3682
320 321 4591.3682
317 322 4777.8309
323 322 5777.0075
326 322 458.9261
28 323 3390.98
322 323 5777.0075
324 323 5192.108
27 324 12127.0919
323 324 5192.108
327 324 32393.9099
27 325 56465.2739
327 325 48262.5483
334 325 2932.5513
314 326 500.0
322 326 458.9261
328 326 1149.0291
324 327 32393.9099
325 327 48262.5483
334 327 3960.396
294 328 1367.6149
326 328 1149.0291
329 328 1350.9862
25 329 2206.0446
295 329 2035.8306
328 329 1350.9862
291 330 2339.1813
315 330 1547.2691
331 330 3529.827
330 331 3529.827
332 331 6756.7568
333 331 1615.7699
1 332 0.0116
331 332 6756.7568
333 332 2543.235
289 333 2280.5017
290 333 2196.8366
331 333 1615.7699
332 333 2543.235
28 334 1642.8454
325 334 2932.5513
327 334 3960.396
29 335 2068.6802
30 335 11471.8366
336 335 23724.7924
30 336 30220.6105
335 336 23724.7924
337 336 47393.3649
30 337 19755.0375
336 337 47393.3649
338 337 2037.4898
312 338 1795.6545
337 338 2037.4898
339 338 554.939
310 339 151.3317
338 339 554.939
340 339 959.6929
311 340 1795.6545
312 340 899.2806
339 340 959.6929
252 341 792.393
254 341 810.3728
342 341 687.7579
246 342 421.5852
248 342 300.3905
341 342 687.7579
258 343 132.1528
259 343 126.1352
344 343 80.7754
303 344 118.7507
305 344 208.03
343 344 80.7754
3 345 58823.5294
