22 1 0.0164
112 1 0.0166
113 1 0.008
115 1 0.0075
120 1 0.0085
127 1 0.0088
128 1 0.0081
133 1 0.0089
134 1 0.009
339 1 0.0087
346 1 0.0089
169 2 2812.9395
170 2 21137.1803
178 2 10944.5113
168 3 1434.103
171 3 7530.1205
172 3 8183.3061
173 3 1111.976
175 3 417.5365
164 4 3441.1562
168 4 931.9664
174 4 464.9
187 5 4325.2595
194 5 6377.551
196 5 13178.7032
197 5 4221.1904
327 5 2979.7378
189 6 3144.6541
190 6 1338.1507
198 6 2281.0219
160 7 9633.9114
325 7 5537.0986
326 7 4480.2867
330 7 7127.5837
331 7 3571.4286
333 7 5574.136
9 8 8488.9643
167 8 2177.2262
177 8 3471.017
8 9 8488.9643
122 9 721.5007
153 9 3650.9675
155 9 9765.625
165 9 11809.1639
166 9 17439.8326
177 9 8090.6149
131 10 23337.2229
146 10 7692.3077
147 10 11460.0046
150 10 10419.9229
151 10 6060.6061
154 10 9225.0923
126 11 10509.7215
128 11 17708.5178
129 11 17528.4838
130 11 15078.4077
148 11 9960.1594
50 12 10324.1792
51 12 13987.9703
52 12 9765.625
54 12 8779.6313
55 12 3629.7641
115 12 1941.3706
42 13 3916.9604
59 13 621.504
79 13 338.7534
85 13 1161.0356
60 14 5138.7461
63 14 7358.3517
84 14 5282.6202
87 14 4666.3556
68 15 1206.8549
82 15 428.0822
93 15 100.5025
17 16 6082.7251
36 16 6644.5183
118 16 40469.4456
16 17 6082.7251
35 17 2159.3608
98 17 2871.0881
110 17 1495.2153
45 18 1737.0158
55 18 8410.4289
97 18 10932.5462
115 18 3835.8266
108 19 15172.2045
109 19 9259.2593
110 19 23266.6356
112 19 5903.1877
113 19 4125.4125
48 20 2050.0205
56 20 12125.6214
62 20 2678.8106
78 20 4506.5345
191 20 7524.4545
40 21 2715.9153
49 21 5055.6117
139 21 2090.301
399 21 5952.381
1 22 0.0164
141 22 18198.3621
144 22 2688.8949
152 22 4444.4444
144 23 16716.8171
152 23 5793.7428
362 23 12380.8345
137 24 11405.1095
143 24 8136.6965
337 24 9980.0399
338 24 3667.0334
294 25 8810.5727
295 25 3087.3726
305 25 9276.4378
323 25 23424.6896
335 25 9469.697
343 26 13299.6409
344 26 4198.1528
361 26 23030.8614
363 26 7645.2599
364 26 9775.1711
365 26 9345.7944
357 27 23391.8129
358 27 24764.735
359 27 6807.3519
360 27 11135.8575
370 27 19293.8453
371 27 12388.5035
372 27 25713.551
89 28 12904.891
313 28 10128.6336
315 28 6688.9632
349 28 9267.8406
350 28 22089.6841
352 28 15243.9024
353 28 18018.018
387 28 19719.9763
268 29 7225.4335
271 29 14501.1601
276 29 6830.6011
277 29 7974.4817
286 29 9380.863
287 29 10041.1688
289 29 10144.0454
290 29 11113.5808
234 30 1487.6525
246 30 3834.3558
251 30 4355.4007
252 30 10938.5255
266 30 2635.0461
125 31 23025.5584
224 31 1876.1726
239 31 5025.1256
116 32 68306.0109
392 32 7225.4335
397 32 7429.4205
375 33 13487.9957
376 33 9813.5427
379 33 8305.6478
380 33 20263.4245
381 33 14265.3352
35 34 3224.7662
105 34 6317.1194
106 34 3125.0
17 35 2159.3608
34 35 3224.7662
105 35 28760.4257
107 35 6422.6076
16 36 6644.5183
41 36 1311.4754
43 36 11694.5387
39 37 2897.7108
48 37 14994.7518
90 37 6226.6501
49 38 2256.3177
81 38 2011.6677
406 38 8756.5674
37 39 2897.7108
40 39 18515.0898
47 39 2383.7902
21 40 2715.9153
39 40 18515.0898
44 40 4391.7435
36 41 1311.4754
42 41 4273.5043
57 41 3996.8026
13 42 3916.9604
41 42 4273.5043
57 42 1471.0209
36 43 11694.5387
45 43 2976.1905
98 43 1280.0819
40 44 4391.7435
47 44 13352.9176
139 44 5611.6723
18 45 1737.0158
43 45 2976.1905
46 45 4653.3271
45 46 4653.3271
55 46 1881.1136
159 46 2943.7739
39 47 2383.7902
44 47 13352.9176
139 47 8382.2297
20 48 2050.0205
37 48 14994.7518
53 48 3474.6352
21 49 5055.6117
38 49 2256.3177
411 49 72254.3353
12 50 10324.1792
51 50 13303.1795
159 50 4568.296
12 51 13987.9703
50 51 13303.1795
52 51 23674.2424
12 52 9765.625
51 52 23674.2424
54 52 19462.826
48 53 3474.6352
56 53 1929.3845
240 53 4655.4935
12 54 8779.6313
52 54 19462.826
119 54 3185.7279
12 55 3629.7641
18 55 8410.4289
46 55 1881.1136
20 56 12125.6214
53 56 1929.3845
58 56 1415.829
41 57 3996.8026
42 57 1471.0209
59 57 5589.7149
56 58 1415.829
179 58 10511.931
181 58 12789.3593
13 59 621.504
57 59 5589.7149
60 59 11876.4846
14 60 5138.7461
59 60 11876.4846
63 60 11299.435
62 61 10704.346
65 61 5324.8136
181 61 11407.7116
20 62 2678.8106
61 62 10704.346
66 62 4837.9294
14 63 7358.3517
60 63 11299.435
121 63 788.6435
65 64 5186.722
179 64 5167.9587
193 64 8460.2369
61 65 5324.8136
64 65 5186.722
66 65 12390.0384
62 66 4837.9294
65 66 12390.0384
67 66 14598.5401
66 67 14598.5401
72 67 9775.1711
191 67 8733.6245
15 68 1206.8549
69 68 1794.6877
88 68 640.615
68 69 1794.6877
70 69 8006.4051
77 69 5167.9587
69 70 8006.4051
71 70 9871.6683
84 70 4928.5362
70 71 9871.6683
73 71 2117.2983
74 71 1637.1971
67 72 9775.1711
193 72 6779.661
195 72 4440.4973
71 73 2117.2983
74 73 8547.0085
121 73 1736.7141
71 74 1637.1971
73 74 8547.0085
75 74 7168.4588
74 75 7168.4588
76 75 4892.3679
86 75 1649.6206
75 76 4892.3679
77 76 15540.0155
86 76 2671.6538
69 77 5167.9587
76 77 15540.0155
79 77 499.2511
20 78 4506.5345
191 78 13517.1668
195 78 1443.418
13 79 338.7534
77 79 499.2511
82 79 412.7115
81 80 4158.0042
90 80 2909.5141
240 80 5364.8069
38 81 2011.6677
80 81 4158.0042
381 81 972.7626
15 82 428.0822
79 82 412.7115
96 82 2079.4344
400 83 5422.9935
401 83 45516.6136
405 83 4113.5335
14 84 5282.6202
70 84 4928.5362
87 84 5260.3893
88 84 2799.5521
13 85 1161.0356
86 85 11488.9706
121 85 1341.7416
75 86 1649.6206
76 86 2671.6538
85 86 11488.9706
14 87 4666.3556
84 87 5260.3893
88 87 3585.5145
68 88 640.615
84 88 2799.5521
87 88 3585.5145
28 89 12904.891
91 89 5452.5627
313 89 12040.9392
37 90 6226.6501
80 90 2909.5141
240 90 26824.0343
89 91 5452.5627
92 91 23646.2521
383 91 8635.5786
91 92 23646.2521
384 92 15225.335
386 92 35198.8736
15 93 100.5025
94 93 182.9826
95 93 1809.9548
93 94 182.9826
95 94 918.2736
96 94 1502.1782
93 95 1809.9548
94 95 918.2736
96 95 769.2308
82 96 2079.4344
94 96 1502.1782
95 96 769.2308
18 97 10932.5462
98 97 7513.148
110 97 957.8544
17 98 2871.0881
43 98 1280.0819
97 98 7513.148
100 99 9699.321
308 99 5724.0985
312 99 2805.8361
99 100 9699.321
101 100 22983.2222
309 100 19342.3598
100 101 22983.2222
309 101 16297.2621
310 101 9718.173
103 102 32883.9198
297 102 10414.497
299 102 14232.8494
102 103 32883.9198
300 103 16992.3534
316 103 13736.2637
354 104 6071.6454
356 104 7412.8984
368 104 3314.5509
34 105 6317.1194
35 105 28760.4257
117 105 5991.6117
34 106 3125.0
109 106 20768.432
117 106 7194.2446
35 107 6422.6076
108 107 3916.9604
117 107 12269.9387
19 108 15172.2045
107 108 3916.9604
109 108 9149.1308
19 109 9259.2593
106 109 20768.432
108 109 9149.1308
17 110 1495.2153
19 110 23266.6356
97 110 957.8544
284 111 4430.6602
306 111 11027.79
307 111 4273.5043
1 112 0.0166
19 112 5903.1877
113 112 6402.0487
1 113 0.008
19 113 4125.4125
112 113 6402.0487
216 114 1371.3659
217 114 1108.8933
244 114 26567.4814
1 115 0.0075
12 115 1941.3706
18 115 3835.8266
32 116 68306.0109
105 117 5991.6117
106 117 7194.2446
107 117 12269.9387
16 118 40469.4456
54 119 3185.7279
120 119 1447.8066
122 119 3954.1321
1 120 0.0085
119 120 1447.8066
127 120 11071.7449
63 121 788.6435
73 121 1736.7141
85 121 1341.7416
9 122 721.5007
119 122 3954.1321
123 122 11999.0401
122 123 11999.0401
124 123 5047.9556
153 123 2712.968
123 124 5047.9556
146 124 3895.598
149 124 14558.1598
31 125 23025.5584
11 126 10509.7215
127 126 3789.3141
149 126 16035.9205
1 127 0.0088
120 127 11071.7449
126 127 3789.3141
1 128 0.0081
11 128 17708.5178
129 128 23463.1628
11 129 17528.4838
128 129 23463.1628
130 129 25759.9176
11 130 15078.4077
129 130 25759.9176
131 130 13082.1559
10 131 23337.2229
130 131 13082.1559
132 131 2683.8433
131 132 2683.8433
161 132 13696.7539
324 132 9487.666
1 133 0.0089
134 133 20815.9867
346 133 9478.673
1 134 0.009
133 134 20815.9867
135 134 38520.8012
134 135 38520.8012
136 135 14283.6738
338 135 3938.5585
135 136 14283.6738
137 136 65530.7995
339 136 49091.8017
24 137 11405.1095
136 137 65530.7995
138 137 11737.0892
137 138 11737.0892
140 138 9310.987
339 138 7961.7834
21 139 2090.301
44 139 5611.6723
47 139 8382.2297
138 140 9310.987
141 140 15807.7774
143 140 9380.863
22 141 18198.3621
140 141 15807.7774
142 141 12543.9037
141 142 12543.9037
143 142 12451.7495
340 142 12709.7102
24 143 8136.6965
140 143 9380.863
142 143 12451.7495
22 144 2688.8949
23 144 16716.8171
145 144 5319.1489
144 145 5319.1489
399 145 5913.6606
404 145 4317.7893
10 146 7692.3077
124 146 3895.598
147 146 23707.9184
150 146 6743.0883
10 147 11460.0046
146 147 23707.9184
148 147 5820.7218
11 148 9960.1594
147 148 5820.7218
149 148 20491.8033
124 149 14558.1598
126 149 16035.9205
148 149 20491.8033
10 150 10419.9229
146 150 6743.0883
151 150 18674.1363
10 151 6060.6061
150 151 18674.1363
153 151 3003.003
22 152 4444.4444
23 152 5793.7428
344 152 9671.1799
9 153 3650.9675
123 153 2712.968
151 153 3003.003
10 154 9225.0923
155 154 1773.0496
156 154 1761.1835
9 155 9765.625
154 155 1773.0496
163 155 2551.0204
154 156 1761.1835
157 156 10314.5952
158 156 1789.2288
156 157 10314.5952
158 157 13453.5181
161 157 17636.6843
156 158 1789.2288
157 158 13453.5181
160 158 8643.0424
46 159 2943.7739
50 159 4568.296
332 159 1822.4895
7 160 9633.9114
158 160 8643.0424
326 160 6514.658
132 161 13696.7539
157 161 17636.6843
325 161 5627.462
163 162 3330.0033
155 163 2551.0204
162 163 3330.0033
164 163 22482.0144
4 164 3441.1562
163 164 22482.0144
165 164 7961.7834
9 165 11809.1639
164 165 7961.7834
166 165 7057.163
9 166 17439.8326
165 166 7057.163
177 166 15994.8816
8 167 2177.2262
168 167 11166.9458
169 167 4420.8665
3 168 1434.103
4 168 931.9664
167 168 11166.9458
2 169 2812.9395
167 169 4420.8665
172 169 7002.8011
2 170 21137.1803
171 170 8833.9223
178 170 7052.1862
3 171 7530.1205
170 171 8833.9223
172 171 3797.9491
3 172 8183.3061
169 172 7002.8011
171 172 3797.9491
3 173 1111.976
174 173 1519.5259
176 173 1306.1651
4 174 464.9
173 174 1519.5259
180 174 606.7961
3 175 417.5365
176 175 542.8882
178 175 206.2706
173 176 1306.1651
175 176 542.8882
182 176 128.8826
8 177 3471.017
9 177 8090.6149
166 177 15994.8816
2 178 10944.5113
170 178 7052.1862
175 178 206.2706
58 179 10511.931
64 179 5167.9587
181 179 27300.0273
174 180 606.7961
182 180 548.8474
183 180 312.989
58 181 12789.3593
61 181 11407.7116
179 181 27300.0273
176 182 128.8826
180 182 548.8474
183 182 548.8474
180 183 312.989
182 183 548.8474
184 183 1071.0078
183 184 1071.0078
185 184 2754.8209
190 184 4741.5837
184 185 2754.8209
186 185 4065.0407
188 185 12430.0808
185 186 4065.0407
187 186 3276.54
192 186 1905.1248
5 187 4325.2595
186 187 3276.54
192 187 3992.016
185 188 12430.0808
189 188 7770.0078
212 188 862.8128
6 189 3144.6541
188 189 7770.0078
190 189 4091.653
6 190 1338.1507
184 190 4741.5837
189 190 4091.653
20 191 7524.4545
67 191 8733.6245
78 191 13517.1668
186 192 1905.1248
187 192 3992.016
194 192 2992.2202
64 193 8460.2369
72 193 6779.661
195 193 3796.5072
5 194 6377.551
192 194 2992.2202
196 194 7153.0758
72 195 4440.4973
78 195 1443.418
193 195 3796.5072
5 196 13178.7032
194 196 7153.0758
197 196 2571.3551
5 197 4221.1904
196 197 2571.3551
328 197 3293.8076
6 198 2281.0219
199 198 2311.07
208 198 1318.5654
198 199 2311.07
200 199 19102.1968
208 199 4275.3313
199 200 19102.1968
201 200 8928.5714
210 200 1160.0928
200 201 8928.5714
202 201 3345.6005
209 201 5524.8619
201 202 3345.6005
203 202 21110.4074
209 202 1024.2753
202 203 21110.4074
204 203 5086.47
219 203 5288.2073
203 204 5086.47
205 204 4975.1244
219 204 9496.6762
204 205 4975.1244
206 205 7930.2141
218 205 4198.1528
205 206 7930.2141
207 206 4697.0409
224 206 383.2886
206 207 4697.0409
220 207 21570.3192
243 207 984.252
198 208 1318.5654
199 208 4275.3313
209 208 15951.5074
201 209 5524.8619
202 209 1024.2753
208 209 15951.5074
200 210 1160.0928
211 210 3522.367
213 210 19786.3079
210 211 3522.367
212 211 33670.0337
318 211 2467.3082
188 212 862.8128
211 212 33670.0337
261 212 2275.3129
210 213 19786.3079
214 213 1379.1201
259 213 1298.87
213 214 1379.1201
215 214 9208.1031
219 214 1327.6686
214 215 9208.1031
216 215 17439.8326
247 215 2288.3295
114 216 1371.3659
215 216 17439.8326
217 216 5868.5446
114 217 1108.8933
216 217 5868.5446
218 217 5089.0585
231 217 17331.0225
205 218 4198.1528
217 218 5089.0585
220 218 2161.2276
203 219 5288.2073
204 219 9496.6762
214 219 1327.6686
207 220 21570.3192
218 220 2161.2276
221 220 12030.7988
220 221 12030.7988
222 221 7923.9303
257 221 3861.0039
221 222 7923.9303
225 222 8826.1253
243 222 23696.6825
224 223 5050.5051
243 223 37009.6225
255 223 6920.4152
31 224 1876.1726
206 224 383.2886
223 224 5050.5051
222 225 8826.1253
226 225 12860.0823
255 225 4063.3889
225 226 12860.0823
227 226 16619.5779
257 226 5910.1655
226 227 16619.5779
228 227 61652.2811
258 227 10215.5481
227 228 61652.2811
229 228 9017.1326
235 228 1390.6272
228 229 9017.1326
230 229 49236.8291
232 229 7434.9442
229 230 49236.8291
231 230 9433.9623
258 230 5847.9532
217 231 17331.0225
230 231 9433.9623
232 231 3412.9693
229 232 7434.9442
231 232 3412.9693
233 232 17969.4519
232 233 17969.4519
234 233 3731.3433
244 233 1641.7665
30 234 1487.6525
233 234 3731.3433
235 234 4422.8218
228 235 1390.6272
234 235 4422.8218
236 235 6317.1194
241 235 3335.557
235 236 6317.1194
237 236 4444.4444
242 236 7782.1012
236 237 4444.4444
238 237 3301.4196
242 237 5078.7202
237 238 3301.4196
239 238 3546.0993
255 238 1351.7167
31 239 5025.1256
238 239 3546.0993
241 239 1942.8793
53 240 4655.4935
80 240 5364.8069
90 240 26824.0343
235 241 3335.557
239 241 1942.8793
242 241 14832.3939
236 242 7782.1012
237 242 5078.7202
241 242 14832.3939
207 243 984.252
222 243 23696.6825
223 243 37009.6225
114 244 26567.4814
233 244 1641.7665
245 244 7830.8536
244 245 7830.8536
246 245 8976.6607
247 245 2272.7273
30 246 3834.3558
245 246 8976.6607
251 246 3727.1711
215 247 2288.3295
245 247 2272.7273
248 247 2038.736
247 248 2038.736
249 248 13802.6225
260 248 2891.845
248 249 13802.6225
250 249 12955.046
254 249 10004.0016
249 250 12955.046
251 250 21445.4214
252 250 5376.3441
30 251 4355.4007
246 251 3727.1711
250 251 21445.4214
30 252 10938.5255
250 252 5376.3441
253 252 5449.5913
252 253 5449.5913
254 253 7097.2321
269 253 3971.4059
249 254 10004.0016
253 254 7097.2321
265 254 3201.0243
223 255 6920.4152
225 255 4063.3889
238 255 1351.7167
387 256 3993.6102
389 256 2670.9402
394 256 2320.1856
221 257 3861.0039
226 257 5910.1655
258 257 7087.1722
227 258 10215.5481
230 258 5847.9532
257 258 7087.1722
213 259 1298.87
260 259 3310.1622
319 259 3667.0334
248 260 2891.845
259 260 3310.1622
265 260 3454.2314
212 261 2275.3129
262 261 2978.8502
318 261 4535.1474
261 262 2978.8502
263 262 5186.722
272 262 8643.0424
262 263 5186.722
264 263 11239.7437
319 263 2281.0219
263 264 11239.7437
265 264 13092.4326
274 264 2416.6264
254 265 3201.0243
260 265 3454.2314
264 265 13092.4326
30 266 2635.0461
267 266 18964.5363
269 266 10402.5798
266 267 18964.5363
268 267 14570.8874
393 267 16173.3786
29 268 7225.4335
267 268 14570.8874
271 268 14289.7971
393 268 7524.4545
253 269 3971.4059
266 269 10402.5798
270 269 41442.1881
269 270 41442.1881
271 270 2184.8372
393 270 10833.0625
29 271 14501.1601
268 271 14289.7971
270 271 2184.8372
262 272 8643.0424
273 272 9737.0983
317 272 12048.1928
272 273 9737.0983
274 273 18145.5271
320 273 22361.3596
264 274 2416.6264
273 274 18145.5271
275 274 21372.0881
274 275 21372.0881
276 275 10012.0144
320 275 7911.3924
29 276 6830.6011
275 276 10012.0144
277 276 12007.6849
29 277 7974.4817
276 277 12007.6849
278 277 12257.9063
277 278 12257.9063
279 278 5157.2976
287 278 25687.1307
278 279 5157.2976
280 279 8467.4005
288 279 54495.9128
279 280 8467.4005
281 280 11933.1742
291 280 4812.3195
280 281 11933.1742
282 281 15873.0159
296 281 7639.4194
281 282 15873.0159
283 282 19142.4196
288 282 10042.1771
282 283 19142.4196
284 283 22711.7874
288 283 20924.8797
111 284 4430.6602
283 284 22711.7874
285 284 18135.6547
284 285 18135.6547
286 285 19208.6055
289 285 19813.7507
29 286 9380.863
285 286 19208.6055
287 286 11753.6436
29 287 10041.1688
278 287 25687.1307
286 287 11753.6436
279 288 54495.9128
282 288 10042.1771
283 288 20924.8797
29 289 10144.0454
285 289 19813.7507
290 289 12476.6064
29 290 11113.5808
289 290 12476.6064
306 290 3624.5016
280 291 4812.3195
292 291 5073.5667
295 291 4217.6297
291 292 5073.5667
293 292 9442.8706
295 292 13764.6249
292 293 9442.8706
294 293 25297.2426
304 293 6715.9167
25 294 8810.5727
293 294 25297.2426
305 294 14357.5018
25 295 3087.3726
291 295 4217.6297
292 295 13764.6249
281 296 7639.4194
297 296 34305.3173
298 296 6361.3232
102 297 10414.497
296 297 34305.3173
298 297 63532.4015
296 298 6361.3232
297 298 63532.4015
299 298 52356.0209
102 299 14232.8494
298 299 52356.0209
300 299 23391.8129
103 300 16992.3534
299 300 23391.8129
301 300 74962.5187
300 301 74962.5187
302 301 22883.2952
316 301 11343.0127
301 302 22883.2952
303 302 49925.1123
314 302 6605.0198
302 303 49925.1123
304 303 7739.9381
347 303 1853.2246
293 304 6715.9167
303 304 7739.9381
305 304 16297.2621
25 305 9276.4378
294 305 14357.5018
304 305 16297.2621
111 306 11027.79
290 306 3624.5016
307 306 7142.8571
111 307 4273.5043
306 307 7142.8571
308 307 6305.1702
99 308 5724.0985
307 308 6305.1702
309 308 35714.2857
100 309 19342.3598
101 309 16297.2621
308 309 35714.2857
101 310 9718.173
311 310 11467.8899
382 310 12883.2775
310 311 11467.8899
312 311 20938.0235
382 311 10368.0664
99 312 2805.8361
311 312 20938.0235
313 312 8305.6478
28 313 10128.6336
89 313 12040.9392
312 313 8305.6478
302 314 6605.0198
315 314 9970.0897
347 314 52029.1363
28 315 6688.9632
314 315 9970.0897
316 315 3492.8397
103 316 13736.2637
301 316 11343.0127
315 316 3492.8397
272 317 12048.1928
320 317 5076.1421
321 317 807.1025
211 318 2467.3082
261 318 4535.1474
319 318 2760.1435
259 319 3667.0334
263 319 2281.0219
318 319 2760.1435
273 320 22361.3596
275 320 7911.3924
317 320 5076.1421
317 321 807.1025
322 321 11877.8952
334 321 5630.6306
321 322 11877.8952
323 322 1349.3456
334 322 7132.6676
25 323 23424.6896
322 323 1349.3456
335 323 12810.6585
132 324 9487.666
325 324 20855.0574
333 324 1817.5209
7 325 5537.0986
161 325 5627.462
324 325 20855.0574
7 326 4480.2867
160 326 6514.658
327 326 18782.87
5 327 2979.7378
326 327 18782.87
330 327 4524.8869
197 328 3293.8076
329 328 12627.8571
331 328 3327.787
328 329 12627.8571
330 329 11456.066
331 329 7057.163
7 330 7127.5837
327 330 4524.8869
329 330 11456.066
7 331 3571.4286
328 331 3327.787
329 331 7057.163
159 332 1822.4895
7 333 5574.136
324 333 1817.5209
334 333 3796.5072
321 334 5630.6306
322 334 7132.6676
333 334 3796.5072
25 335 9469.697
323 335 12810.6585
336 335 6944.4444
335 336 6944.4444
337 336 3881.9876
358 336 1623.6402
24 337 9980.0399
336 337 3881.9876
345 337 2114.612
24 338 3667.0334
135 338 3938.5585
346 338 3538.5704
1 339 0.0087
136 339 49091.8017
138 339 7961.7834
142 340 12709.7102
341 340 25258.9038
345 340 9920.6349
340 341 25258.9038
342 341 6849.3151
345 341 17485.5744
341 342 6849.3151
343 342 42122.9992
359 342 2752.5461
26 343 13299.6409
342 343 42122.9992
344 343 11005.9432
26 344 4198.1528
152 344 9671.1799
343 344 11005.9432
337 345 2114.612
340 345 9920.6349
341 345 17485.5744
1 346 0.0089
133 346 9478.673
338 346 3538.5704
303 347 1853.2246
314 347 52029.1363
348 347 5271.4813
347 348 5271.4813
349 348 11588.8284
358 348 4472.2719
28 349 9267.8406
348 349 11588.8284
350 349 14658.4579
28 350 22089.6841
349 350 14658.4579
351 350 41631.9734
350 351 41631.9734
352 351 85984.5228
355 351 12459.5066
28 352 15243.9024
351 352 85984.5228
353 352 65616.7979
28 353 18018.018
352 353 65616.7979
354 353 26917.9004
104 354 6071.6454
353 354 26917.9004
355 354 27114.9675
351 355 12459.5066
354 355 27114.9675
356 355 15351.5505
104 356 7412.8984
355 356 15351.5505
357 356 11418.132
27 357 23391.8129
356 357 11418.132
370 357 41017.2272
27 358 24764.735
336 358 1623.6402
348 358 4472.2719
27 359 6807.3519
342 359 2752.5461
360 359 11655.0117
27 360 11135.8575
359 360 11655.0117
361 360 7558.579
26 361 23030.8614
360 361 7558.579
371 361 15639.6622
23 362 12380.8345
363 362 8203.4454
377 362 2520.7966
26 363 7645.2599
362 363 8203.4454
364 363 35971.223
26 364 9775.1711
363 364 35971.223
365 364 14585.7643
26 365 9345.7944
364 365 14585.7643
366 365 10560.7773
365 366 10560.7773
367 366 10873.1108
373 366 11539.3492
366 367 10873.1108
368 367 50175.6147
373 367 2991.3252
104 368 3314.5509
367 368 50175.6147
369 368 18860.8072
368 369 18860.8072
370 369 54734.5375
372 369 45578.8514
27 370 19293.8453
357 370 41017.2272
369 370 54734.5375
27 371 12388.5035
361 371 15639.6622
372 371 13609.1453
27 372 25713.551
369 372 45578.8514
371 372 13609.1453
366 373 11539.3492
367 373 2991.3252
374 373 5540.1662
373 374 5540.1662
375 374 12926.577
376 374 44742.7293
33 375 13487.9957
374 375 12926.577
379 375 5200.208
33 376 9813.5427
374 376 44742.7293
394 376 2838.4899
362 377 2520.7966
378 377 7385.5244
400 377 7552.8701
377 378 7385.5244
379 378 20746.888
380 378 3287.311
33 379 8305.6478
375 379 5200.208
378 379 20746.888
33 380 20263.4245
378 380 3287.311
381 380 21244.9543
33 381 14265.3352
81 381 972.7626
380 381 21244.9543
310 382 12883.2775
311 382 10368.0664
383 382 3544.8423
91 383 8635.5786
382 383 3544.8423
384 383 37750.0944
92 384 15225.335
383 384 37750.0944
385 384 19677.2924
384 385 19677.2924
386 385 19561.8153
388 385 9624.6391
92 386 35198.8736
385 386 19561.8153
387 386 8510.6383
28 387 19719.9763
256 387 3993.6102
386 387 8510.6383
385 388 9624.6391
389 388 9354.537
392 388 2768.5493
256 389 2670.9402
388 389 9354.537
390 389 13840.8304
389 390 13840.8304
391 390 23877.7459
395 390 9057.971
390 391 23877.7459
392 391 15218.3838
398 391 35536.6027
32 392 7225.4335
388 392 2768.5493
391 392 15218.3838
267 393 16173.3786
268 393 7524.4545
270 393 10833.0625
256 394 2320.1856
376 394 2838.4899
395 394 2922.2677
390 395 9057.971
394 395 2922.2677
396 395 17611.8352
395 396 17611.8352
397 396 10208.2483
398 396 9980.0399
32 397 7429.4205
396 397 10208.2483
398 397 11556.6855
391 398 35536.6027
396 398 9980.0399
397 398 11556.6855
21 399 5952.381
145 399 5913.6606
411 399 2735.2298
83 400 5422.9935
377 400 7552.8701
401 400 6535.9477
83 401 45516.6136
400 401 6535.9477
402 401 19872.814
401 402 19872.814
403 402 5920.6631
405 402 13962.5803
402 403 5920.6631
404 403 7215.0072
407 403 10412.3282
145 404 4317.7893
403 404 7215.0072
409 404 7733.952
83 405 4113.5335
402 405 13962.5803
406 405 10828.3703
38 406 8756.5674
405 406 10828.3703
407 406 3786.4445
403 407 10412.3282
406 407 3786.4445
408 407 24242.4242
407 408 24242.4242
409 408 12794.2682
410 408 4716.9811
404 409 7733.952
408 409 12794.2682
410 409 6418.4852
408 410 4716.9811
409 410 6418.4852
411 410 13687.3802
49 411 72254.3353
399 411 2735.2298
410 411 13687.3802
