290 1 0.0122
328 1 0.0103
332 1 0.0117
378 1 0.0118
381 1 0.0144
382 1 0.0113
383 1 0.0137
387 1 0.0114
396 1 0.0115
397 1 0.0113
47 2 3118.179
53 2 2338.0874
54 2 3041.3625
57 2 2090.301
74 2 1993.223
4 3 1316.6557
84 3 2480.1587
104 3 4572.4737
107 3 2624.6719
3 4 1316.6557
148 4 4251.7007
163 4 2320.7241
166 4 4105.0903
176 4 4135.6493
186 5 13264.3587
189 5 8453.0854
195 5 9569.378
196 5 10868.3839
217 5 6688.9632
7 6 1808.6453
196 6 2875.2156
198 6 4568.296
204 6 3156.5657
209 6 2723.3115
6 7 1808.6453
181 7 2151.926
201 7 43535.0457
209 8 18198.3621
213 8 7598.7842
240 8 10443.8642
252 8 9532.8885
255 9 9328.3582
242 10 11897.68
250 10 16382.6999
255 10 18125.793
257 10 7347.5386
264 10 2464.8755
304 10 5186.722
263 11 4147.6566
272 11 9208.1031
273 11 9025.2708
275 11 13774.1047
276 11 2257.3363
333 12 9746.5887
335 12 1443.418
336 12 15976.9931
288 13 7173.6011
300 13 3724.3948
308 13 3442.3408
341 13 4863.8132
342 13 7178.7509
343 13 7552.8701
15 14 4887.5855
297 14 12324.3776
306 14 10546.2982
308 14 6557.377
14 15 4887.5855
306 15 6361.3232
351 15 34770.5146
352 15 34843.2056
363 15 14316.3923
364 15 4814.6365
231 16 20990.7641
233 16 25131.9427
234 16 7739.9381
244 16 11672.6976
354 16 9596.929
358 16 12896.5695
359 16 10077.5975
191 17 6958.9422
216 17 12893.2439
227 17 2985.966
230 17 3843.1975
232 17 10960.1052
233 17 6711.4094
172 18 2937.7203
218 18 1530.4561
227 18 1952.3624
394 18 3852.0801
395 18 4118.6161
370 19 17500.875
376 19 9871.6683
380 19 9157.5092
388 19 12950.013
390 19 2635.7406
391 19 1419.0436
364 20 6138.7354
372 20 13157.8947
377 20 13740.0385
381 20 3838.7716
382 20 4244.4822
22 21 12938.2844
386 21 4766.4442
396 21 8620.6897
397 21 5577.2448
21 22 12938.2844
193 22 53022.2694
398 22 4217.6297
395 23 1234.8728
407 23 2592.6886
413 23 2789.4003
419 23 1887.5047
160 24 800.6405
413 24 4861.4487
417 24 3656.3071
423 24 3461.4053
427 24 7037.2977
428 24 8849.5575
135 25 4572.4737
433 25 2642.7061
435 25 3782.1483
437 25 4719.2072
438 25 1650.7098
444 25 2897.7108
445 25 5733.945
27 26 1394.8947
28 26 1716.149
405 26 4582.9514
406 26 2313.7436
415 26 2088.1186
491 26 2729.2576
26 27 1394.8947
70 27 40502.2276
72 27 2583.9793
26 28 1716.149
49 28 1854.9434
185 28 7949.1256
478 28 2771.6186
489 28 8539.7096
491 28 2351.8344
49 29 2151.463
51 29 7836.9906
52 29 4380.2015
55 29 7836.9906
56 29 15629.8843
62 29 1971.6088
64 29 809.7166
50 30 3797.9491
55 30 1749.7813
64 30 524.3838
91 30 1115.2002
89 31 2260.3978
106 31 3057.1691
120 31 1463.486
121 31 2532.9281
126 31 3284.0722
134 31 2360.7177
141 31 1686.6251
89 32 4370.6294
124 32 2129.4719
126 32 1337.4348
132 32 1468.6444
153 33 1975.5038
156 33 2050.4408
157 33 2266.0322
159 33 1895.7346
167 33 937.2071
170 34 4955.4014
177 34 3048.7805
222 34 3856.5368
129 35 2525.8904
137 35 1336.3624
174 35 2076.412
225 35 6729.4751
268 35 7147.9628
411 35 4312.2035
37 36 5063.2911
228 36 1377.9799
457 36 59594.7557
461 36 10727.3117
36 37 5063.2911
249 37 25043.8267
294 37 25588.5363
461 37 8880.9947
302 38 6925.2078
305 38 5192.108
324 38 4916.4208
327 38 8090.6149
40 39 1729.2063
323 39 27510.3164
324 39 4606.1723
39 40 1729.2063
318 40 5408.3288
321 40 5783.69
324 40 4240.8821
42 41 3376.0972
314 41 6784.2605
315 41 13437.2481
316 41 4668.5341
317 41 47214.3532
318 41 10248.0016
41 42 3376.0972
43 42 1414.0271
254 42 1625.2235
256 42 1411.4326
277 42 3748.1259
314 42 32154.3408
316 42 29726.5161
42 43 1414.0271
210 43 1918.6493
222 43 1652.6194
259 43 2831.2571
167 44 1213.2977
168 44 3671.072
179 44 1879.346
212 44 2533.5698
346 44 12756.7292
192 45 900.9009
197 45 306.0912
206 45 2997.6019
207 45 1157.1396
184 46 523.0126
188 46 1398.797
334 46 18639.329
2 47 3118.179
53 47 18494.5441
123 47 952.381
52 48 11088.9332
62 48 805.153
96 48 4278.9902
28 49 1854.9434
29 49 2151.463
50 49 2701.9724
30 50 3797.9491
49 50 2701.9724
51 50 15323.3221
29 51 7836.9906
50 51 15323.3221
55 51 8481.7642
29 52 4380.2015
48 52 11088.9332
56 52 13607.2935
2 53 2338.0874
47 53 18494.5441
54 53 8431.7032
2 54 3041.3625
53 54 8431.7032
71 54 730.4602
29 55 7836.9906
30 55 1749.7813
51 55 8481.7642
29 56 15629.8843
52 56 13607.2935
478 56 841.7508
2 57 2090.301
58 57 6031.3631
74 57 2727.0248
57 58 6031.3631
59 58 7194.2446
78 58 2798.7685
58 59 7194.2446
60 59 10611.2054
71 59 1284.8516
59 60 10611.2054
61 60 9587.7277
78 60 3779.2895
60 61 9587.7277
63 61 8340.2836
93 61 1314.0604
29 62 1971.6088
48 62 805.153
64 62 2025.5216
61 63 8340.2836
66 63 3912.3631
71 63 1142.7265
29 64 809.7166
30 64 524.3838
62 64 2025.5216
183 65 2000.0
197 65 1348.7996
199 65 515.7298
63 66 3912.3631
67 66 51652.8926
118 66 1146.6575
66 67 51652.8926
68 67 3287.311
69 67 2675.9433
67 68 3287.311
69 68 2049.1803
127 68 7513.148
67 69 2675.9433
68 69 2049.1803
97 69 1483.0194
27 70 40502.2276
54 71 730.4602
59 71 1284.8516
63 71 1142.7265
27 72 2583.9793
73 72 8658.0087
404 72 2561.4754
72 73 8658.0087
400 73 9082.6521
403 73 5107.2523
2 74 1993.223
57 74 2727.0248
75 74 6531.6786
74 75 6531.6786
77 75 4115.2263
80 75 8802.8169
147 76 377.0739
159 76 5934.7181
164 76 473.9336
75 77 4115.2263
78 77 6891.7988
82 77 2727.7687
58 78 2798.7685
60 78 3779.2895
77 78 6891.7988
92 79 43.1406
468 79 26.2467
471 79 217.77
75 80 8802.8169
81 80 8635.5786
85 80 18328.4457
80 81 8635.5786
82 81 3259.4524
85 81 15302.2188
77 82 2727.7687
81 82 3259.4524
83 82 3306.8783
373 82 3985.6517
82 83 3306.8783
84 83 4329.0043
94 83 8025.6822
3 84 2480.1587
83 84 4329.0043
373 84 2240.6453
80 85 18328.4457
81 85 15302.2188
86 85 8896.7972
85 86 8896.7972
87 86 8333.3333
90 86 10154.3461
86 87 8333.3333
88 87 9823.1827
90 87 25458.2485
87 88 9823.1827
90 88 34153.0055
373 88 32948.9292
31 89 2260.3978
32 89 4370.6294
133 89 3929.2731
86 90 10154.3461
87 90 25458.2485
88 90 34153.0055
30 91 1115.2002
92 91 6127.451
117 91 415.8004
79 92 43.1406
91 92 6127.451
95 92 2111.0407
61 93 1314.0604
94 93 5733.945
97 93 15870.4967
83 94 8025.6822
93 94 5733.945
98 94 10393.9299
92 95 2111.0407
108 95 354.7357
402 95 2653.9278
48 96 4278.9902
475 96 736.377
477 96 6684.492
69 97 1483.0194
93 97 15870.4967
98 97 13022.529
94 98 10393.9299
97 98 13022.529
99 98 37105.7514
98 99 37105.7514
101 99 6662.2252
102 99 3309.0668
110 100 3202.0493
408 100 4541.3261
414 100 2653.9278
99 101 6662.2252
102 101 12006.2432
130 101 19798.0598
99 102 3309.0668
101 102 12006.2432
103 102 10052.2718
102 103 10052.2718
104 103 11567.38
130 103 2359.6036
3 104 4572.4737
103 104 11567.38
107 104 10231.2257
106 105 11238.4806
121 105 2177.7003
414 105 14496.9556
31 106 3057.1691
105 106 11238.4806
110 106 1182.1728
3 107 2624.6719
104 107 10231.2257
138 107 3460.2076
95 108 354.7357
124 108 325.839
436 108 575.0431
111 109 2980.6259
115 109 1810.2824
488 109 4784.689
100 110 3202.0493
106 110 1182.1728
436 110 819.0008
109 111 2980.6259
112 111 4574.5654
114 111 4574.5654
111 112 4574.5654
113 112 7147.9628
114 112 1209.6286
112 113 7147.9628
122 113 1663.0634
488 113 2592.0166
111 114 4574.5654
112 114 1209.6286
115 114 4882.8125
109 115 1810.2824
114 115 4882.8125
125 115 1448.8554
305 116 9293.6803
309 116 1521.6068
321 116 27159.1526
91 117 415.8004
119 117 335.0084
402 117 2019.3861
66 118 1146.6575
122 118 3635.0418
123 118 940.7338
117 119 335.0084
120 119 3752.3452
128 119 3995.2058
31 120 1463.486
119 120 3752.3452
121 120 3621.8761
414 120 1505.344
31 121 2532.9281
105 121 2177.7003
120 121 3621.8761
113 122 1663.0634
118 122 3635.0418
131 122 3106.5548
47 123 952.381
118 123 940.7338
131 123 1501.727
32 124 2129.4719
108 124 325.839
126 124 571.4286
115 125 1448.8554
127 125 2794.8575
135 125 1837.8974
31 126 3284.0722
32 126 1337.4348
124 126 571.4286
68 127 7513.148
125 127 2794.8575
130 127 1152.8706
119 128 3995.2058
129 128 1875.1172
329 128 448.2295
35 129 2525.8904
128 129 1875.1172
137 129 1515.8405
101 130 19798.0598
103 130 2359.6036
127 130 1152.8706
122 131 3106.5548
123 131 1501.727
488 131 2955.9563
32 132 1468.6444
133 132 2665.9557
149 132 614.2506
89 133 3929.2731
132 133 2665.9557
144 133 7199.424
31 134 2360.7177
136 134 8103.7277
145 134 6116.208
25 135 4572.4737
125 135 1837.8974
437 135 2766.2517
134 136 8103.7277
137 136 7336.7572
145 136 2558.8536
35 137 1336.3624
129 137 1515.8405
136 137 7336.7572
107 138 3460.2076
139 138 10452.5975
148 138 3010.2348
138 139 10452.5975
140 139 31036.6232
143 139 2716.6531
139 140 31036.6232
142 140 16854.8795
150 140 11671.3352
31 141 1686.6251
144 141 660.066
145 141 1495.8863
140 142 16854.8795
143 142 7309.9415
151 142 6038.6473
139 143 2716.6531
142 143 7309.9415
434 143 563.0631
133 144 7199.424
141 144 660.066
146 144 769.8229
134 145 6116.208
136 145 2558.8536
141 145 1495.8863
144 146 769.8229
147 146 310.0775
149 146 1808.6453
76 147 377.0739
146 147 310.0775
170 147 360.7504
4 148 4251.7007
138 148 3010.2348
150 148 6329.1139
132 149 614.2506
146 149 1808.6453
152 149 1195.4573
140 150 11671.3352
148 150 6329.1139
151 150 74074.0741
142 151 6038.6473
150 151 74074.0741
154 151 6406.1499
149 152 1195.4573
153 152 3346.7202
155 152 523.0126
33 153 1975.5038
152 153 3346.7202
157 153 11346.8739
151 154 6406.1499
158 154 4219.4093
162 154 17442.8746
152 155 523.0126
156 155 3347.8406
159 155 2015.3164
33 156 2050.4408
155 156 3347.8406
157 156 7293.946
33 157 2266.0322
153 157 11346.8739
156 157 7293.946
154 158 4219.4093
160 158 5959.4756
425 158 3253.0904
33 159 1895.7346
76 159 5934.7181
155 159 2015.3164
24 160 800.6405
158 160 5959.4756
161 160 3336.67
160 161 3336.67
162 161 11125.9457
163 161 2810.5677
154 162 17442.8746
161 162 11125.9457
163 162 2373.0422
4 163 2320.7241
161 163 2810.5677
162 163 2373.0422
76 164 473.9336
165 164 3537.3187
173 164 4649.0005
164 165 3537.3187
168 165 22573.3634
346 165 4780.1147
4 166 4105.0903
169 166 2048.7605
171 166 12700.0254
33 167 937.2071
44 167 1213.2977
168 167 16874.7891
44 168 3671.072
165 168 22573.3634
167 168 16874.7891
166 169 2048.7605
171 169 2786.2914
172 169 27624.3094
34 170 4955.4014
147 170 360.7504
173 170 2521.4322
166 171 12700.0254
169 171 2786.2914
176 171 6305.1702
18 172 2937.7203
169 172 27624.3094
186 172 2128.5653
164 173 4649.0005
170 173 2521.4322
219 173 526.0389
35 174 2076.412
175 174 4334.6337
238 174 1584.5349
174 175 4334.6337
177 175 2613.0128
238 175 822.3684
4 176 4135.6493
171 176 6305.1702
178 176 3500.175
34 177 3048.7805
175 177 2613.0128
258 177 713.7759
176 178 3500.175
220 178 5197.5052
412 178 1913.1433
44 179 1879.346
182 179 161.8123
206 179 1922.7072
181 180 4528.9855
194 180 3597.1223
412 180 2704.1644
7 181 2151.926
180 181 4528.9855
198 181 4494.382
179 182 161.8123
183 182 2254.7914
197 182 554.0166
65 183 2000.0
182 183 2254.7914
184 183 721.5007
46 184 523.0126
183 184 721.5007
202 184 222.0742
28 185 7949.1256
489 185 4975.1244
492 185 2513.826
5 186 13264.3587
172 186 2128.5653
187 186 5265.9294
186 187 5265.9294
223 187 2533.5698
412 187 6451.6129
46 188 1398.797
192 188 2763.1943
203 188 759.8784
5 189 8453.0854
190 189 12903.2258
217 189 16661.113
189 190 12903.2258
191 190 19278.9666
218 190 2969.1211
17 191 6958.9422
190 191 19278.9666
205 191 2172.9683
45 192 900.9009
188 192 2763.1943
200 192 364.1661
22 193 53022.2694
180 194 3597.1223
195 194 18099.5475
198 194 3915.4268
5 195 9569.378
194 195 18099.5475
196 195 21510.0022
5 196 10868.3839
6 196 2875.2156
195 196 21510.0022
45 197 306.0912
65 197 1348.7996
182 197 554.0166
6 198 4568.296
181 198 4494.382
194 198 3915.4268
65 199 515.7298
200 199 294.3774
202 199 311.8179
192 200 364.1661
199 200 294.3774
203 200 903.3424
7 201 43535.0457
184 202 222.0742
199 202 311.8179
203 202 702.7407
188 203 759.8784
200 203 903.3424
202 203 702.7407
6 204 3156.5657
205 204 4975.1244
209 204 3714.7103
191 205 2172.9683
204 205 4975.1244
216 205 4800.7681
45 206 2997.6019
179 206 1922.7072
207 206 846.0237
45 207 1157.1396
206 207 846.0237
208 207 15822.7848
207 208 15822.7848
210 208 1508.5232
212 208 675.6757
6 209 2723.3115
8 209 18198.3621
204 209 3714.7103
43 210 1918.6493
208 210 1508.5232
211 210 1920.4916
222 210 600.9615
210 211 1920.4916
212 211 8605.852
219 211 2774.6948
44 212 2533.5698
208 212 675.6757
211 212 8605.852
8 213 7598.7842
214 213 10880.2089
237 213 32530.9044
213 214 10880.2089
215 214 44702.7269
236 214 12266.9284
214 215 44702.7269
216 215 15875.5358
234 215 22104.3324
17 216 12893.2439
205 216 4800.7681
215 216 15875.5358
5 217 6688.9632
189 217 16661.113
218 217 9950.2488
18 218 1530.4561
190 218 2969.1211
217 218 9950.2488
173 219 526.0389
211 219 2774.6948
346 219 714.7963
178 220 5197.5052
221 220 17079.4193
224 220 4258.9438
220 221 17079.4193
223 221 6042.2961
224 221 9157.5092
34 222 3856.5368
43 222 1652.6194
210 222 600.9615
187 223 2533.5698
221 223 6042.2961
224 223 12149.1921
220 224 4258.9438
221 224 9157.5092
223 224 12149.1921
35 225 6729.4751
226 225 5800.464
268 225 14084.507
225 226 5800.464
228 226 4248.0884
329 226 1603.8492
17 227 2985.966
18 227 1952.3624
229 227 15218.3838
36 228 1377.9799
226 228 4248.0884
329 228 4282.6552
227 229 15218.3838
230 229 4854.3689
389 229 2540.6504
17 230 3843.1975
229 230 4854.3689
231 230 7911.3924
16 231 20990.7641
230 231 7911.3924
232 231 12339.5854
17 232 10960.1052
231 232 12339.5854
233 232 14188.4222
16 233 25131.9427
17 233 6711.4094
232 233 14188.4222
16 234 7739.9381
215 234 22104.3324
235 234 9861.9329
234 235 9861.9329
236 235 30003.0003
245 235 7955.4495
214 236 12266.9284
235 236 30003.0003
237 236 7727.9753
213 237 32530.9044
236 237 7727.9753
239 237 7315.289
174 238 1584.5349
175 238 822.3684
411 238 5414.1852
486 238 2109.2596
237 239 7315.289
240 239 11732.9579
248 239 6775.0678
8 240 10443.8642
239 240 11732.9579
241 240 13890.8182
240 241 13890.8182
242 241 13976.2404
252 241 6024.0964
10 242 11897.68
241 242 13976.2404
250 242 35599.8576
259 243 1143.6414
349 243 5157.2976
486 243 1836.8846
16 244 11672.6976
245 244 13838.915
353 244 3810.9756
235 245 7955.4495
244 245 13838.915
246 245 6060.6061
245 246 6060.6061
248 246 9049.7738
350 246 4278.9902
249 247 1567.8896
253 247 2675.9433
349 247 831.9468
239 248 6775.0678
246 248 9049.7738
250 248 9182.7365
37 249 25043.8267
247 249 1567.8896
251 249 7037.2977
10 250 16382.6999
242 250 35599.8576
248 250 9182.7365
249 251 7037.2977
253 251 4803.074
452 251 5698.0057
8 252 9532.8885
241 252 6024.0964
255 252 11727.454
247 253 2675.9433
251 253 4803.074
254 253 15915.9637
42 254 1625.2235
253 254 15915.9637
256 254 8718.3958
9 255 9328.3582
10 255 18125.793
252 255 11727.454
42 256 1411.4326
254 256 8718.3958
349 256 1806.6847
10 257 7347.5386
260 257 2910.3609
264 257 11590.1715
177 258 713.7759
259 258 1222.0457
486 258 2649.7085
43 259 2831.2571
243 259 1143.6414
258 259 1222.0457
257 260 2910.3609
261 260 10216.5917
269 260 14482.2592
260 261 10216.5917
262 261 7518.797
269 261 9074.4102
261 262 7518.797
263 262 31897.9266
270 262 27495.1883
11 263 4147.6566
262 263 31897.9266
270 263 22148.3942
10 264 2464.8755
257 264 11590.1715
265 264 6180.4697
264 265 6180.4697
266 265 12853.4704
293 265 15112.5888
265 266 12853.4704
267 266 29612.0817
271 266 7610.3501
266 267 29612.0817
269 267 5053.0571
270 267 3813.8825
35 268 7147.9628
225 268 14084.507
411 268 3409.4783
260 269 14482.2592
261 269 9074.4102
267 269 5053.0571
262 270 27495.1883
263 270 22148.3942
267 270 3813.8825
266 271 7610.3501
272 271 17739.9326
311 271 11135.8575
11 272 9208.1031
271 272 17739.9326
273 272 74294.2051
11 273 9025.2708
272 273 74294.2051
274 273 43159.2577
273 274 43159.2577
275 274 21150.5922
310 274 8710.8014
11 275 13774.1047
274 275 21150.5922
319 275 3154.5741
11 276 2257.3363
278 276 5543.2373
319 276 4768.7172
42 277 3748.1259
307 277 2707.0926
452 277 27419.7971
276 278 5543.2373
279 278 11875.0742
335 278 1330.4949
278 279 11875.0742
280 279 7168.4588
326 279 11543.3453
279 280 7168.4588
281 280 6578.9474
283 280 6854.0096
280 281 6578.9474
282 281 33783.7838
371 281 5649.7175
281 282 33783.7838
283 282 11674.0602
337 282 7668.7117
280 283 6854.0096
282 283 11674.0602
284 283 62853.5512
283 284 62853.5512
285 284 14232.8494
325 284 32959.7891
284 285 14232.8494
286 285 7949.1256
347 285 4716.9811
285 286 7949.1256
287 286 46838.4075
345 286 8163.2653
286 287 46838.4075
288 287 16528.9256
345 287 9107.4681
13 288 7173.6011
287 288 16528.9256
291 288 2350.1763
290 289 4284.4901
397 289 2375.8612
461 289 1776.5145
1 290 0.0122
289 290 4284.4901
485 290 2425.4184
288 291 2350.1763
292 291 11640.0885
301 291 17850.7676
291 292 11640.0885
293 292 4668.5341
313 292 3875.969
265 293 15112.5888
292 293 4668.5341
296 293 2261.9317
37 294 25588.5363
295 294 4262.5746
485 294 1058.2011
294 295 4262.5746
298 295 6464.1241
452 295 3194.8882
293 296 2261.9317
297 296 51733.0574
301 296 2137.2088
14 297 12324.3776
296 297 51733.0574
348 297 5783.69
295 298 6464.1241
299 298 8000.0
307 298 4697.0409
298 299 8000.0
302 299 1298.87
303 299 18642.8039
13 300 3724.3948
301 300 8149.9593
348 300 3359.0863
291 301 17850.7676
296 301 2137.2088
300 301 8149.9593
38 302 6925.2078
299 302 1298.87
330 302 38446.7512
299 303 18642.8039
305 303 2092.9259
309 303 8984.726
10 304 5186.722
306 304 12428.5359
350 304 9328.3582
38 305 5192.108
116 305 9293.6803
303 305 2092.9259
14 306 10546.2982
15 306 6361.3232
304 306 12428.5359
277 307 2707.0926
298 307 4697.0409
309 307 5055.6117
13 308 3442.3408
14 308 6557.377
348 308 5988.024
116 309 1521.6068
303 309 8984.726
307 309 5055.6117
274 310 8710.8014
311 310 16849.1997
312 310 6079.0274
271 311 11135.8575
310 311 16849.1997
312 311 14852.2204
310 312 6079.0274
311 312 14852.2204
313 312 6002.401
292 313 3875.969
312 313 6002.401
320 313 31515.9155
41 314 6784.2605
42 314 32154.3408
315 314 13170.025
41 315 13437.2481
314 315 13170.025
316 315 5282.6202
41 316 4668.5341
42 316 29726.5161
315 316 5282.6202
41 317 47214.3532
40 318 5408.3288
41 318 10248.0016
321 318 10645.0926
275 319 3154.5741
276 319 4768.7172
320 319 6108.7355
313 320 31515.9155
319 320 6108.7355
322 320 5125.5766
40 321 5783.69
116 321 27159.1526
318 321 10645.0926
320 322 5125.5766
325 322 1422.2728
326 322 3150.5986
39 323 27510.3164
38 324 4916.4208
39 324 4606.1723
40 324 4240.8821
284 325 32959.7891
322 325 1422.2728
326 325 4508.5663
279 326 11543.3453
322 326 3150.5986
325 326 4508.5663
38 327 8090.6149
328 327 6273.5257
330 327 7418.3976
1 328 0.0103
327 328 6273.5257
331 328 19440.1244
128 329 448.2295
226 329 1603.8492
228 329 4282.6552
302 330 38446.7512
327 330 7418.3976
331 330 4476.2757
328 331 19440.1244
330 331 4476.2757
332 331 5022.6017
1 332 0.0117
331 332 5022.6017
485 332 2032.5203
12 333 9746.5887
338 333 1091.5839
371 333 11931.7504
46 334 18639.329
12 335 1443.418
278 335 1330.4949
371 335 5443.6581
12 336 15976.9931
282 337 7668.7117
338 337 4454.343
347 337 5892.7519
333 338 1091.5839
337 338 4454.343
339 338 12553.3517
338 339 12553.3517
340 339 11903.3448
347 339 5793.7428
339 340 11903.3448
341 340 2171.0812
344 340 4911.5914
13 341 4863.8132
340 341 2171.0812
342 341 9970.0897
13 342 7178.7509
341 342 9970.0897
343 342 23917.723
13 343 7552.8701
342 343 23917.723
344 343 5336.1793
340 344 4911.5914
343 344 5336.1793
345 344 15989.7665
286 345 8163.2653
287 345 9107.4681
344 345 15989.7665
44 346 12756.7292
165 346 4780.1147
219 346 714.7963
285 347 4716.9811
337 347 5892.7519
339 347 5793.7428
297 348 5783.69
300 348 3359.0863
308 348 5988.024
243 349 5157.2976
247 349 831.9468
256 349 1806.6847
246 350 4278.9902
304 350 9328.3582
351 350 3068.4259
15 351 34770.5146
350 351 3068.4259
353 351 21929.8246
15 352 34843.2056
353 352 19485.5807
357 352 7423.905
244 353 3810.9756
351 353 21929.8246
352 353 19485.5807
16 354 9596.929
355 354 16747.6135
358 354 32927.2308
354 355 16747.6135
356 355 36101.083
365 355 20161.2903
355 356 36101.083
357 356 43290.0433
365 356 19527.436
352 357 7423.905
356 357 43290.0433
362 357 15108.0224
16 358 12896.5695
354 358 32927.2308
359 358 30469.2261
16 359 10077.5975
358 359 30469.2261
360 359 23646.2521
359 360 23646.2521
361 360 14275.5175
365 360 10152.2843
360 361 14275.5175
362 361 11061.9469
366 361 34770.5146
357 362 15108.0224
361 362 11061.9469
363 362 21468.4414
15 363 14316.3923
362 363 21468.4414
364 363 28727.3772
15 364 4814.6365
20 364 6138.7354
363 364 28727.3772
355 365 20161.2903
356 365 19527.436
360 365 10152.2843
361 366 34770.5146
367 366 21312.873
372 366 3388.6818
366 367 21312.873
368 367 6557.377
393 367 3548.616
367 368 6557.377
369 368 29044.438
393 368 13401.2329
368 369 29044.438
370 369 40436.7165
392 369 10575.2961
19 370 17500.875
369 370 40436.7165
375 370 8250.8251
281 371 5649.7175
333 371 11931.7504
335 371 5443.6581
20 372 13157.8947
366 372 3388.6818
374 372 23288.3093
82 373 3985.6517
84 373 2240.6453
88 373 32948.9292
372 374 23288.3093
375 374 10215.5481
377 374 9000.9001
370 375 8250.8251
374 375 10215.5481
376 375 17979.1442
19 376 9871.6683
375 376 17979.1442
379 376 28137.3101
20 377 13740.0385
374 377 9000.9001
378 377 5485.4635
1 378 0.0118
377 378 5485.4635
379 378 14522.219
376 379 28137.3101
378 379 14522.219
380 379 6418.4852
19 380 9157.5092
379 380 6418.4852
384 380 9124.0876
1 381 0.0144
20 381 3838.7716
383 381 11112.3458
1 382 0.0113
20 382 4244.4822
383 382 12138.8687
1 383 0.0137
381 383 11112.3458
382 383 12138.8687
380 384 9124.0876
385 384 36363.6364
387 384 7278.0204
384 385 36363.6364
386 385 11271.4157
387 385 6720.4301
21 386 4766.4442
385 386 11271.4157
387 386 7824.7261
1 387 0.0114
384 387 7278.0204
385 387 6720.4301
386 387 7824.7261
19 388 12950.013
389 388 9891.1968
392 388 7867.8206
229 389 2540.6504
388 389 9891.1968
390 389 8183.3061
19 390 2635.7406
389 390 8183.3061
391 390 21272.0698
19 391 1419.0436
390 391 21272.0698
394 391 10456.9696
369 392 10575.2961
388 392 7867.8206
393 392 14823.5992
367 393 3548.616
368 393 13401.2329
392 393 14823.5992
18 394 3852.0801
391 394 10456.9696
395 394 2846.5699
18 395 4118.6161
23 395 1234.8728
394 395 2846.5699
1 396 0.0115
21 396 8620.6897
397 396 2837.6844
1 397 0.0113
21 397 5577.2448
289 397 2375.8612
396 397 2837.6844
22 398 4217.6297
399 398 4940.7115
410 398 1560.7929
398 399 4940.7115
400 399 5534.0343
410 399 8968.6099
73 400 9082.6521
399 400 5534.0343
401 400 24301.3366
400 401 24301.3366
403 401 17461.1489
409 401 3543.5861
95 402 2653.9278
117 402 2019.3861
408 402 5252.1008
73 403 5107.2523
401 403 17461.1489
404 403 9442.8706
72 404 2561.4754
403 404 9442.8706
405 404 26788.1061
26 405 4582.9514
404 405 26788.1061
406 405 12376.2376
26 406 2313.7436
405 406 12376.2376
407 406 5015.0451
23 407 2592.6886
406 407 5015.0451
409 407 10670.0811
100 408 4541.3261
402 408 5252.1008
436 408 1692.9067
401 409 3543.5861
407 409 10670.0811
410 409 2012.0724
398 410 1560.7929
399 410 8968.6099
409 410 2012.0724
35 411 4312.2035
238 411 5414.1852
268 411 3409.4783
178 412 1913.1433
180 412 2704.1644
187 412 6451.6129
23 413 2789.4003
24 413 4861.4487
422 413 11014.4289
100 414 2653.9278
105 414 14496.9556
120 414 1505.344
26 415 2088.1186
416 415 2504.3827
463 415 7012.6227
415 416 2504.3827
417 416 5104.6452
418 416 16675.0042
24 417 3656.3071
416 417 5104.6452
451 417 1448.8554
416 418 16675.0042
419 418 5271.4813
423 418 3702.3325
23 419 1887.5047
418 419 5271.4813
421 419 7639.4194
450 420 2452.1824
456 420 1551.109
460 420 516.5289
419 421 7639.4194
422 421 11792.4528
424 421 20811.6545
413 422 11014.4289
421 422 11792.4528
424 422 9451.7958
24 423 3461.4053
418 423 3702.3325
424 423 15156.1079
421 424 20811.6545
422 424 9451.7958
423 424 15156.1079
158 425 3253.0904
426 425 8517.8876
454 425 4180.602
425 426 8517.8876
427 426 11340.44
454 426 12881.6179
24 427 7037.2977
426 427 11340.44
428 427 7007.7085
24 428 8849.5575
427 428 7007.7085
429 428 11424.6544
428 429 11424.6544
430 429 13397.642
453 429 6410.2564
429 430 13397.642
431 430 2325.5814
453 430 4741.5837
430 431 2325.5814
432 431 6093.8452
450 431 680.2721
431 432 6093.8452
433 432 6108.7355
435 432 1012.2482
25 433 2642.7061
432 433 6108.7355
446 433 9191.1765
143 434 563.0631
435 434 3416.4674
437 434 4293.6883
25 435 3782.1483
432 435 1012.2482
434 435 3416.4674
108 436 575.0431
110 436 819.0008
408 436 1692.9067
25 437 4719.2072
135 437 2766.2517
434 437 4293.6883
25 438 1650.7098
439 438 14330.7538
444 438 5675.3689
438 439 14330.7538
440 439 8271.2986
444 439 6451.6129
439 440 8271.2986
441 440 1800.5041
443 440 4604.0516
440 441 1800.5041
442 441 2552.3226
455 441 2255.8087
441 442 2552.3226
443 442 4819.2771
445 442 3013.8638
440 443 4604.0516
442 443 4819.2771
444 443 14374.0118
25 444 2897.7108
438 444 5675.3689
439 444 6451.6129
443 444 14374.0118
25 445 5733.945
442 445 3013.8638
446 445 3776.435
433 446 9191.1765
445 446 3776.435
447 446 6565.9882
446 447 6565.9882
448 447 2071.6801
449 447 1867.7624
447 448 2071.6801
449 448 2306.2731
456 448 903.3424
447 449 1867.7624
448 449 2306.2731
455 449 3891.0506
420 450 2452.1824
431 450 680.2721
451 450 2402.1139
417 451 1448.8554
450 451 2402.1139
462 451 3172.5888
251 452 5698.0057
277 452 27419.7971
295 452 3194.8882
429 453 6410.2564
430 453 4741.5837
454 453 3471.017
425 454 4180.602
426 454 12881.6179
453 454 3471.017
441 455 2255.8087
449 455 3891.0506
468 455 110.9878
420 456 1551.109
448 456 903.3424
458 456 749.0637
36 457 59594.7557
456 458 749.0637
459 458 1722.0596
480 458 682.1282
458 459 1722.0596
460 459 2121.7908
479 459 7824.7261
420 460 516.5289
459 460 2121.7908
467 460 3229.9742
474 460 699.7901
36 461 10727.3117
37 461 8880.9947
289 461 1776.5145
451 462 3172.5888
463 462 1636.1257
466 462 10636.0349
415 463 7012.6227
462 463 1636.1257
464 463 4752.8517
463 464 4752.8517
465 464 9242.1442
491 464 1614.4656
464 465 9242.1442
466 465 3765.0602
487 465 931.9664
462 466 10636.0349
465 466 3765.0602
467 466 1260.7161
460 467 3229.9742
466 467 1260.7161
490 467 7818.6083
79 468 26.2467
455 468 110.9878
469 468 1105.8277
468 469 1105.8277
470 469 1441.9611
482 469 525.7624
469 470 1441.9611
471 470 446.628
482 470 607.5334
79 471 217.77
470 471 446.628
472 471 1793.0787
471 472 1793.0787
473 472 1712.9154
484 472 1378.5498
472 473 1712.9154
474 473 6675.5674
479 473 3621.8761
483 473 1480.8233
460 474 699.7901
473 474 6675.5674
475 474 3710.5751
96 475 736.377
474 475 3710.5751
476 475 8643.0424
475 476 8643.0424
477 476 5834.3057
492 476 967.118
96 477 6684.492
476 477 5834.3057
478 477 5367.6865
28 478 2771.6186
56 478 841.7508
477 478 5367.6865
459 479 7824.7261
473 479 3621.8761
480 479 1730.7027
458 480 682.1282
479 480 1730.7027
481 480 1475.5792
483 480 3200.0
480 481 1475.5792
482 481 2422.4806
484 481 3080.7147
469 482 525.7624
470 482 607.5334
481 482 2422.4806
473 483 1480.8233
480 483 3200.0
484 483 3489.1835
472 484 1378.5498
481 484 3080.7147
483 484 3489.1835
290 485 2425.4184
294 485 1058.2011
332 485 2032.5203
238 486 2109.2596
243 486 1836.8846
258 486 2649.7085
465 487 931.9664
489 487 5790.388
490 487 5995.2038
109 488 4784.689
113 488 2592.0166
131 488 2955.9563
28 489 8539.7096
185 489 4975.1244
487 489 5790.388
467 490 7818.6083
487 490 5995.2038
492 490 6609.3853
26 491 2729.2576
28 491 2351.8344
464 491 1614.4656
185 492 2513.826
476 492 967.118
490 492 6609.3853
