130 1 12908.2225
159 1 42589.4378
177 1 739.0983
101 2 1211.6806
111 2 1737.9214
122 2 7639.4194
152 2 3572.7045
154 2 4106.7762
156 2 1223.6907
145 3 6958.9422
147 3 6472.4919
150 3 25806.4516
196 3 6761.3252
203 3 3508.7719
147 4 3653.6354
189 4 6169.0315
192 4 3809.5238
198 4 828.5004
83 5 12461.0592
99 5 8410.4289
113 5 984.252
119 5 8718.3958
208 5 1177.8563
95 6 11680.8784
99 6 1981.3751
100 6 6257.8223
94 7 12000.48
100 7 11540.6809
175 7 23496.2406
176 7 42158.516
220 7 7490.6367
171 8 10897.9948
182 8 75930.1443
184 8 5861.6647
220 8 3627.1309
10 9 8756.5674
171 9 7262.1641
184 9 5339.0283
205 9 3097.8934
9 10 8756.5674
165 10 16118.6331
166 10 35161.744
91 11 271.3704
115 11 159795.4618
169 11 37091.9881
204 12 289.7711
207 12 5243.8385
210 12 259.2017
78 13 10862.481
162 13 5970.1493
223 13 2981.5146
15 14 5767.0127
90 14 2835.2708
224 14 29638.4114
14 15 5767.0127
31 15 4422.8218
224 15 407.332
17 16 7331.3783
18 16 1764.6021
81 16 2934.2723
89 16 2432.4982
104 16 1226.2416
106 16 1613.9445
16 17 7331.3783
18 17 4422.8218
28 17 1371.554
32 17 6281.407
16 18 1764.6021
17 18 4422.8218
72 18 14322.5437
199 18 34977.2648
20 19 2264.4928
21 19 3484.3206
72 19 5128.2051
97 19 950.5703
98 19 623.4414
19 20 2264.4928
24 20 4595.5882
31 20 7320.6442
19 21 3484.3206
22 21 2084.6362
37 21 1700.6803
21 22 2084.6362
28 22 6207.3246
72 22 7272.7273
24 23 2701.9724
31 23 13989.9273
120 23 99206.3492
20 24 4595.5882
23 24 2701.9724
25 24 3977.7247
37 24 14979.0294
24 25 3977.7247
26 25 13586.9565
37 25 6301.1972
25 26 13586.9565
52 26 5060.7287
96 26 106906.1364
53 27 5411.2554
70 27 175131.3485
92 27 8695.6522
17 28 1371.554
22 28 6207.3246
51 28 4301.0753
61 28 21199.9152
92 28 5977.2863
45 29 1046.3535
63 29 12667.849
92 29 20802.9956
89 30 2541.942
93 30 2078.5699
116 30 68965.5172
15 31 4422.8218
20 31 7320.6442
23 31 13989.9273
17 32 6281.407
129 32 13933.3984
155 32 6872.8522
109 33 4480.2867
112 33 6116.208
117 33 3831.4176
103 34 3810.9756
105 34 1702.9973
117 34 5162.6226
217 34 1172.0581
43 35 3034.9014
131 35 5574.136
155 35 10061.3744
170 35 28943.5601
132 36 40338.8463
136 36 31201.248
137 36 13140.6045
21 37 1700.6803
24 37 14979.0294
25 37 6301.1972
80 38 149678.1919
137 38 23142.791
146 38 4636.0686
41 39 2477.7007
66 39 358.8088
69 39 6574.622
140 39 3699.593
153 39 722.0217
62 40 156.789
64 40 3355.7047
66 40 2800.336
69 40 6337.1356
39 41 2477.7007
77 41 4405.2863
149 41 763.3588
54 42 0.0419
56 42 0.0248
82 42 0.0212
164 42 0.0214
190 42 0.0238
191 42 0.0235
35 43 3034.9014
44 43 5282.6202
51 43 1269.0355
61 43 1245.6403
121 43 10641.6942
148 43 2261.9317
43 44 5282.6202
61 44 2660.9899
63 44 6854.0096
161 44 1360.1741
164 44 1129.3055
29 45 1046.3535
46 45 4251.7007
53 45 7385.5244
60 45 17812.6113
45 46 4251.7007
52 46 4977.6008
186 46 4291.8455
48 47 2797.2028
118 47 122518.9904
186 47 5955.9261
47 48 2797.2028
49 48 7178.7509
134 48 133671.969
186 48 2875.2156
48 49 7178.7509
50 49 1850.8236
187 49 3277.6139
49 50 1850.8236
60 50 7541.4781
191 50 9765.625
28 51 4301.0753
43 51 1269.0355
148 51 986.1933
26 52 5060.7287
46 52 4977.6008
53 52 11396.0114
27 53 5411.2554
45 53 7385.5244
52 53 11396.0114
42 54 0.0419
55 54 3267.9739
87 54 821.0181
185 54 412.7115
54 55 3267.9739
76 55 10867.2028
185 55 788.0221
42 56 0.0248
57 56 5157.2976
58 56 2446.7825
87 56 10664.3916
187 56 13260.8407
188 56 6697.9236
56 57 5157.2976
58 57 3237.2936
87 57 3982.4771
185 57 6345.1777
56 58 2446.7825
57 58 3237.2936
114 58 140666.7604
75 59 131027.2537
160 59 6281.407
219 59 13354.7009
45 60 17812.6113
50 60 7541.4781
63 60 4060.0893
28 61 21199.9152
43 61 1245.6403
44 61 2660.9899
40 62 156.789
65 62 12634.2388
195 62 15403.5736
29 63 12667.849
44 63 6854.0096
60 63 4060.0893
40 64 3355.7047
65 64 4859.0865
67 64 750.1875
62 65 12634.2388
64 65 4859.0865
218 65 10074.5517
39 66 358.8088
40 66 2800.336
69 66 3079.7659
64 67 750.1875
218 67 19241.8703
219 67 5186.722
161 68 160179.4009
39 69 6574.622
40 69 6337.1356
66 69 3079.7659
27 70 175131.3485
79 71 141803.7436
103 71 44169.6113
138 71 23218.0172
18 72 14322.5437
19 72 5128.2051
22 72 7272.7273
144 73 2501.8764
168 73 3263.7076
222 73 566.2514
76 74 2665.9557
168 74 4746.0845
221 74 1560.5493
59 75 131027.2537
55 76 10867.2028
74 76 2665.9557
221 76 1034.8753
41 77 4405.2863
146 77 10228.0863
153 77 362.7131
13 78 10862.481
81 78 2667.378
86 78 15211.439
71 79 141803.7436
38 80 149678.1919
16 81 2934.2723
78 81 2667.378
86 81 255.4278
42 82 0.0212
161 82 5107.2523
164 82 1968.1165
5 83 12461.0592
84 83 2596.7281
119 83 6297.2292
83 84 2596.7281
85 84 7122.5071
143 84 3640.3349
84 85 7122.5071
208 85 1865.3236
209 85 2220.2487
78 86 15211.439
81 86 255.4278
210 86 30275.5071
54 87 821.0181
56 87 10664.3916
57 87 3982.4771
133 88 6920.4152
135 88 4249.8938
179 88 4140.7867
16 89 2432.4982
30 89 2541.942
93 89 5473.4537
14 90 2835.2708
91 90 5470.4595
158 90 4436.5572
11 91 271.3704
90 91 5470.4595
158 91 2245.6771
27 92 8695.6522
28 92 5977.2863
29 92 20802.9956
30 93 2078.5699
89 93 5473.4537
110 93 4088.3074
7 94 12000.48
95 94 14524.3282
215 94 4345.9365
216 94 2942.0418
6 95 11680.8784
94 95 14524.3282
216 95 831.9468
26 96 106906.1364
19 97 950.5703
98 97 2396.9319
199 97 6480.8814
19 98 623.4414
97 98 2396.9319
108 98 780.6401
5 99 8410.4289
6 99 1981.3751
101 99 525.7624
6 100 6257.8223
7 100 11540.6809
101 100 3408.3163
2 101 1211.6806
99 101 525.7624
100 101 3408.3163
104 102 1445.5045
108 102 9460.7379
199 102 2682.4034
34 103 3810.9756
71 103 44169.6113
105 103 10469.0117
16 104 1226.2416
102 104 1445.5045
106 104 1702.4174
34 105 1702.9973
103 105 10469.0117
132 105 1324.8543
16 106 1613.9445
104 106 1702.4174
108 106 486.1449
124 107 1690.6171
126 107 2642.0079
202 107 1749.4752
98 108 780.6401
102 108 9460.7379
106 108 486.1449
33 109 4480.2867
112 109 16358.5801
217 109 3316.7496
93 110 4088.3074
170 110 2160.2938
217 110 3933.9103
2 111 1737.9214
113 111 5763.6888
209 111 103.8853
33 112 6116.208
109 112 16358.5801
117 112 915.7509
5 113 984.252
111 113 5763.6888
143 113 3271.1809
58 114 140666.7604
11 115 159795.4618
30 116 68965.5172
33 117 3831.4176
34 117 5162.6226
112 117 915.7509
47 118 122518.9904
5 119 8718.3958
83 119 6297.2292
143 119 7645.2599
23 120 99206.3492
43 121 10641.6942
129 121 4970.1789
155 121 1354.0961
2 122 7639.4194
123 122 46490.0046
151 122 34904.014
122 123 46490.0046
124 123 6711.4094
141 123 432.7131
107 124 1690.6171
123 124 6711.4094
125 124 6480.8814
124 125 6480.8814
126 125 30599.7552
156 125 2313.2084
157 125 1870.2076
107 126 2642.0079
125 126 30599.7552
127 126 8503.4014
126 127 8503.4014
128 127 24857.0718
139 127 1249.6876
127 128 24857.0718
130 128 4533.0916
133 128 2263.9801
32 129 13933.3984
121 129 4970.1789
148 129 2525.2525
1 130 12908.2225
128 130 4533.0916
159 130 5701.2543
35 131 5574.136
132 131 10154.3461
170 131 16005.1216
36 132 40338.8463
105 132 1324.8543
131 132 10154.3461
88 133 6920.4152
128 133 2263.9801
178 133 1833.8529
48 134 133671.969
88 135 4249.8938
181 135 1676.1649
202 135 1010.5093
36 136 31201.248
137 136 11370.0966
138 136 11285.408
36 137 13140.6045
38 137 23142.791
136 137 11370.0966
71 138 23218.0172
136 138 11285.408
140 138 6544.5026
127 139 1249.6876
157 139 1204.2389
159 139 291.2904
39 140 3699.593
138 140 6544.5026
153 140 6060.6061
123 141 432.7131
142 141 4100.041
206 141 4145.937
141 142 4100.041
145 142 1778.7264
147 142 308.0715
84 143 3640.3349
113 143 3271.1809
119 143 7645.2599
73 144 2501.8764
164 144 15530.3619
222 144 807.7544
3 145 6958.9422
142 145 1778.7264
203 145 3284.0722
38 146 4636.0686
77 146 10228.0863
149 146 4555.8087
3 147 6472.4919
4 147 3653.6354
142 147 308.0715
43 148 2261.9317
51 148 986.1933
129 148 2525.2525
41 149 763.3588
146 149 4555.8087
168 149 15044.3809
3 150 25806.4516
152 150 3612.7168
196 150 12143.2908
122 151 34904.014
152 151 11446.8864
203 151 581.7336
2 152 3572.7045
150 152 3612.7168
151 152 11446.8864
39 153 722.0217
77 153 362.7131
140 153 6060.6061
2 154 4106.7762
167 154 1096.1307
196 154 2348.5204
32 155 6872.8522
35 155 10061.3744
121 155 1354.0961
2 156 1223.6907
125 156 2313.2084
157 156 1170.9602
125 157 1870.2076
139 157 1204.2389
156 157 1170.9602
90 158 4436.5572
91 158 2245.6771
223 158 788.0221
1 159 42589.4378
130 159 5701.2543
139 159 291.2904
59 160 6281.407
195 160 3692.7622
219 160 5181.3472
44 161 1360.1741
68 161 160179.4009
82 161 5107.2523
13 162 5970.1493
163 162 12212.9946
212 162 919.1176
162 163 12212.9946
165 163 6954.1029
212 163 636.1323
42 164 0.0214
44 164 1129.3055
82 164 1968.1165
144 164 15530.3619
10 165 16118.6331
163 165 6954.1029
166 165 12174.3365
10 166 35161.744
165 166 12174.3365
169 166 6426.7352
154 167 1096.1307
193 167 1663.8935
194 167 812.3477
73 168 3263.7076
74 168 4746.0845
149 168 15044.3809
11 169 37091.9881
166 169 6426.7352
172 169 17844.3969
35 170 28943.5601
110 170 2160.2938
131 170 16005.1216
8 171 10897.9948
9 171 7262.1641
172 171 1629.1952
169 172 17844.3969
171 172 1629.1952
174 172 8532.4232
214 172 986.1933
181 173 4535.1474
206 173 716.8459
213 173 1171.2345
172 174 8532.4232
175 174 81168.8312
214 174 2357.3786
7 175 23496.2406
174 175 81168.8312
176 175 21533.1611
7 176 42158.516
175 176 21533.1611
220 176 11661.8076
1 177 739.0983
178 177 966.1836
213 177 513.347
133 178 1833.8529
177 178 966.1836
179 178 1717.6228
88 179 4140.7867
178 179 1717.6228
180 179 6138.7354
179 180 6138.7354
181 180 1902.9496
213 180 1459.4279
135 181 1676.1649
173 181 4535.1474
180 181 1902.9496
8 182 75930.1443
183 182 8216.9269
194 182 5070.9939
182 183 8216.9269
184 183 2623.9832
189 183 579.3743
8 184 5861.6647
9 184 5339.0283
183 184 2623.9832
54 185 412.7115
55 185 788.0221
57 185 6345.1777
46 186 4291.8455
47 186 5955.9261
48 186 2875.2156
49 187 3277.6139
56 187 13260.8407
188 187 8237.2323
56 188 6697.9236
187 188 8237.2323
190 188 9624.6391
4 189 6169.0315
183 189 579.3743
197 189 1434.103
42 190 0.0238
188 190 9624.6391
191 190 13833.1719
42 191 0.0235
50 191 9765.625
190 191 13833.1719
4 192 3809.5238
193 192 36310.8206
196 192 4807.6923
167 193 1663.8935
192 193 36310.8206
194 193 38819.8758
167 194 812.3477
182 194 5070.9939
193 194 38819.8758
62 195 15403.5736
160 195 3692.7622
218 195 9354.537
3 196 6761.3252
150 196 12143.2908
154 196 2348.5204
192 196 4807.6923
189 197 1434.103
198 197 10299.7219
200 197 20036.0649
201 197 3534.818
4 198 828.5004
197 198 10299.7219
200 198 8271.2986
18 199 34977.2648
97 199 6480.8814
102 199 2682.4034
197 200 20036.0649
198 200 8271.2986
201 200 11941.7244
197 201 3534.818
200 201 11941.7244
204 201 742.9421
107 202 1749.4752
135 202 1010.5093
206 202 1018.7449
3 203 3508.7719
145 203 3284.0722
151 203 581.7336
12 204 289.7711
201 204 742.9421
205 204 2156.5667
9 205 3097.8934
204 205 2156.5667
207 205 1545.5951
141 206 4145.937
173 206 716.8459
202 206 1018.7449
12 207 5243.8385
205 207 1545.5951
211 207 3051.5716
5 208 1177.8563
85 208 1865.3236
209 208 4095.0041
85 209 2220.2487
111 209 103.8853
208 209 4095.0041
12 210 259.2017
86 210 30275.5071
211 210 9372.0712
207 211 3051.5716
210 211 9372.0712
212 211 29455.081
162 212 919.1176
163 212 636.1323
211 212 29455.081
173 213 1171.2345
177 213 513.347
180 213 1459.4279
172 214 986.1933
174 214 2357.3786
215 214 3838.7716
94 215 4345.9365
214 215 3838.7716
216 215 1665.5563
94 216 2942.0418
95 216 831.9468
215 216 1665.5563
34 217 1172.0581
109 217 3316.7496
110 217 3933.9103
65 218 10074.5517
67 218 19241.8703
195 218 9354.537
59 219 13354.7009
67 219 5186.722
160 219 5181.3472
7 220 7490.6367
8 220 3627.1309
176 220 11661.8076
74 221 1560.5493
76 221 1034.8753
222 221 388.1988
73 222 566.2514
144 222 807.7544
221 222 388.1988
13 223 2981.5146
158 223 788.0221
224 223 7220.2166
14 224 29638.4114
15 224 407.332
223 224 7220.2166
