2 1 0.0112
3 1 0.0105
4 1 0.0118
5 1 0.011
6 1 0.0118
7 1 0.0112
8 1 0.0125
9 1 0.0185
10 1 0.0105
11 1 0.0112
12 1 0.0056
16 1 0.0097
25 1 0.0092
91 1 0.007
104 1 0.0007
147 1 0.009
182 1 0.0117
183 1 0.0118
204 1 0.0115
363 1 0.0085
392 1 0.0063
393 1 0.0124
629 1 0.0015
632 1 0.0057
1 2 0.0112
23 2 0.0078
630 2 0.0028
1 3 0.0105
25 3 0.0544
392 3 0.043
1 4 0.0118
205 4 0.0195
364 4 0.04
1 5 0.011
203 5 0.0206
393 5 0.0504
394 5 0.1455
1 6 0.0118
164 6 0.0049
177 6 0.0059
1 7 0.0112
125 7 0.0045
616 7 0.0006
617 7 0.0055
1 8 0.0125
119 8 0.0001
122 8 0.0001
123 8 0.0058
1 9 0.0185
93 9 0.0074
104 9 0.0039
1 10 0.0105
11 10 0.0037
536 10 0.0009
1 11 0.0112
10 11 0.0037
12 11 0.0151
1 12 0.0056
11 12 0.0151
13 12 0.0154
77 12 0.0018
12 13 0.0154
14 13 0.0311
76 13 0.0005
13 14 0.0311
15 14 0.0527
19 14 0.02
537 14 0.0747
14 15 0.0527
16 15 0.0333
19 15 0.0346
1 16 0.0097
15 16 0.0333
17 16 0.0043
16 17 0.0043
18 17 0.027
639 17 0.0536
17 18 0.027
19 18 0.0862
20 18 0.0164
539 18 0.0052
14 19 0.02
15 19 0.0346
18 19 0.0862
18 20 0.0164
50 20 0.0186
640 20 0.0533
22 21 0.0414
633 21 0.0337
638 21 0.1098
21 22 0.0414
23 22 0.0226
30 22 0.0078
630 22 0.0234
638 22 0.0964
2 23 0.0078
22 23 0.0226
24 23 0.0866
30 23 0.0014
23 24 0.0866
25 24 0.0229
26 24 0.0338
1 25 0.0092
3 25 0.0544
24 25 0.0229
26 25 0.0016
24 26 0.0338
25 26 0.0016
27 26 0.0089
26 27 0.0089
28 27 0.0055
430 27 0.0006
642 27 0.0039
644 27 0.0181
27 28 0.0055
242 28 0.055
392 28 0.0617
34 29 0.0023
40 29 0.0033
635 29 0.0196
639 29 0.0057
640 29 0.0038
654 29 0.0664
658 29 0.0517
22 30 0.0078
23 30 0.0014
31 30 0.0134
643 30 0.0159
30 31 0.0134
646 31 0.0497
652 31 0.0023
47 32 0.0088
646 32 0.0476
652 32 0.0485
34 33 0.0041
640 33 0.0028
641 33 0.0099
29 34 0.0023
33 34 0.0041
35 34 0.0068
34 35 0.0068
36 35 0.0052
38 35 0.0171
35 36 0.0052
70 36 0.0015
519 36 0.0207
39 37 0.005
68 37 0.0025
69 37 0.0068
519 37 0.0042
35 38 0.0171
521 38 0.0169
524 38 0.0035
37 39 0.005
42 39 0.003
520 39 0.0521
522 39 0.0337
29 40 0.0033
41 40 0.0007
525 40 0.0504
40 41 0.0007
43 41 0.0033
523 41 0.0017
39 42 0.003
41 43 0.0033
44 43 0.0038
51 43 0.0041
43 44 0.0038
45 44 0.0068
653 44 0.0418
44 45 0.0068
46 45 0.007
47 45 0.003
45 46 0.007
52 46 0.0066
55 46 0.0011
32 47 0.0088
45 47 0.003
264 47 0.004
49 48 0.0127
652 48 0.0209
653 48 0.0028
48 49 0.0127
20 50 0.0186
539 50 0.005
641 50 0.0023
43 51 0.0041
52 51 0.002
518 51 0.0023
656 51 0.001
46 52 0.0066
51 52 0.002
53 52 0.0052
54 52 0.0021
52 53 0.0052
54 53 0.0035
497 53 0.0017
52 54 0.0021
53 54 0.0035
61 54 0.0053
46 55 0.0011
56 55 0.003
58 55 0.0039
55 56 0.003
497 57 0.0079
55 58 0.0039
283 58 0.001
482 58 0.0006
544 58 0.0039
544 59 0.0025
545 59 0.0029
655 59 0.0405
655 60 0.0009
54 61 0.0053
498 61 0.0026
515 61 0.0006
496 62 0.0723
498 62 0.0144
504 62 0.0052
504 63 0.0063
509 63 0.0084
514 63 0.0421
516 63 0.0035
517 64 0.0017
509 65 0.0061
285 66 0.0007
287 66 0.0105
502 66 0.0029
285 67 0.0024
495 67 0.0068
497 67 0.001
37 68 0.0025
37 69 0.0068
36 70 0.0015
71 70 0.0004
641 70 0.0008
70 71 0.0004
657 72 0.0028
79 73 0.0016
81 73 0.0044
82 73 0.0041
83 73 0.0057
529 73 0.0027
530 73 0.0073
75 74 0.0089
537 74 0.0037
538 74 0.0014
74 75 0.0089
76 75 0.0024
535 75 0.0088
13 76 0.0005
75 76 0.0024
530 76 0.0078
12 77 0.0018
78 77 0.0015
534 77 0.0005
77 78 0.0015
79 78 0.0018
536 78 0.0012
73 79 0.0016
78 79 0.0018
533 79 0.0015
529 80 0.0139
73 81 0.0044
73 82 0.0041
73 83 0.0057
86 84 0.0059
536 84 0.0082
540 84 0.004
91 85 0.0009
98 85 0.0006
540 85 0.0333
84 86 0.0059
89 86 0.003
531 86 0.0011
540 86 0.0016
531 87 0.0015
531 88 0.0028
86 89 0.003
90 89 0.0022
97 89 0.0008
89 90 0.0022
1 91 0.007
85 91 0.0009
541 91 0.0056
93 92 0.0007
9 93 0.0074
92 93 0.0007
94 93 0.012
93 94 0.012
622 94 0.0008
624 94 0.0032
625 94 0.0131
96 95 0.0109
98 95 0.0018
542 95 0.0441
625 95 0.0081
95 96 0.0109
89 97 0.0008
99 97 0.0026
101 97 0.0015
85 98 0.0006
95 98 0.0018
99 98 0.0036
97 99 0.0026
98 99 0.0036
100 99 0.0004
99 100 0.0004
101 100 0.003
623 100 0.0045
624 100 0.0049
97 101 0.0015
100 101 0.003
102 101 0.0017
626 101 0.005
101 102 0.0017
626 103 0.0045
1 104 0.0007
9 104 0.0039
620 104 0.0144
106 105 0.0007
107 105 0.002
620 105 0.0006
105 106 0.0007
107 106 0.0056
621 106 0.0005
105 107 0.002
106 107 0.0056
108 107 0.0012
618 107 0.0004
107 108 0.0012
618 108 0.0177
619 108 0.0039
110 109 0.006
115 109 0.0022
116 109 0.0019
618 109 0.0009
109 110 0.006
111 110 0.0012
112 110 0.0047
110 111 0.0012
622 111 0.0139
623 111 0.0009
110 112 0.0047
113 112 0.0004
115 112 0.0003
112 113 0.0004
626 114 0.0003
109 115 0.0022
112 115 0.0003
116 115 0.0021
109 116 0.0019
115 116 0.0021
117 116 0.0014
120 116 0.0024
116 117 0.0014
118 117 0.0008
120 117 0.0006
117 118 0.0008
119 118 0.006
120 118 0.0009
8 119 0.0001
118 119 0.006
619 119 0.0002
116 120 0.0024
117 120 0.0006
118 120 0.0009
619 120 0.0003
122 121 0.0007
135 121 0.006
136 121 0.0003
8 122 0.0001
121 122 0.0007
131 122 0.0002
8 123 0.0058
125 124 0.0139
137 124 0.0008
144 124 0.0024
7 125 0.0045
124 125 0.0139
126 125 0.0018
125 126 0.0018
128 127 0.0007
127 128 0.0007
129 128 0.0023
132 128 0.0008
128 129 0.0023
130 129 0.002
131 129 0.0017
129 130 0.002
131 130 0.0038
133 130 0.0032
122 131 0.0002
129 131 0.0017
130 131 0.0038
128 132 0.0008
133 132 0.0161
138 132 0.0017
130 133 0.0032
132 133 0.0161
134 133 0.0012
136 133 0.0044
133 134 0.0012
121 135 0.006
121 136 0.0003
133 136 0.0044
140 136 0.0029
124 137 0.0008
132 138 0.0017
140 139 0.0036
142 139 0.0006
143 139 0.0015
136 140 0.0029
139 140 0.0036
141 140 0.004
140 141 0.004
139 142 0.0006
139 143 0.0015
144 143 0.0008
174 143 0.0005
124 144 0.0024
143 144 0.0008
145 144 0.0142
144 145 0.0142
148 145 0.0011
150 145 0.0002
147 146 0.0183
156 146 0.0177
617 146 0.0263
1 147 0.009
146 147 0.0183
162 147 0.0226
163 147 0.0292
145 148 0.0011
149 148 0.005
616 148 0.0097
148 149 0.005
151 149 0.0019
152 149 0.0006
145 150 0.0002
149 151 0.0019
152 151 0.0024
165 151 0.0007
149 152 0.0006
151 152 0.0024
165 152 0.0003
154 153 0.007
156 153 0.0084
615 153 0.0157
153 154 0.007
612 154 0.0023
614 154 0.0026
617 155 0.0014
146 156 0.0177
153 156 0.0084
159 156 0.0068
612 156 0.0016
615 156 0.0041
158 157 0.0039
613 157 0.0015
614 157 0.0087
157 158 0.0039
159 158 0.0014
167 158 0.0016
328 158 0.0008
156 159 0.0068
158 159 0.0014
160 159 0.0078
163 159 0.0031
179 159 0.0018
159 160 0.0078
161 160 0.0099
177 160 0.0126
160 161 0.0099
162 161 0.0044
164 161 0.0125
177 161 0.0056
147 162 0.0226
161 162 0.0044
163 162 0.0101
164 162 0.0244
147 163 0.0292
159 163 0.0031
162 163 0.0101
6 164 0.0049
161 164 0.0125
162 164 0.0244
177 164 0.0072
151 165 0.0007
152 165 0.0003
166 165 0.0005
165 166 0.0005
158 167 0.0016
168 167 0.0032
169 167 0.0025
170 167 0.0022
167 168 0.0032
169 168 0.0011
171 168 0.0026
172 168 0.0227
167 169 0.0025
168 169 0.0011
170 169 0.003
176 169 0.0006
611 169 0.0011
167 170 0.0022
169 170 0.003
175 170 0.0013
168 171 0.0026
172 171 0.0178
173 171 0.0022
174 171 0.0031
168 172 0.0227
171 172 0.0178
611 172 0.0051
171 173 0.0022
174 173 0.0252
611 173 0.0059
143 174 0.0005
171 174 0.0031
173 174 0.0252
170 175 0.0013
169 176 0.0006
6 177 0.0059
160 177 0.0126
161 177 0.0056
164 177 0.0072
178 177 0.0019
402 177 0.0061
177 178 0.0019
179 178 0.0037
184 178 0.0011
159 179 0.0018
178 179 0.0037
184 179 0.0005
397 180 0.0024
399 180 0.0043
402 180 0.0238
395 181 0.0014
396 181 0.0043
397 181 0.0023
1 182 0.0117
393 182 0.0448
395 182 0.0198
1 183 0.0118
178 184 0.0011
179 184 0.0005
600 184 0.0003
187 185 0.0019
189 185 0.041
399 185 0.0103
191 186 0.0014
394 186 0.0077
395 186 0.0125
185 187 0.0019
398 187 0.0169
399 187 0.0273
190 188 0.0214
398 188 0.0537
598 188 0.0023
185 189 0.041
326 189 0.0156
398 189 0.0065
188 190 0.0214
191 190 0.0071
207 190 0.1086
324 190 0.0025
598 190 0.0008
186 191 0.0014
190 191 0.0071
192 191 0.0013
191 192 0.0013
193 192 0.0035
207 192 0.0041
192 193 0.0035
194 193 0.0012
201 193 0.0004
193 194 0.0012
195 194 0.0044
197 194 0.0015
194 195 0.0044
196 195 0.0398
208 195 0.0126
403 195 0.0009
195 196 0.0398
197 196 0.0091
361 196 0.0062
194 197 0.0015
196 197 0.0091
199 197 0.0485
401 197 0.034
361 198 0.0104
400 198 0.007
401 198 0.012
197 199 0.0485
200 199 0.0042
400 199 0.0563
199 200 0.0042
201 200 0.0567
365 200 0.0137
193 201 0.0004
200 201 0.0567
202 201 0.052
201 202 0.052
203 202 0.0532
365 202 0.005
5 203 0.0206
202 203 0.0532
204 203 0.0029
1 204 0.0115
203 204 0.0029
205 204 0.0097
4 205 0.0195
204 205 0.0097
364 205 0.0042
212 206 0.0017
365 206 0.0108
366 206 0.019
190 207 0.1086
192 207 0.0041
208 207 0.004
195 208 0.0126
207 208 0.004
220 208 0.014
322 208 0.0032
325 208 0.0009
360 209 0.0899
361 209 0.0864
362 209 0.0866
359 210 0.0096
404 210 0.0431
405 210 0.0019
212 211 0.0045
214 211 0.0257
405 211 0.0102
206 212 0.0017
211 212 0.0045
236 212 0.0231
214 213 0.0217
216 213 0.0133
360 213 0.0051
211 214 0.0257
213 214 0.0217
215 214 0.0212
214 215 0.0212
221 215 0.0057
406 215 0.0285
407 215 0.0068
213 216 0.0133
217 216 0.0118
223 216 0.0113
412 216 0.0102
216 217 0.0118
218 217 0.0104
223 217 0.0286
411 217 0.0349
217 218 0.0104
219 218 0.0077
317 218 0.0079
410 218 0.0046
218 219 0.0077
220 219 0.0086
323 219 0.0012
403 219 0.0034
208 220 0.014
219 220 0.0086
403 220 0.0028
215 221 0.0057
222 221 0.018
223 221 0.0159
226 221 0.0188
228 221 0.0041
281 221 0.0041
294 221 0.0138
308 221 0.0023
310 221 0.0023
312 221 0.014
571 221 0.007
221 222 0.018
225 222 0.0015
406 222 0.0162
216 223 0.0113
217 223 0.0286
221 223 0.0159
225 224 0.002
406 224 0.0374
407 224 0.0081
222 225 0.0015
224 225 0.002
408 225 0.0051
409 225 0.0015
221 226 0.0188
227 226 0.0168
229 226 0.0198
226 227 0.0168
228 227 0.0051
229 227 0.0099
230 227 0.0034
221 228 0.0041
227 228 0.0051
256 228 0.0011
226 229 0.0198
227 229 0.0099
230 229 0.0071
231 229 0.0171
234 229 0.0108
227 230 0.0034
229 230 0.0071
233 230 0.0134
229 231 0.0171
232 231 0.0125
382 231 0.0059
231 232 0.0125
233 232 0.0091
237 232 0.0367
253 232 0.0065
380 232 0.0969
230 233 0.0134
232 233 0.0091
254 233 0.0096
229 234 0.0108
375 234 0.0488
376 234 0.0044
381 234 0.007
409 234 0.0069
236 235 0.0719
372 235 0.0089
377 235 0.031
212 236 0.0231
235 236 0.0719
367 236 0.137
232 237 0.0367
239 237 0.0164
414 237 0.0096
373 238 0.0073
384 238 0.1243
414 238 0.0935
237 239 0.0164
415 239 0.0055
417 239 0.0117
246 240 0.0172
249 240 0.0164
385 240 0.0173
415 240 0.1822
243 241 0.0006
244 241 0.0019
371 241 0.0005
383 241 0.0061
28 242 0.055
262 242 0.0275
389 242 0.0053
390 242 0.141
241 243 0.0006
386 243 0.0268
387 243 0.0062
241 244 0.0019
387 244 0.0039
389 244 0.0339
246 245 0.0037
247 245 0.0128
387 245 0.0469
240 246 0.0172
245 246 0.0037
247 246 0.03
248 246 0.0057
245 247 0.0128
246 247 0.03
248 247 0.0119
246 248 0.0057
247 248 0.0119
249 248 0.0034
250 248 0.0684
240 249 0.0164
248 249 0.0034
415 249 0.0101
248 250 0.0684
251 250 0.0206
252 250 0.0189
250 251 0.0206
419 251 0.0164
425 251 0.0104
250 252 0.0189
424 252 0.043
430 252 0.0133
232 253 0.0065
254 253 0.0229
416 253 0.015
233 254 0.0096
253 254 0.0229
255 254 0.0068
254 255 0.0068
256 255 0.0112
260 255 0.0044
228 256 0.0011
255 256 0.0112
436 256 0.0068
258 257 0.0706
260 257 0.0122
416 257 0.0197
423 257 0.0144
257 258 0.0706
417 258 0.0245
418 258 0.0699
421 258 0.0474
418 259 0.0332
419 259 0.0332
420 259 0.0576
255 260 0.0044
257 260 0.0122
261 260 0.0767
436 260 0.0013
260 261 0.0767
423 261 0.0449
432 261 0.0461
434 261 0.0508
435 261 0.1226
242 262 0.0275
363 262 0.0548
391 262 0.0336
363 263 0.0019
368 263 0.0031
370 263 0.0174
391 263 0.0138
47 264 0.004
545 264 0.0125
546 264 0.0016
422 265 0.0824
431 265 0.0528
434 265 0.0341
282 266 0.0689
420 266 0.0281
427 266 0.0133
431 266 0.1247
268 267 0.0042
270 267 0.0066
425 267 0.0059
426 267 0.0286
428 267 0.0041
267 268 0.0042
424 268 0.0014
439 268 0.0044
441 269 0.0332
442 269 0.0107
481 269 0.0038
267 270 0.0066
271 270 0.0255
440 270 0.0054
270 271 0.0255
272 271 0.0598
282 271 0.0374
442 271 0.1741
271 272 0.0598
428 272 0.0116
437 272 0.0433
429 273 0.0077
644 273 0.0137
651 273 0.039
443 274 0.0301
464 274 0.1454
465 274 0.007
467 274 0.0106
543 274 0.0191
282 275 0.0735
449 275 0.0436
543 275 0.0616
277 276 0.037
451 276 0.016
453 276 0.0037
276 277 0.037
447 277 0.0334
448 277 0.0047
444 278 0.017
445 278 0.0097
448 278 0.0028
459 278 0.0037
435 279 0.0097
446 279 0.0198
455 279 0.0189
445 280 0.0033
446 280 0.0023
455 280 0.0045
456 280 0.0257
221 281 0.0041
436 281 0.0014
455 281 0.0046
266 282 0.0689
271 282 0.0374
275 282 0.0735
431 282 0.0654
433 282 0.0932
437 282 0.1238
443 282 0.0384
58 283 0.001
285 283 0.0033
483 283 0.0036
485 283 0.0031
484 284 0.002
485 284 0.0279
486 284 0.0263
66 285 0.0007
67 285 0.0024
283 285 0.0033
490 285 0.0019
287 286 0.0044
66 287 0.0105
286 287 0.0044
489 287 0.0089
289 288 0.0127
469 288 0.0029
470 288 0.0113
288 289 0.0127
452 289 0.0083
454 289 0.0013
466 290 0.0014
477 290 0.0012
478 290 0.0013
484 290 0.0026
305 291 0.0023
484 291 0.0011
548 291 0.0014
295 292 0.0004
302 292 0.0024
472 292 0.016
457 293 0.0062
458 293 0.0061
480 293 0.0039
568 293 0.0015
221 294 0.0138
297 294 0.0058
568 294 0.0034
292 295 0.0004
479 295 0.0013
565 295 0.0007
306 296 0.0032
308 296 0.0031
565 296 0.0024
294 297 0.0058
567 297 0.0027
568 297 0.0034
300 298 0.0008
302 298 0.0077
564 298 0.0041
306 299 0.006
558 299 0.0051
562 299 0.0006
298 300 0.0008
301 300 0.0007
358 300 0.0004
300 301 0.0007
559 301 0.0088
560 301 0.0008
292 302 0.0024
298 302 0.0077
556 302 0.0042
486 303 0.0021
550 303 0.0039
553 303 0.0017
487 304 0.0033
291 305 0.0023
549 305 0.0078
551 305 0.0011
296 306 0.0032
299 306 0.006
307 306 0.0061
563 306 0.0031
306 307 0.0061
221 308 0.0023
296 308 0.0031
567 308 0.0017
310 309 0.002
221 310 0.0023
309 310 0.002
314 310 0.0006
315 311 0.0047
319 311 0.0023
573 311 0.0056
221 312 0.014
571 312 0.0278
574 312 0.0044
562 313 0.0003
310 314 0.0006
575 314 0.0005
579 314 0.0006
311 315 0.0047
572 315 0.0011
577 315 0.0017
576 316 0.0392
583 316 0.0337
587 316 0.0029
218 317 0.0079
318 317 0.0024
319 317 0.0014
317 318 0.0024
320 318 0.0009
586 318 0.004
311 319 0.0023
317 319 0.0014
585 319 0.0007
318 320 0.0009
321 320 0.0096
585 320 0.0013
587 320 0.0025
320 321 0.0096
322 321 0.0074
587 321 0.0068
208 322 0.0032
321 322 0.0074
335 322 0.0118
338 322 0.0008
219 323 0.0012
190 324 0.0025
325 324 0.0004
331 324 0.0147
596 324 0.005
208 325 0.0009
324 325 0.0004
333 325 0.0017
189 326 0.0156
327 326 0.0008
602 326 0.002
326 327 0.0008
330 327 0.0003
598 327 0.0008
158 328 0.0008
346 329 0.0003
605 329 0.0009
606 329 0.0013
327 330 0.0003
339 330 0.0052
606 330 0.0141
324 331 0.0147
597 331 0.0132
599 331 0.0023
333 332 0.0059
334 332 0.002
354 332 0.0099
596 332 0.0066
325 333 0.0017
332 333 0.0059
336 333 0.0013
596 333 0.0021
332 334 0.002
343 334 0.0006
597 334 0.0052
322 335 0.0118
337 335 0.0102
355 335 0.0011
333 336 0.0013
335 337 0.0102
591 337 0.0134
592 337 0.0007
322 338 0.0008
583 338 0.0115
584 338 0.0391
330 339 0.0052
340 339 0.003
341 339 0.0013
339 340 0.003
341 340 0.0026
344 340 0.0002
339 341 0.0013
340 341 0.0026
342 341 0.0033
343 341 0.014
341 342 0.0033
334 343 0.0006
341 343 0.014
345 343 0.0024
340 344 0.0002
345 344 0.0025
348 344 0.0009
343 345 0.0024
344 345 0.0025
350 345 0.0002
329 346 0.0003
347 346 0.0003
609 346 0.0005
346 347 0.0003
344 348 0.0009
349 348 0.0002
610 348 0.0004
348 349 0.0002
345 350 0.0002
356 351 0.0066
584 351 0.0067
588 351 0.002
357 352 0.0002
589 352 0.0044
594 352 0.002
593 353 0.0006
332 354 0.0099
335 355 0.0011
351 356 0.0066
569 356 0.0156
581 356 0.0173
352 357 0.0002
300 358 0.0004
210 359 0.0096
360 359 0.0702
404 359 0.0024
405 359 0.0015
209 360 0.0899
213 360 0.0051
359 360 0.0702
196 361 0.0062
198 361 0.0104
209 361 0.0864
209 362 0.0866
410 362 0.0404
412 362 0.1003
1 363 0.0085
262 363 0.0548
263 363 0.0019
4 364 0.04
205 364 0.0042
366 364 0.0171
200 365 0.0137
202 365 0.005
206 365 0.0108
404 365 0.0073
206 366 0.019
364 366 0.0171
367 366 0.0045
236 367 0.137
366 367 0.0045
368 367 0.0309
263 368 0.0031
367 368 0.0309
377 368 0.0081
370 369 0.0799
263 370 0.0174
369 370 0.0799
371 370 0.0071
241 371 0.0005
370 371 0.0071
390 371 0.0049
235 372 0.0089
374 372 0.0045
376 372 0.0097
238 373 0.0073
378 373 0.0045
413 373 0.1359
372 374 0.0045
375 374 0.0069
376 374 0.0511
413 374 0.0495
234 375 0.0488
374 375 0.0069
381 375 0.005
234 376 0.0044
372 376 0.0097
374 376 0.0511
235 377 0.031
368 377 0.0081
413 377 0.0931
373 378 0.0045
380 379 0.0339
232 380 0.0969
379 380 0.0339
381 380 0.0041
382 380 0.0018
234 381 0.007
375 381 0.005
380 381 0.0041
382 381 0.0107
231 382 0.0059
380 382 0.0018
381 382 0.0107
241 383 0.0061
384 383 0.0497
386 383 0.0246
238 384 0.1243
383 384 0.0497
385 384 0.2301
240 385 0.0173
384 385 0.2301
386 385 0.0138
243 386 0.0268
383 386 0.0246
385 386 0.0138
243 387 0.0062
244 387 0.0039
245 387 0.0469
389 388 0.0015
242 389 0.0053
244 389 0.0339
388 389 0.0015
242 390 0.141
371 390 0.0049
391 390 0.027
262 391 0.0336
263 391 0.0138
390 391 0.027
1 392 0.0063
3 392 0.043
28 392 0.0617
1 393 0.0124
5 393 0.0504
182 393 0.0448
394 393 0.0134
5 394 0.1455
186 394 0.0077
393 394 0.0134
181 395 0.0014
182 395 0.0198
186 395 0.0125
181 396 0.0043
180 397 0.0024
181 397 0.0023
402 397 0.0025
187 398 0.0169
188 398 0.0537
189 398 0.0065
180 399 0.0043
185 399 0.0103
187 399 0.0273
198 400 0.007
199 400 0.0563
401 400 0.0918
197 401 0.034
198 401 0.012
400 401 0.0918
177 402 0.0061
180 402 0.0238
397 402 0.0025
195 403 0.0009
219 403 0.0034
220 403 0.0028
210 404 0.0431
359 404 0.0024
365 404 0.0073
210 405 0.0019
211 405 0.0102
359 405 0.0015
215 406 0.0285
222 406 0.0162
224 406 0.0374
215 407 0.0068
224 407 0.0081
408 407 0.0222
225 408 0.0051
407 408 0.0222
409 408 0.0014
225 409 0.0015
234 409 0.0069
408 409 0.0014
218 410 0.0046
362 410 0.0404
411 410 0.0193
217 411 0.0349
410 411 0.0193
412 411 0.0187
216 412 0.0102
362 412 0.1003
411 412 0.0187
373 413 0.1359
374 413 0.0495
377 413 0.0931
237 414 0.0096
238 414 0.0935
415 414 0.0035
239 415 0.0055
240 415 0.1822
249 415 0.0101
414 415 0.0035
253 416 0.015
257 416 0.0197
417 416 0.0296
239 417 0.0117
258 417 0.0245
416 417 0.0296
418 417 0.0191
258 418 0.0699
259 418 0.0332
417 418 0.0191
251 419 0.0164
259 419 0.0332
420 419 0.0163
259 420 0.0576
266 420 0.0281
419 420 0.0163
421 420 0.0443
258 421 0.0474
420 421 0.0443
422 421 0.1639
265 422 0.0824
421 422 0.1639
423 422 0.0112
257 423 0.0144
261 423 0.0449
422 423 0.0112
434 423 0.0978
252 424 0.043
268 424 0.0014
426 424 0.0012
251 425 0.0104
267 425 0.0059
426 425 0.0107
427 425 0.0016
267 426 0.0286
424 426 0.0012
425 426 0.0107
266 427 0.0133
425 427 0.0016
428 427 0.0002
267 428 0.0041
272 428 0.0116
427 428 0.0002
273 429 0.0077
430 429 0.0613
438 429 0.0046
27 430 0.0006
252 430 0.0133
429 430 0.0613
265 431 0.0528
266 431 0.1247
282 431 0.0654
432 431 0.2079
261 432 0.0461
431 432 0.2079
433 432 0.1671
434 432 0.0585
435 432 0.0407
444 432 0.0043
282 433 0.0932
432 433 0.1671
447 433 0.0067
261 434 0.0508
265 434 0.0341
423 434 0.0978
432 434 0.0585
261 435 0.1226
279 435 0.0097
432 435 0.0407
256 436 0.0068
260 436 0.0013
281 436 0.0014
272 437 0.0433
282 437 0.1238
442 437 0.0389
429 438 0.0046
268 439 0.0044
440 439 0.0267
441 439 0.049
270 440 0.0054
439 440 0.0267
441 440 0.113
442 440 0.0073
269 441 0.0332
439 441 0.049
440 441 0.113
269 442 0.0107
271 442 0.1741
437 442 0.0389
440 442 0.0073
443 442 0.0713
274 443 0.0301
282 443 0.0384
442 443 0.0713
278 444 0.017
432 444 0.0043
445 444 0.0106
448 444 0.0082
278 445 0.0097
280 445 0.0033
444 445 0.0106
446 445 0.0059
279 446 0.0198
280 446 0.0023
445 446 0.0059
277 447 0.0334
433 447 0.0067
449 447 0.0087
277 448 0.0047
278 448 0.0028
444 448 0.0082
275 449 0.0436
447 449 0.0087
450 449 0.0135
467 449 0.01
543 449 0.0443
449 450 0.0135
451 450 0.002
467 450 0.0035
276 451 0.016
450 451 0.002
452 451 0.007
469 451 0.0025
289 452 0.0083
451 452 0.007
453 452 0.0056
276 453 0.0037
452 453 0.0056
454 453 0.0025
289 454 0.0013
453 454 0.0025
460 454 0.0017
279 455 0.0189
280 455 0.0045
281 455 0.0046
280 456 0.0257
457 456 0.028
463 456 0.0014
293 457 0.0062
456 457 0.028
458 457 0.0049
293 458 0.0061
457 458 0.0049
459 458 0.0011
278 459 0.0037
458 459 0.0011
460 459 0.0039
461 459 0.0039
454 460 0.0017
459 460 0.0039
461 460 0.0032
459 461 0.0039
460 461 0.0032
462 461 0.0012
479 461 0.0007
461 462 0.0012
456 463 0.0014
274 464 0.1454
465 464 0.0115
481 464 0.0058
274 465 0.007
464 465 0.0115
466 465 0.022
467 465 0.0039
290 466 0.0014
465 466 0.022
468 466 0.0048
274 467 0.0106
449 467 0.01
450 467 0.0035
465 467 0.0039
466 468 0.0048
469 468 0.0113
478 468 0.0017
288 469 0.0029
451 469 0.0025
468 469 0.0113
288 470 0.0113
471 470 0.0063
476 470 0.0016
470 471 0.0063
472 471 0.0016
475 471 0.0013
292 472 0.016
471 472 0.0016
473 472 0.0067
474 472 0.0037
472 473 0.0067
474 473 0.0036
555 473 0.0006
472 474 0.0037
473 474 0.0036
475 474 0.0024
471 475 0.0013
474 475 0.0024
476 475 0.0046
470 476 0.0016
475 476 0.0046
477 476 0.0212
290 477 0.0012
476 477 0.0212
478 477 0.003
290 478 0.0013
468 478 0.0017
477 478 0.003
295 479 0.0013
461 479 0.0007
480 479 0.0146
293 480 0.0039
479 480 0.0146
567 480 0.0015
269 481 0.0038
464 481 0.0058
482 481 0.0149
484 481 0.0897
58 482 0.0006
481 482 0.0149
483 482 0.0015
283 483 0.0036
482 483 0.0015
485 483 0.0025
284 484 0.002
290 484 0.0026
291 484 0.0011
481 484 0.0897
283 485 0.0031
284 485 0.0279
483 485 0.0025
284 486 0.0263
303 486 0.0021
487 486 0.0075
304 487 0.0033
486 487 0.0075
488 487 0.0306
487 488 0.0306
491 488 0.0039
494 488 0.001
287 489 0.0089
285 490 0.0019
488 491 0.0039
492 491 0.0033
493 491 0.0019
491 492 0.0033
491 493 0.0019
488 494 0.001
67 495 0.0068
62 496 0.0723
500 496 0.0287
505 496 0.004
53 497 0.0017
57 497 0.0079
67 497 0.001
61 498 0.0026
62 498 0.0144
499 498 0.0019
498 499 0.0019
500 499 0.036
502 499 0.0561
496 500 0.0287
499 500 0.036
501 500 0.0093
500 501 0.0093
66 502 0.0029
499 502 0.0561
503 502 0.0073
502 503 0.0073
62 504 0.0052
63 504 0.0063
505 504 0.0407
496 505 0.004
504 505 0.0407
507 505 0.0266
508 505 0.0246
514 506 0.0238
515 506 0.0016
516 506 0.0025
505 507 0.0266
505 508 0.0246
63 509 0.0084
65 509 0.0061
510 509 0.0067
509 510 0.0067
511 510 0.0258
517 510 0.0177
510 511 0.0258
512 511 0.0212
517 511 0.0093
511 512 0.0212
513 512 0.0027
514 512 0.0061
512 513 0.0027
63 514 0.0421
506 514 0.0238
512 514 0.0061
61 515 0.0006
506 515 0.0016
516 515 0.011
63 516 0.0035
506 516 0.0025
515 516 0.011
64 517 0.0017
510 517 0.0177
511 517 0.0093
51 518 0.0023
36 519 0.0207
37 519 0.0042
520 519 0.0061
39 520 0.0521
519 520 0.0061
521 520 0.0777
38 521 0.0169
520 521 0.0777
522 521 0.0929
524 521 0.045
39 522 0.0337
521 522 0.0929
523 522 0.0873
41 523 0.0017
522 523 0.0873
524 523 0.0848
38 524 0.0035
521 524 0.045
523 524 0.0848
40 525 0.0504
527 526 0.0071
528 526 0.0087
657 526 0.0017
526 527 0.0071
526 528 0.0087
73 529 0.0027
80 529 0.0139
657 529 0.0091
73 530 0.0073
76 530 0.0078
532 530 0.003
86 531 0.0011
87 531 0.0015
88 531 0.0028
530 532 0.003
533 532 0.0073
534 532 0.0028
79 533 0.0015
532 533 0.0073
534 533 0.0063
77 534 0.0005
532 534 0.0028
533 534 0.0063
75 535 0.0088
10 536 0.0009
78 536 0.0012
84 536 0.0082
14 537 0.0747
74 537 0.0037
538 537 0.0025
74 538 0.0014
537 538 0.0025
539 538 0.0051
18 539 0.0052
50 539 0.005
538 539 0.0051
84 540 0.004
85 540 0.0333
86 540 0.0016
91 541 0.0056
95 542 0.0441
274 543 0.0191
275 543 0.0616
449 543 0.0443
58 544 0.0039
59 544 0.0025
547 544 0.0054
59 545 0.0029
264 545 0.0125
546 545 0.0014
264 546 0.0016
545 546 0.0014
655 546 0.0109
544 547 0.0054
291 548 0.0014
305 549 0.0078
303 550 0.0039
551 550 0.0009
553 550 0.007
305 551 0.0011
550 551 0.0009
552 551 0.0094
551 552 0.0094
303 553 0.0017
550 553 0.007
554 553 0.0013
553 554 0.0013
473 555 0.0006
302 556 0.0042
557 556 0.0094
566 556 0.0016
556 557 0.0094
558 557 0.0123
566 557 0.0024
299 558 0.0051
557 558 0.0123
563 558 0.0039
301 559 0.0088
561 559 0.0009
562 559 0.0023
301 560 0.0008
559 561 0.0009
299 562 0.0006
313 562 0.0003
559 562 0.0023
306 563 0.0031
558 563 0.0039
565 563 0.0015
298 564 0.0041
295 565 0.0007
296 565 0.0024
563 565 0.0015
566 565 0.0016
556 566 0.0016
557 566 0.0024
565 566 0.0016
297 567 0.0027
308 567 0.0017
480 567 0.0015
293 568 0.0015
294 568 0.0034
297 568 0.0034
356 569 0.0156
570 569 0.0006
581 569 0.0172
582 569 0.0014
569 570 0.0006
221 571 0.007
312 571 0.0278
572 571 0.0097
315 572 0.0011
571 572 0.0097
573 572 0.0161
574 572 0.0063
311 573 0.0056
572 573 0.0161
574 573 0.0078
312 574 0.0044
572 574 0.0063
573 574 0.0078
314 575 0.0005
316 576 0.0392
577 576 0.0087
585 576 0.0165
315 577 0.0017
576 577 0.0087
578 577 0.0071
577 578 0.0071
579 578 0.0042
580 578 0.0024
314 579 0.0006
578 579 0.0042
581 579 0.0008
578 580 0.0024
356 581 0.0173
569 581 0.0172
579 581 0.0008
569 582 0.0014
316 583 0.0337
338 583 0.0115
584 583 0.0035
338 584 0.0391
351 584 0.0067
583 584 0.0035
319 585 0.0007
320 585 0.0013
576 585 0.0165
318 586 0.004
316 587 0.0029
320 587 0.0025
321 587 0.0068
351 588 0.002
589 588 0.0008
590 588 0.001
352 589 0.0044
588 589 0.0008
590 589 0.0013
588 590 0.001
589 590 0.0013
595 590 0.0006
337 591 0.0134
337 592 0.0007
593 592 0.004
595 592 0.0045
353 593 0.0006
592 593 0.004
594 593 0.0027
352 594 0.002
593 594 0.0027
595 594 0.0067
590 595 0.0006
592 595 0.0045
594 595 0.0067
324 596 0.005
332 596 0.0066
333 596 0.0021
597 596 0.0012
331 597 0.0132
334 597 0.0052
596 597 0.0012
188 598 0.0023
190 598 0.0008
327 598 0.0008
331 599 0.0023
184 600 0.0003
602 600 0.001
608 600 0.0012
602 601 0.0018
326 602 0.002
600 602 0.001
601 602 0.0018
607 602 0.0039
604 603 0.0014
605 603 0.0014
607 603 0.0174
603 604 0.0014
329 605 0.0009
603 605 0.0014
606 605 0.0027
329 606 0.0013
330 606 0.0141
605 606 0.0027
607 606 0.0089
602 607 0.0039
603 607 0.0174
606 607 0.0089
600 608 0.0012
346 609 0.0005
348 610 0.0004
169 611 0.0011
172 611 0.0051
173 611 0.0059
154 612 0.0023
156 612 0.0016
613 612 0.0007
157 613 0.0015
612 613 0.0007
614 613 0.0015
154 614 0.0026
157 614 0.0087
613 614 0.0015
153 615 0.0157
156 615 0.0041
616 615 0.0004
7 616 0.0006
148 616 0.0097
615 616 0.0004
7 617 0.0055
146 617 0.0263
155 617 0.0014
107 618 0.0004
108 618 0.0177
109 618 0.0009
619 618 0.0267
108 619 0.0039
119 619 0.0002
120 619 0.0003
618 619 0.0267
104 620 0.0144
105 620 0.0006
621 620 0.0002
106 621 0.0005
620 621 0.0002
622 621 0.011
94 622 0.0008
111 622 0.0139
621 622 0.011
623 622 0.0504
100 623 0.0045
111 623 0.0009
622 623 0.0504
624 623 0.0005
94 624 0.0032
100 624 0.0049
623 624 0.0005
625 624 0.013
94 625 0.0131
95 625 0.0081
624 625 0.013
101 626 0.005
103 626 0.0045
114 626 0.0003
628 627 0.0147
627 628 0.0147
629 628 0.0027
631 628 0.0056
1 629 0.0015
628 629 0.0027
632 629 0.0074
2 630 0.0028
22 630 0.0234
631 630 0.007
628 631 0.0056
630 631 0.007
632 631 0.0237
1 632 0.0057
629 632 0.0074
631 632 0.0237
21 633 0.0337
634 633 0.0045
639 633 0.02
633 634 0.0045
635 634 0.0407
638 634 0.0141
29 635 0.0196
634 635 0.0407
636 635 0.006
635 636 0.006
637 636 0.0032
654 636 0.0109
636 637 0.0032
21 638 0.1098
22 638 0.0964
634 638 0.0141
17 639 0.0536
29 639 0.0057
633 639 0.02
20 640 0.0533
29 640 0.0038
33 640 0.0028
33 641 0.0099
50 641 0.0023
70 641 0.0008
27 642 0.0039
643 642 0.0056
647 642 0.0023
30 643 0.0159
642 643 0.0056
648 643 0.0228
649 643 0.0431
27 644 0.0181
273 644 0.0137
647 644 0.0036
646 645 0.0046
649 645 0.0026
651 645 0.0076
31 646 0.0497
32 646 0.0476
645 646 0.0046
642 647 0.0023
644 647 0.0036
650 647 0.0067
643 648 0.0228
643 649 0.0431
645 649 0.0026
650 649 0.0094
647 650 0.0067
649 650 0.0094
651 650 0.0296
273 651 0.039
645 651 0.0076
650 651 0.0296
31 652 0.0023
32 652 0.0485
48 652 0.0209
44 653 0.0418
48 653 0.0028
654 653 0.0048
29 654 0.0664
636 654 0.0109
653 654 0.0048
59 655 0.0405
60 655 0.0009
546 655 0.0109
51 656 0.001
72 657 0.0028
526 657 0.0017
529 657 0.0091
29 658 0.0517
