2 1 0.0129
3 1 0.0176
4 1 0.0133
5 1 0.0173
6 1 0.0127
7 1 0.0149
8 1 0.0162
9 1 0.015
10 1 0.0123
11 1 0.0133
12 1 0.0151
15 1 0.0032
16 1 0.0046
30 1 0.0032
32 1 0.0037
33 1 0.005
95 1 0.0035
105 1 0.0058
106 1 0.0059
1 2 0.0129
13 2 0.0033
14 2 0.0042
95 2 0.0073
1 3 0.0176
19 3 0.0033
20 3 0.003
22 3 0.0122
30 3 0.0044
1 4 0.0133
35 4 0.003
37 4 0.0442
46 4 0.0059
1 5 0.0173
47 5 0.005
49 5 0.0041
51 5 0.005
246 5 0.0014
1 6 0.0127
7 6 0.0076
53 6 0.0048
55 6 0.0316
218 6 0.0036
1 7 0.0149
6 7 0.0076
8 7 0.0092
60 7 0.0218
1 8 0.0162
7 8 0.0092
64 8 0.0076
1 9 0.015
65 9 0.007
66 9 0.0105
1 10 0.0123
67 10 0.062
83 10 0.0175
92 10 0.0018
1 11 0.0133
93 11 0.014
94 11 0.0106
1 12 0.0151
96 12 0.0362
104 12 0.0035
2 13 0.0033
350 13 0.0087
351 13 0.0065
354 13 0.0087
355 13 0.0059
2 14 0.0042
1 15 0.0032
1 16 0.0046
17 16 0.006
19 16 0.0034
16 17 0.006
18 17 0.0062
371 17 0.0026
17 18 0.0062
3 19 0.0033
16 19 0.0034
20 19 0.0047
3 20 0.003
19 20 0.0047
21 20 0.0062
20 21 0.0062
3 22 0.0122
23 22 0.0034
25 22 0.0113
22 23 0.0034
24 23 0.0107
370 23 0.0025
23 24 0.0107
22 25 0.0113
26 25 0.0076
29 25 0.0032
25 26 0.0076
27 26 0.0168
28 26 0.0103
26 27 0.0168
26 28 0.0103
25 29 0.0032
1 30 0.0032
3 30 0.0044
31 30 0.0048
30 31 0.0048
1 32 0.0037
1 33 0.005
34 33 0.0029
372 33 0.0009
33 34 0.0029
4 35 0.003
36 35 0.0056
373 35 0.0013
35 36 0.0056
4 37 0.0442
40 37 0.0124
261 37 0.006
263 37 0.0025
39 38 0.0018
40 38 0.0424
377 38 0.0018
38 39 0.0018
37 40 0.0124
38 40 0.0424
41 40 0.0245
40 41 0.0245
42 41 0.0152
44 41 0.0111
41 42 0.0152
43 42 0.0069
374 42 0.0013
42 43 0.0069
378 43 0.0031
404 43 0.0118
41 44 0.0111
45 44 0.0098
261 44 0.0105
44 45 0.0098
400 45 0.0137
404 45 0.0148
4 46 0.0059
5 47 0.005
48 47 0.0046
50 47 0.0113
47 48 0.0046
264 48 0.0039
265 48 0.0112
5 49 0.0041
52 49 0.0034
267 49 0.0019
47 50 0.0113
266 50 0.0027
381 50 0.0022
5 51 0.005
49 52 0.0034
6 53 0.0048
54 53 0.0045
228 53 0.0025
53 54 0.0045
241 54 0.0054
244 54 0.023
245 54 0.0149
6 55 0.0316
56 55 0.0036
59 55 0.0041
178 55 0.0029
55 56 0.0036
57 56 0.0162
58 56 0.0265
56 57 0.0162
184 57 0.0492
187 57 0.0139
56 58 0.0265
55 59 0.0041
7 60 0.0218
61 60 0.0044
63 60 0.0028
60 61 0.0044
62 61 0.0116
176 61 0.0088
61 62 0.0116
60 63 0.0028
69 63 0.0035
162 63 0.0023
171 63 0.0206
8 64 0.0076
9 65 0.007
9 66 0.0105
10 67 0.062
68 67 0.062
80 67 0.0294
67 68 0.062
69 68 0.0305
77 68 0.014
63 69 0.0035
68 69 0.0305
70 69 0.0294
69 70 0.0294
71 70 0.0063
72 70 0.02
70 71 0.0063
160 71 0.0082
162 71 0.0031
70 72 0.02
73 72 0.0049
74 72 0.003
72 73 0.0049
75 73 0.0036
76 73 0.0059
72 74 0.003
109 74 0.022
110 74 0.0115
160 74 0.0397
73 75 0.0036
73 76 0.0059
107 76 0.0113
109 76 0.0063
159 76 0.0031
68 77 0.014
78 77 0.0056
79 77 0.0312
77 78 0.0056
79 78 0.0044
108 78 0.0164
77 79 0.0312
78 79 0.0044
80 79 0.0546
67 80 0.0294
79 80 0.0546
81 80 0.0146
80 81 0.0146
82 81 0.0085
107 81 0.0019
81 82 0.0085
111 82 0.0057
127 82 0.0035
10 83 0.0175
84 83 0.0153
85 83 0.0426
83 84 0.0153
88 84 0.0161
91 84 0.0038
83 85 0.0426
86 85 0.0482
143 85 0.0036
85 86 0.0482
87 86 0.005
88 86 0.013
86 87 0.005
141 87 0.0166
142 87 0.0173
84 88 0.0161
86 88 0.013
89 88 0.0061
90 88 0.0035
88 89 0.0061
88 90 0.0035
91 90 0.0054
270 90 0.0227
304 90 0.0011
84 91 0.0038
90 91 0.0054
92 91 0.0039
10 92 0.0018
91 92 0.0039
305 92 0.0027
308 92 0.0032
11 93 0.014
11 94 0.0106
1 95 0.0035
2 95 0.0073
97 95 0.0066
339 95 0.0028
12 96 0.0362
97 96 0.0059
99 96 0.0201
95 97 0.0066
96 97 0.0059
98 97 0.0357
97 98 0.0357
100 98 0.0084
338 98 0.0025
96 99 0.0201
100 99 0.0035
101 99 0.0075
98 100 0.0084
99 100 0.0035
329 100 0.0101
99 101 0.0075
102 101 0.0064
103 101 0.0071
104 101 0.0036
101 102 0.0064
312 102 0.0073
324 102 0.0061
101 103 0.0071
12 104 0.0035
101 104 0.0036
309 104 0.0023
1 105 0.0058
1 106 0.0059
76 107 0.0113
81 107 0.0019
144 107 0.0012
145 107 0.0032
78 108 0.0164
74 109 0.022
76 109 0.0063
110 109 0.0231
159 109 0.0052
74 110 0.0115
109 110 0.0231
154 110 0.0037
82 111 0.0057
112 111 0.0023
127 111 0.0233
111 112 0.0023
113 112 0.0018
114 112 0.0078
112 113 0.0018
112 114 0.0078
115 114 0.0017
120 114 0.0008
114 115 0.0017
116 115 0.0004
119 115 0.0002
115 116 0.0004
117 116 0.0016
118 116 0.0016
116 117 0.0016
116 118 0.0016
115 119 0.0002
114 120 0.0008
121 120 0.0003
122 120 0.0077
120 121 0.0003
125 121 0.0016
126 121 0.0
120 122 0.0077
123 122 0.0073
124 122 0.0005
122 123 0.0073
122 124 0.0005
121 125 0.0016
121 126 0.0
82 127 0.0035
111 127 0.0233
128 127 0.0015
127 128 0.0015
129 128 0.0008
132 128 0.0024
128 129 0.0008
130 129 0.0014
131 129 0.0028
129 130 0.0014
129 131 0.0028
128 132 0.0024
133 132 0.0005
134 132 0.0014
132 133 0.0005
132 134 0.0014
135 134 0.0001
136 134 0.0018
134 135 0.0001
134 136 0.0018
137 136 0.0006
138 136 0.0034
136 137 0.0006
136 138 0.0034
139 138 0.0006
151 138 0.0004
138 139 0.0006
140 139 0.0026
152 139 0.0039
153 139 0.0037
139 140 0.0026
87 141 0.0166
87 142 0.0173
85 143 0.0036
107 144 0.0012
107 145 0.0032
146 145 0.0063
147 145 0.0034
145 146 0.0063
147 146 0.0044
148 146 0.0072
145 147 0.0034
146 147 0.0044
148 147 0.0052
149 147 0.0017
146 148 0.0072
147 148 0.0052
149 148 0.005
147 149 0.0017
148 149 0.005
150 149 0.0024
149 150 0.0024
138 151 0.0004
152 151 0.0035
159 151 0.0071
139 152 0.0039
151 152 0.0035
153 152 0.0097
139 153 0.0037
152 153 0.0097
155 153 0.0013
110 154 0.0037
155 154 0.0081
158 154 0.0003
153 155 0.0013
154 155 0.0081
156 155 0.001
157 155 0.0008
155 156 0.001
155 157 0.0008
154 158 0.0003
76 159 0.0031
109 159 0.0052
151 159 0.0071
71 160 0.0082
74 160 0.0397
161 160 0.0415
160 161 0.0415
63 162 0.0023
71 162 0.0031
163 162 0.0026
162 163 0.0026
164 163 0.0019
165 163 0.0011
166 163 0.0029
169 163 0.001
163 164 0.0019
163 165 0.0011
163 166 0.0029
167 166 0.0025
170 166 0.006
166 167 0.0025
168 167 0.0017
170 167 0.0037
167 168 0.0017
169 168 0.0064
170 168 0.0056
163 169 0.001
168 169 0.0064
172 169 0.0021
166 170 0.006
167 170 0.0037
168 170 0.0056
63 171 0.0206
172 171 0.0172
174 171 0.0124
169 172 0.0021
171 172 0.0172
173 172 0.0026
172 173 0.0026
171 174 0.0124
175 174 0.0013
176 174 0.0277
174 175 0.0013
61 176 0.0088
174 176 0.0277
177 176 0.0006
176 177 0.0006
55 178 0.0029
179 178 0.0087
187 178 0.0086
178 179 0.0087
180 179 0.003
181 179 0.0052
179 180 0.003
183 180 0.0112
188 180 0.0012
179 181 0.0052
182 181 0.0082
185 181 0.0076
203 181 0.0054
181 182 0.0082
183 182 0.0077
196 182 0.0009
180 183 0.0112
182 183 0.0077
191 183 0.0018
57 184 0.0492
185 184 0.0218
186 184 0.0213
181 185 0.0076
184 185 0.0218
186 185 0.0101
184 186 0.0213
185 186 0.0101
187 186 0.0191
57 187 0.0139
178 187 0.0086
186 187 0.0191
180 188 0.0012
189 188 0.0008
190 188 0.001
188 189 0.0008
188 190 0.001
183 191 0.0018
192 191 0.0013
195 191 0.0031
191 192 0.0013
193 192 0.0006
194 192 0.0013
192 193 0.0006
192 194 0.0013
191 195 0.0031
182 196 0.0009
197 196 0.0007
198 196 0.0043
196 197 0.0007
196 198 0.0043
199 198 0.0008
200 198 0.0162
198 199 0.0008
198 200 0.0162
201 200 0.0008
202 200 0.0008
200 201 0.0008
200 202 0.0008
181 203 0.0054
204 203 0.0153
222 203 0.0043
203 204 0.0153
205 204 0.0058
222 204 0.0037
204 205 0.0058
206 205 0.0081
220 205 0.0017
205 206 0.0081
207 206 0.0151
213 206 0.0321
206 207 0.0151
208 207 0.0021
209 207 0.0021
210 207 0.0071
207 208 0.0021
207 209 0.0021
207 210 0.0071
211 210 0.0013
212 210 0.0023
210 211 0.0013
210 212 0.0023
206 213 0.0321
214 213 0.0022
215 213 0.0047
213 214 0.0022
216 214 0.0056
225 214 0.0041
213 215 0.0047
216 215 0.0062
217 215 0.0015
214 216 0.0056
215 216 0.0062
231 216 0.0173
215 217 0.0015
6 218 0.0036
219 218 0.0193
233 218 0.0029
218 219 0.0193
220 219 0.0238
224 219 0.004
205 220 0.0017
219 220 0.0238
221 220 0.0332
220 221 0.0332
222 221 0.0043
223 221 0.0093
203 222 0.0043
204 222 0.0037
221 222 0.0043
221 223 0.0093
219 224 0.004
225 224 0.0051
227 224 0.007
232 224 0.0044
237 224 0.0059
214 225 0.0041
224 225 0.0051
226 225 0.0072
231 225 0.0023
225 226 0.0072
224 227 0.007
53 228 0.0025
233 228 0.0057
238 228 0.0199
230 229 0.0023
240 229 0.0129
254 229 0.0042
229 230 0.0023
231 230 0.0133
232 230 0.004
424 230 0.0025
216 231 0.0173
225 231 0.0023
230 231 0.0133
224 232 0.0044
230 232 0.004
237 232 0.01
218 233 0.0029
228 233 0.0057
234 233 0.0125
233 234 0.0125
235 234 0.0116
238 234 0.0145
234 235 0.0116
236 235 0.0147
239 235 0.0197
235 236 0.0147
237 236 0.0143
240 236 0.0105
224 237 0.0059
232 237 0.01
236 237 0.0143
228 238 0.0199
234 238 0.0145
239 238 0.0252
235 239 0.0197
238 239 0.0252
240 239 0.0228
229 240 0.0129
236 240 0.0105
239 240 0.0228
54 241 0.0054
242 241 0.0073
249 241 0.0025
250 241 0.0054
241 242 0.0073
243 242 0.0129
244 242 0.0292
242 243 0.0129
244 243 0.0297
245 243 0.0216
54 244 0.023
242 244 0.0292
243 244 0.0297
54 245 0.0149
243 245 0.0216
246 245 0.0077
5 246 0.0014
245 246 0.0077
247 246 0.018
267 246 0.0103
246 247 0.018
248 247 0.0029
249 247 0.0098
260 247 0.0116
268 247 0.009
247 248 0.0029
241 249 0.0025
247 249 0.0098
251 249 0.0041
252 249 0.0018
255 249 0.012
241 250 0.0054
251 250 0.0071
253 250 0.0023
249 251 0.0041
250 251 0.0071
252 251 0.0025
249 252 0.0018
251 252 0.0025
253 252 0.0053
250 253 0.0023
252 253 0.0053
254 253 0.0028
410 253 0.0013
229 254 0.0042
253 254 0.0028
424 254 0.0017
249 255 0.012
256 255 0.0063
260 255 0.0127
255 256 0.0063
257 256 0.0015
259 256 0.0012
256 257 0.0015
258 257 0.002
413 257 0.0012
414 257 0.0021
257 258 0.002
417 258 0.002
418 258 0.0025
256 259 0.0012
260 259 0.0013
419 259 0.0114
247 260 0.0116
255 260 0.0127
259 260 0.0013
37 261 0.006
44 261 0.0105
262 261 0.0034
261 262 0.0034
37 263 0.0025
48 264 0.0039
405 264 0.0091
406 264 0.0123
48 265 0.0112
50 266 0.0027
267 266 0.027
269 266 0.0101
49 267 0.0019
246 267 0.0103
266 267 0.027
268 267 0.0135
247 268 0.009
267 268 0.0135
269 268 0.0157
266 269 0.0101
268 269 0.0157
407 269 0.0047
90 270 0.0227
271 270 0.0228
287 270 0.0025
270 271 0.0228
272 271 0.0031
275 271 0.0014
271 272 0.0031
273 272 0.004
274 272 0.0044
272 273 0.004
272 274 0.0044
271 275 0.0014
276 275 0.0052
291 275 0.0248
292 275 0.0033
275 276 0.0052
277 276 0.0049
282 276 0.0024
276 277 0.0049
278 277 0.001
279 277 0.0012
277 278 0.001
277 279 0.0012
280 279 0.0042
281 279 0.0056
279 280 0.0042
279 281 0.0056
276 282 0.0024
283 282 0.0038
286 282 0.0014
282 283 0.0038
284 283 0.0019
285 283 0.0037
283 284 0.0019
283 285 0.0037
282 286 0.0014
270 287 0.0025
288 287 0.0012
290 287 0.0098
287 288 0.0012
289 288 0.0061
290 288 0.0044
288 289 0.0061
287 290 0.0098
288 290 0.0044
291 290 0.0157
275 291 0.0248
290 291 0.0157
292 291 0.0021
275 292 0.0033
291 292 0.0021
293 292 0.0051
292 293 0.0051
294 293 0.011
296 293 0.0039
293 294 0.011
295 294 0.0039
298 294 0.0034
294 295 0.0039
293 296 0.0039
297 296 0.0032
299 296 0.0062
296 297 0.0032
294 298 0.0034
301 298 0.0041
302 298 0.0023
296 299 0.0062
300 299 0.003
303 299 0.0011
299 300 0.003
298 301 0.0041
298 302 0.0023
299 303 0.0011
90 304 0.0011
92 305 0.0027
306 305 0.003
307 305 0.0039
305 306 0.003
305 307 0.0039
92 308 0.0032
104 309 0.0023
310 309 0.0064
311 309 0.0057
309 310 0.0064
309 311 0.0057
102 312 0.0073
313 312 0.0092
316 312 0.0154
312 313 0.0092
314 313 0.0023
315 313 0.0019
313 314 0.0023
313 315 0.0019
312 316 0.0154
317 316 0.0018
322 316 0.0015
316 317 0.0018
318 317 0.0062
319 317 0.0084
317 318 0.0062
317 319 0.0084
320 319 0.0018
321 319 0.0021
319 320 0.0018
319 321 0.0021
316 322 0.0015
323 322 0.0027
328 322 0.0088
322 323 0.0027
102 324 0.0061
325 324 0.0093
328 324 0.0022
324 325 0.0093
326 325 0.0079
327 325 0.0076
325 326 0.0079
325 327 0.0076
322 328 0.0088
324 328 0.0022
332 328 0.0031
100 329 0.0101
330 329 0.0638
338 329 0.0026
329 330 0.0638
331 330 0.0226
336 330 0.0009
330 331 0.0226
332 331 0.0046
333 331 0.0161
335 331 0.0025
328 332 0.0031
331 332 0.0046
333 332 0.0055
331 333 0.0161
332 333 0.0055
334 333 0.0073
333 334 0.0073
331 335 0.0025
330 336 0.0009
337 336 0.0029
341 336 0.0026
342 336 0.0078
336 337 0.0029
98 338 0.0025
329 338 0.0026
345 338 0.0025
95 339 0.0028
340 339 0.0019
346 339 0.0071
339 340 0.0019
336 341 0.0026
336 342 0.0078
343 342 0.0072
344 342 0.0059
342 343 0.0072
342 344 0.0059
338 345 0.0025
339 346 0.0071
347 346 0.0069
349 346 0.0026
346 347 0.0069
348 347 0.0017
351 347 0.004
347 348 0.0017
346 349 0.0026
13 350 0.0087
13 351 0.0065
347 351 0.004
352 351 0.0222
351 352 0.0222
353 352 0.0106
360 352 0.006
352 353 0.0106
360 353 0.0086
361 353 0.0189
13 354 0.0087
13 355 0.0059
356 355 0.0018
357 355 0.0093
355 356 0.0018
355 357 0.0093
358 357 0.0071
359 357 0.0044
357 358 0.0071
359 358 0.007
360 358 0.0242
357 359 0.0044
358 359 0.007
367 359 0.0035
352 360 0.006
353 360 0.0086
358 360 0.0242
366 360 0.0015
353 361 0.0189
362 361 0.007
363 361 0.0282
361 362 0.007
361 363 0.0282
364 363 0.0029
365 363 0.0035
363 364 0.0029
363 365 0.0035
360 366 0.0015
359 367 0.0035
368 367 0.013
369 367 0.0065
367 368 0.013
367 369 0.0065
23 370 0.0025
17 371 0.0026
33 372 0.0009
35 373 0.0013
42 374 0.0013
375 374 0.0063
376 374 0.0075
374 375 0.0063
374 376 0.0075
38 377 0.0018
43 378 0.0031
379 378 0.0184
380 378 0.011
378 379 0.0184
378 380 0.011
50 381 0.0022
382 381 0.018
405 381 0.0033
381 382 0.018
383 382 0.0034
385 382 0.0031
382 383 0.0034
384 383 0.0073
386 383 0.0018
383 384 0.0073
385 384 0.0135
391 384 0.0018
382 385 0.0031
384 385 0.0135
397 385 0.0024
405 385 0.0033
383 386 0.0018
387 386 0.0027
388 386 0.0117
386 387 0.0027
386 388 0.0117
389 388 0.004
390 388 0.0034
388 389 0.004
388 390 0.0034
384 391 0.0018
392 391 0.0031
393 391 0.0107
396 391 0.0025
391 392 0.0031
391 393 0.0107
394 393 0.0012
395 393 0.0006
393 394 0.0012
393 395 0.0006
391 396 0.0025
385 397 0.0024
398 397 0.0062
399 397 0.0012
397 398 0.0062
397 399 0.0012
45 400 0.0137
401 400 0.0026
404 400 0.0074
400 401 0.0026
402 401 0.0018
403 401 0.0012
401 402 0.0018
401 403 0.0012
43 404 0.0118
45 404 0.0148
400 404 0.0074
264 405 0.0091
381 405 0.0033
385 405 0.0033
264 406 0.0123
269 407 0.0047
408 407 0.0007
409 407 0.0011
407 408 0.0007
407 409 0.0011
253 410 0.0013
411 410 0.0011
412 410 0.0014
424 410 0.0021
410 411 0.0011
410 412 0.0014
257 413 0.0012
257 414 0.0021
415 414 0.0017
416 414 0.0016
414 415 0.0017
414 416 0.0016
258 417 0.002
258 418 0.0025
259 419 0.0114
420 419 0.0053
421 419 0.0011
419 420 0.0053
419 421 0.0011
422 421 0.0036
423 421 0.0032
421 422 0.0036
421 423 0.0032
230 424 0.0025
254 424 0.0017
410 424 0.0021
