2 1 0.0147
59 1 0.0034
60 1 0.0032
73 1 0.0101
102 1 0.0032
107 1 0.0055
205 1 0.0054
206 1 0.0011
220 1 0.0157
221 1 0.0031
251 1 0.0138
296 1 0.0134
401 1 0.0074
405 1 0.0121
410 1 0.0033
412 1 0.0079
458 1 0.0101
467 1 0.0033
469 1 0.0031
476 1 0.0151
482 1 0.0021
483 1 0.0022
509 1 0.0037
517 1 0.003
572 1 0.0068
706 1 0.0115
729 1 0.0022
730 1 0.0131
742 1 0.007
747 1 0.0041
802 1 0.0115
809 1 0.0053
823 1 0.0055
826 1 0.0045
832 1 0.007
835 1 0.0145
891 1 0.0043
983 1 0.0067
984 1 0.0038
985 1 0.0049
1650 1 0.0127
1651 1 0.0074
1653 1 0.0101
1 2 0.0147
3 2 0.0046
502 2 0.0124
2 3 0.0046
4 3 0.0105
833 3 0.0019
3 4 0.0105
5 4 0.0305
484 4 0.0021
4 5 0.0305
6 5 0.0107
27 5 0.0217
5 6 0.0107
7 6 0.0341
17 6 0.0408
661 6 0.0058
6 7 0.0341
8 7 0.002
508 7 0.0131
669 7 0.0185
7 8 0.002
9 8 0.008
187 8 0.0031
195 8 0.0058
8 9 0.008
10 9 0.0037
11 9 0.0072
9 10 0.0037
9 11 0.0072
199 12 0.0018
661 12 0.0802
663 12 0.0878
667 13 0.0489
953 13 0.0018
954 13 0.028
1068 13 0.0044
189 14 0.0079
954 14 0.0269
959 14 0.0096
1704 14 0.0209
16 15 0.015
1102 15 0.0012
1704 15 0.0316
15 16 0.015
1086 16 0.0036
1096 16 0.0066
1128 16 0.0115
6 17 0.0408
18 17 0.0042
495 17 0.004
17 18 0.0042
19 18 0.0017
22 18 0.0035
18 19 0.0017
20 19 0.0046
21 19 0.0104
19 20 0.0046
19 21 0.0104
18 22 0.0035
23 22 0.0018
25 22 0.0023
22 23 0.0018
24 23 0.0053
26 23 0.0049
23 24 0.0053
22 25 0.0023
26 25 0.0095
1126 25 0.0028
23 26 0.0049
25 26 0.0095
1129 26 0.0065
5 27 0.0217
28 27 0.0044
486 27 0.0099
27 28 0.0044
29 28 0.0099
1007 28 0.0059
28 29 0.0099
30 29 0.0169
148 29 0.0111
492 29 0.05
29 30 0.0169
36 30 0.0089
1067 30 0.0014
32 31 0.0064
36 31 0.1019
40 31 0.0038
31 32 0.0064
33 32 0.026
146 32 0.0055
32 33 0.026
34 33 0.0368
40 33 0.0046
33 34 0.0368
35 34 0.0124
1174 34 0.0045
34 35 0.0124
1180 35 0.0036
1185 35 0.0022
30 36 0.0089
31 36 0.1019
37 36 0.0063
145 36 0.0046
36 37 0.0063
38 37 0.0048
1065 37 0.011
37 38 0.0048
39 38 0.0083
40 38 0.0126
38 39 0.0083
1169 39 0.0009
1171 39 0.0018
31 40 0.0038
33 40 0.0046
38 40 0.0126
41 40 0.0301
40 41 0.0301
1139 41 0.0107
1175 41 0.0138
1174 42 0.0092
1175 42 0.0077
1176 42 0.0156
44 43 0.0221
59 43 0.006
134 43 0.0284
469 43 0.009
43 44 0.0221
45 44 0.063
468 44 0.0184
44 45 0.063
46 45 0.0202
468 45 0.0057
45 46 0.0202
47 46 0.0255
683 46 0.0099
46 47 0.0255
48 47 0.0039
952 47 0.0007
47 48 0.0039
49 48 0.0241
941 48 0.0466
48 49 0.0241
50 49 0.0225
946 49 0.0205
49 50 0.0225
51 50 0.0599
945 50 0.0015
50 51 0.0599
52 51 0.0311
152 51 0.0013
51 52 0.0311
53 52 0.0217
564 52 0.0014
52 53 0.0217
54 53 0.0238
561 53 0.0585
53 54 0.0238
55 54 0.0555
1233 54 0.0011
54 55 0.0555
56 55 0.0114
560 55 0.0033
55 56 0.0114
57 56 0.0042
560 56 0.0022
56 57 0.0042
58 57 0.0289
1235 57 0.0013
57 58 0.0289
1218 58 0.0093
1222 58 0.0263
1235 58 0.0056
1 59 0.0034
43 59 0.006
1004 59 0.0062
1 60 0.0032
61 60 0.0072
1003 60 0.0028
60 61 0.0072
62 61 0.0104
1003 61 0.0027
61 62 0.0104
63 62 0.0046
462 62 0.0066
62 63 0.0046
64 63 0.005
926 63 0.0297
63 64 0.005
65 64 0.0217
143 64 0.0027
919 64 0.0218
64 65 0.0217
66 65 0.0289
128 65 0.0063
65 66 0.0289
121 66 0.0047
520 66 0.0226
69 67 0.0038
520 67 0.0785
1781 67 0.0028
1781 68 0.0024
67 69 0.0038
70 69 0.004
1781 69 0.0064
69 70 0.004
71 70 0.0042
1238 70 0.0045
70 71 0.0042
72 71 0.0006
1237 71 0.0023
71 72 0.0006
1 73 0.0101
74 73 0.0368
1644 73 0.0147
73 74 0.0368
455 74 0.0899
456 74 0.0918
458 74 0.0161
76 75 0.0064
400 75 0.0127
454 75 0.0357
455 75 0.105
75 76 0.0064
77 76 0.0298
694 76 0.005
76 77 0.0298
78 77 0.0405
94 77 0.0067
1061 77 0.0071
77 78 0.0405
79 78 0.0193
1062 78 0.0058
78 79 0.0193
80 79 0.0123
433 79 0.0116
79 80 0.0123
81 80 0.0238
133 80 0.0118
80 81 0.0238
435 81 0.0445
993 81 0.0061
83 82 0.0362
435 82 0.0135
531 82 0.0005
82 83 0.0362
84 83 0.0173
547 83 0.0026
83 84 0.0173
548 84 0.0033
549 84 0.0175
86 85 0.011
539 85 0.0095
549 85 0.035
551 85 0.009
85 86 0.011
87 86 0.0177
535 86 0.0008
553 86 0.0025
86 87 0.0177
88 87 0.0198
532 87 0.0032
87 88 0.0198
89 88 0.0254
531 88 0.0023
554 88 0.0065
88 89 0.0254
538 89 0.0021
556 89 0.072
91 90 0.0179
93 90 0.0073
558 90 0.0125
90 91 0.0179
92 91 0.0089
1246 91 0.0024
91 92 0.0089
90 93 0.0073
77 94 0.0067
430 94 0.0149
694 94 0.0047
96 95 0.0027
117 95 0.0164
430 95 0.0108
95 96 0.0027
97 96 0.0027
101 96 0.0018
96 97 0.0027
928 97 0.0017
931 97 0.0518
99 98 0.0229
932 98 0.0146
935 98 0.0073
98 99 0.0229
100 99 0.0224
101 99 0.0015
99 100 0.0224
96 101 0.0018
99 101 0.0015
929 101 0.0023
1 102 0.0032
103 102 0.0066
687 102 0.0034
102 103 0.0066
925 103 0.0066
926 103 0.0126
105 104 0.0049
106 104 0.0022
925 104 0.0077
926 104 0.003
104 105 0.0049
104 106 0.0022
1 107 0.0055
108 107 0.1219
457 107 0.0515
107 108 0.1219
109 108 0.1033
690 108 0.0134
108 109 0.1033
110 109 0.0055
454 109 0.0357
109 110 0.0055
111 110 0.0047
459 110 0.0041
110 111 0.0047
112 111 0.0275
924 111 0.0014
111 112 0.0275
113 112 0.0133
923 112 0.0015
112 113 0.0133
114 113 0.0172
916 113 0.002
113 114 0.0172
115 114 0.0206
443 114 0.0036
452 114 0.0088
114 115 0.0206
116 115 0.005
451 115 0.0106
115 116 0.005
117 116 0.0052
432 116 0.0074
443 116 0.0039
95 117 0.0164
116 117 0.0052
118 117 0.0022
439 117 0.0076
117 118 0.0022
119 118 0.004
930 118 0.0022
118 119 0.004
120 119 0.0026
927 119 0.0047
119 120 0.0026
66 121 0.0047
122 121 0.0033
124 121 0.0024
128 121 0.006
121 122 0.0033
123 122 0.0056
126 122 0.0032
122 123 0.0056
121 124 0.0024
125 124 0.012
126 124 0.0007
124 125 0.012
1289 125 0.0135
1290 125 0.0155
122 126 0.0032
124 126 0.0007
1781 126 0.0066
128 127 0.0234
129 127 0.0019
918 127 0.0222
919 127 0.0031
65 128 0.0063
121 128 0.006
127 128 0.0234
936 128 0.0019
127 129 0.0019
131 130 0.0351
400 130 0.0298
416 130 0.0031
1647 130 0.032
130 131 0.0351
132 131 0.0183
155 131 0.0347
400 131 0.0066
1060 131 0.0126
131 132 0.0183
133 132 0.0322
174 132 0.0044
80 133 0.0118
132 133 0.0322
1057 133 0.0304
43 134 0.0284
135 134 0.0004
1706 134 0.0025
134 135 0.0004
938 135 0.0125
1000 135 0.0041
137 136 0.0048
142 136 0.0014
995 136 0.0116
1706 136 0.0089
136 137 0.0048
138 137 0.0155
1778 137 0.0016
137 138 0.0155
139 138 0.0034
1285 138 0.0023
138 139 0.0034
140 139 0.0065
144 139 0.0031
139 140 0.0065
141 140 0.0138
520 140 0.0024
140 141 0.0138
136 142 0.0014
64 143 0.0027
139 144 0.0031
36 145 0.0046
146 145 0.0036
683 145 0.002
32 146 0.0055
145 146 0.0036
147 146 0.002
146 147 0.002
29 148 0.0111
149 148 0.0018
150 148 0.0063
148 149 0.0018
148 150 0.0063
151 150 0.0053
1066 150 0.008
150 151 0.0053
51 152 0.0013
153 152 0.0023
1243 152 0.001
152 153 0.0023
1239 153 0.01
1242 153 0.0102
1243 154 0.0149
131 155 0.0347
691 155 0.0014
692 155 0.0132
157 156 0.0377
168 156 0.0154
692 156 0.045
156 157 0.0377
158 157 0.0097
426 157 0.0008
695 157 0.0013
157 158 0.0097
216 158 0.0019
1052 158 0.0128
160 159 0.014
425 159 0.0027
1051 159 0.0048
1053 159 0.0199
159 160 0.014
161 160 0.0156
424 160 0.0012
160 161 0.0156
162 161 0.014
645 161 0.0232
1049 161 0.0076
161 162 0.014
163 162 0.0017
165 162 0.0195
903 162 0.0065
162 163 0.0017
164 163 0.0151
173 163 0.0012
1256 163 0.007
163 164 0.0151
1257 164 0.0045
1261 164 0.0033
162 165 0.0195
166 165 0.0101
905 165 0.0011
165 166 0.0101
906 166 0.0027
1277 166 0.0067
1281 166 0.0302
1281 167 0.003
1292 167 0.0378
1299 167 0.0009
156 168 0.0154
169 168 0.0202
427 168 0.0131
168 169 0.0202
170 169 0.0033
429 169 0.0021
169 170 0.0033
542 170 0.0029
1055 170 0.0101
172 171 0.0032
173 171 0.0018
1055 171 0.0061
171 172 0.0032
1251 172 0.0286
1264 172 0.0012
163 173 0.0012
171 173 0.0018
1275 173 0.0309
132 174 0.0044
429 174 0.0123
696 174 0.0246
176 175 0.0043
179 175 0.0045
696 175 0.002
175 176 0.0043
177 176 0.0048
180 176 0.0075
181 176 0.0074
176 177 0.0048
178 177 0.0059
180 177 0.0017
1063 177 0.0021
177 178 0.0059
175 179 0.0045
180 179 0.0073
993 179 0.0315
176 180 0.0075
177 180 0.0017
179 180 0.0073
176 181 0.0074
182 181 0.005
546 181 0.0043
181 182 0.005
543 182 0.0046
546 182 0.0197
184 183 0.0482
194 183 0.0065
807 183 0.055
814 183 0.0048
183 184 0.0482
805 184 0.0237
837 184 0.0213
186 185 0.0044
363 185 0.0024
838 185 0.004
185 186 0.0044
187 186 0.0041
190 186 0.0031
967 186 0.0074
8 187 0.0031
186 187 0.0041
1705 187 0.017
199 188 0.0096
1068 188 0.0118
1606 188 0.0245
1705 188 0.0037
14 189 0.0079
1606 189 0.0072
1607 189 0.0182
1609 189 0.0054
186 190 0.0031
191 190 0.0031
365 190 0.0084
190 191 0.0031
192 191 0.0016
1705 191 0.0091
191 192 0.0016
193 192 0.0075
1608 192 0.0037
192 193 0.0075
1602 193 0.1036
1641 193 0.0456
183 194 0.0065
195 194 0.0012
196 194 0.0027
8 195 0.0058
194 195 0.0012
674 195 0.0024
194 196 0.0027
197 196 0.0066
965 196 0.0031
196 197 0.0066
200 197 0.0038
676 197 0.0315
677 197 0.0209
677 198 0.0275
963 198 0.0185
964 198 0.0199
12 199 0.0018
188 199 0.0096
1068 199 0.0162
197 200 0.0038
813 200 0.0033
814 200 0.0051
362 201 0.005
650 201 0.0022
840 201 0.0761
650 202 0.026
653 202 0.0048
1595 202 0.001
204 203 0.0118
360 203 0.0699
655 203 0.067
656 203 0.0079
203 204 0.0118
2011 204 0.0172
2014 204 0.0087
1 205 0.0054
597 205 0.004
627 205 0.0064
1 206 0.0011
207 206 0.0015
627 206 0.0078
633 206 0.0138
206 207 0.0015
632 207 0.0015
907 207 0.0006
990 207 0.0037
631 208 0.0401
895 208 0.0228
1044 208 0.0065
605 209 0.0009
895 209 0.0614
1042 209 0.0152
215 210 0.0015
618 210 0.0616
1042 210 0.0068
212 211 0.0069
622 211 0.0025
1041 211 0.0021
1343 211 0.0132
211 212 0.0069
213 212 0.0047
626 212 0.0012
212 213 0.0047
214 213 0.0024
1040 213 0.0014
1341 213 0.0005
213 214 0.0024
210 215 0.0015
1314 215 0.0021
1318 215 0.0068
158 216 0.0019
217 216 0.0021
912 216 0.004
1056 216 0.0021
216 217 0.0021
218 217 0.0035
219 217 0.003
217 218 0.0035
217 219 0.003
1 220 0.0157
221 220 0.0087
232 220 0.0023
1 221 0.0031
220 221 0.0087
232 221 0.0032
701 221 0.0358
223 222 0.0033
229 222 0.0017
702 222 0.0048
222 223 0.0033
224 223 0.0015
226 223 0.0074
595 223 0.0017
603 223 0.0048
223 224 0.0015
225 224 0.0018
1344 224 0.001
224 225 0.0018
1352 225 0.0002
1355 225 0.0003
223 226 0.0074
227 226 0.0057
1339 226 0.002
226 227 0.0057
1336 227 0.0054
1340 227 0.0014
1037 228 0.0165
1336 228 0.0036
1355 228 0.0002
222 229 0.0017
230 229 0.0024
1348 229 0.0012
229 230 0.0024
231 230 0.0021
1349 230 0.0019
230 231 0.0021
235 231 0.006
236 231 0.0103
1351 231 0.0039
220 232 0.0023
221 232 0.0032
240 232 0.002
244 232 0.0194
594 232 0.0059
234 233 0.0045
244 233 0.0062
701 233 0.0042
233 234 0.0045
235 234 0.0036
1034 234 0.0023
231 235 0.006
234 235 0.0036
236 235 0.0068
238 235 0.0027
231 236 0.0103
235 236 0.0068
237 236 0.0011
1789 236 0.0018
236 237 0.0011
1363 237 0.0059
1375 237 0.0018
1387 237 0.0147
235 238 0.0027
239 238 0.0114
331 238 0.0148
875 238 0.0032
1790 238 0.002
238 239 0.0114
875 239 0.0053
1369 239 0.0032
232 240 0.002
328 240 0.0061
1028 240 0.0093
249 241 0.0052
324 241 0.0265
328 241 0.0164
1028 241 0.0324
243 242 0.0063
885 242 0.01
1793 242 0.0136
242 243 0.0063
878 243 0.0069
880 243 0.0165
1385 243 0.0047
1794 243 0.0039
232 244 0.0194
233 244 0.0062
245 244 0.0081
244 245 0.0081
247 246 0.0022
246 247 0.0022
248 247 0.0163
1026 247 0.0026
247 248 0.0163
249 248 0.0047
331 248 0.0017
241 249 0.0052
248 249 0.0047
250 249 0.0029
331 249 0.0038
875 249 0.0081
1795 249 0.0019
249 250 0.0029
1 251 0.0138
297 251 0.0145
1653 251 0.0297
253 252 0.0502
299 252 0.0258
845 252 0.0115
1653 252 0.0178
252 253 0.0502
714 253 0.1446
843 253 0.0177
1653 253 0.0157
255 254 0.0035
281 254 0.0084
709 254 0.0164
715 254 0.0266
254 255 0.0035
256 255 0.0056
275 255 0.0005
856 255 0.0018
1069 255 0.0061
255 256 0.0056
257 256 0.0064
856 256 0.0082
256 257 0.0064
258 257 0.0045
858 257 0.0041
257 258 0.0045
259 258 0.0018
863 258 0.0008
258 259 0.0018
277 259 0.0008
280 259 0.0006
261 260 0.0242
267 260 0.0643
268 260 0.0228
710 260 0.0384
711 260 0.0847
260 261 0.0242
267 261 0.0241
582 261 0.008
584 261 0.0037
723 261 0.0263
329 262 0.0042
726 262 0.0267
978 262 0.048
264 263 0.0228
326 263 0.0346
979 263 0.0362
263 264 0.0228
319 264 0.0072
1030 264 0.0032
1033 264 0.0568
266 265 0.0218
1024 265 0.0024
1033 265 0.0215
265 266 0.0218
309 266 0.0805
317 266 0.0022
886 266 0.046
260 267 0.0643
261 267 0.0241
731 267 0.0121
260 268 0.0228
712 268 0.0187
713 268 0.015
270 269 0.0154
860 269 0.0022
1069 269 0.0103
269 270 0.0154
271 270 0.01
330 270 0.0028
270 271 0.01
272 271 0.0078
274 271 0.0014
271 272 0.0078
273 272 0.0023
864 272 0.0008
272 273 0.0023
1407 273 0.0068
1453 273 0.0065
1456 273 0.0019
271 274 0.0014
255 275 0.0005
276 275 0.0011
865 275 0.0045
275 276 0.0011
259 277 0.0008
278 277 0.002
279 277 0.0029
277 278 0.002
1500 278 0.0077
1508 278 0.0035
277 279 0.0029
1451 279 0.0126
1458 279 0.0011
259 280 0.0006
1018 280 0.0096
1543 280 0.0004
254 281 0.0084
282 281 0.0038
371 281 0.0102
281 282 0.0038
287 282 0.0044
1015 282 0.0003
1009 283 0.0021
1014 283 0.0117
1546 283 0.002
285 284 0.0079
1546 284 0.0073
1547 284 0.007
284 285 0.0079
286 285 0.0128
292 285 0.002
285 286 0.0128
293 286 0.0057
1545 286 0.0027
1552 286 0.0065
1907 286 0.0027
282 287 0.0044
288 287 0.0034
855 287 0.0017
287 288 0.0034
851 288 0.0043
1020 288 0.0115
1021 288 0.015
290 289 0.0043
847 289 0.0037
1023 289 0.0088
289 290 0.0043
291 290 0.0017
385 290 0.001
290 291 0.0017
292 291 0.0012
1019 291 0.0023
285 292 0.002
291 292 0.0012
293 292 0.0059
1010 292 0.0107
286 293 0.0057
292 293 0.0059
294 293 0.0092
293 294 0.0092
295 294 0.0091
390 294 0.0075
1012 294 0.0141
294 295 0.0091
390 295 0.0027
1011 295 0.016
1 296 0.0134
297 296 0.0152
303 296 0.0153
251 297 0.0145
296 297 0.0152
1655 297 0.067
299 298 0.1171
716 298 0.0558
1654 298 0.0594
252 299 0.0258
298 299 0.1171
300 299 0.009
845 299 0.0546
299 300 0.009
301 300 0.0053
721 300 0.0087
846 300 0.0733
300 301 0.0053
302 301 0.0029
1648 301 0.0055
301 302 0.0029
332 302 0.0032
780 302 0.0065
783 302 0.0022
296 303 0.0153
304 303 0.0125
797 303 0.0077
303 304 0.0125
305 304 0.0044
797 304 0.0646
304 305 0.0044
579 305 0.0073
796 305 0.0029
1648 305 0.0068
307 306 0.0109
306 307 0.0109
308 307 0.021
763 307 0.0028
307 308 0.021
763 308 0.0024
777 308 0.0254
266 309 0.0805
310 309 0.0244
317 309 0.0051
876 309 0.0093
309 310 0.0244
311 310 0.0123
1396 310 0.003
310 311 0.0123
312 311 0.0145
1408 311 0.0035
311 312 0.0145
313 312 0.0013
314 312 0.0085
881 312 0.0192
312 313 0.0013
1402 313 0.0067
1410 313 0.0038
312 314 0.0085
315 314 0.0046
1404 314 0.0005
314 315 0.0046
316 315 0.0012
1406 315 0.0003
315 316 0.0012
1428 316 0.0024
1429 316 0.0047
266 317 0.0022
309 317 0.0051
318 317 0.0005
1408 317 0.0018
317 318 0.0005
264 319 0.0072
320 319 0.0072
869 319 0.0022
319 320 0.0072
321 320 0.0038
323 320 0.0031
320 321 0.0038
322 321 0.0323
324 321 0.0025
870 321 0.0052
321 322 0.0323
320 323 0.0031
241 324 0.0265
321 324 0.0025
325 324 0.0125
324 325 0.0125
873 325 0.0114
1793 325 0.0029
263 326 0.0346
327 326 0.0128
594 326 0.0008
326 327 0.0128
328 327 0.002
1025 327 0.0022
240 328 0.0061
241 328 0.0164
327 328 0.002
1028 328 0.0122
262 329 0.0042
330 329 0.0014
982 329 0.0027
270 330 0.0028
329 330 0.0014
1550 330 0.0021
238 331 0.0148
248 331 0.0017
249 331 0.0038
302 332 0.0032
333 332 0.0016
1080 332 0.0012
332 333 0.0016
388 333 0.0642
1078 333 0.0064
335 334 0.0355
377 334 0.0036
1078 334 0.02
334 335 0.0355
336 335 0.0106
390 335 0.0036
335 336 0.0106
391 336 0.0023
392 336 0.0061
338 337 0.0365
392 337 0.0014
1013 337 0.0113
337 338 0.0365
339 338 0.0481
1565 338 0.1196
338 339 0.0481
1564 339 0.0109
1576 339 0.0112
341 340 0.0254
788 340 0.0358
1071 340 0.1293
1074 340 0.0022
1081 340 0.0566
340 341 0.0254
1075 341 0.003
1958 341 0.0262
343 342 0.0069
345 342 0.0046
347 342 0.0136
1958 342 0.0592
342 343 0.0069
344 343 0.0035
1084 343 0.006
343 344 0.0035
342 345 0.0046
346 345 0.0265
1954 345 0.0111
345 346 0.0265
342 347 0.0136
348 347 0.0079
1950 347 0.0018
347 348 0.0079
1966 348 0.0031
2089 348 0.0209
350 349 0.0208
566 349 0.0019
567 349 0.039
825 349 0.0291
349 350 0.0208
351 350 0.0066
1656 350 0.0692
350 351 0.0066
352 351 0.0069
648 351 0.0059
1656 351 0.0151
351 352 0.0069
354 353 0.0209
649 353 0.0015
753 353 0.0303
353 354 0.0209
355 354 0.027
357 354 0.0029
354 355 0.027
399 355 0.0049
755 355 0.0145
658 356 0.0037
659 356 0.0061
755 356 0.0095
354 357 0.0029
358 357 0.0062
361 357 0.0131
399 357 0.0029
357 358 0.0062
359 358 0.0039
399 358 0.0023
1586 358 0.0077
358 359 0.0039
360 359 0.0057
1588 359 0.0176
203 360 0.0699
359 360 0.0057
361 360 0.0044
357 361 0.0131
360 361 0.0044
362 361 0.0015
201 362 0.005
361 362 0.0015
841 362 0.0678
185 363 0.0024
364 363 0.0021
365 363 0.0013
363 364 0.0021
190 365 0.0084
363 365 0.0013
366 365 0.0131
365 366 0.0131
368 367 0.0298
369 367 0.0098
370 367 0.0235
659 367 0.0039
367 368 0.0298
1579 368 0.0541
1587 368 0.0178
367 369 0.0098
367 370 0.0235
1582 370 0.0103
1583 370 0.0285
281 371 0.0102
373 372 0.0011
372 373 0.0011
374 373 0.0028
800 373 0.0036
854 373 0.0027
373 374 0.0028
375 374 0.0071
379 374 0.014
374 375 0.0071
376 375 0.012
1551 375 0.0265
375 376 0.012
334 377 0.0036
378 377 0.0015
1078 377 0.0007
377 378 0.0015
374 379 0.014
380 379 0.0334
800 379 0.0028
379 380 0.0334
381 380 0.0213
850 380 0.0021
380 381 0.0213
382 381 0.0023
853 381 0.003
381 382 0.0023
383 382 0.0074
385 382 0.0019
386 382 0.0069
382 383 0.0074
384 383 0.0082
385 383 0.0031
387 383 0.0135
383 384 0.0082
290 385 0.001
382 385 0.0019
383 385 0.0031
382 386 0.0069
383 387 0.0135
333 388 0.0642
389 388 0.0025
1079 388 0.001
388 389 0.0025
294 390 0.0075
295 390 0.0027
335 390 0.0036
336 391 0.0023
336 392 0.0061
337 392 0.0014
393 392 0.0077
392 393 0.0077
394 393 0.0109
395 393 0.0548
393 394 0.0109
1552 394 0.0023
1563 394 0.0032
393 395 0.0548
396 395 0.0084
398 395 0.0135
395 396 0.0084
397 396 0.0663
1013 396 0.0163
396 397 0.0663
398 397 0.0179
1555 397 0.082
395 398 0.0135
397 398 0.0179
1562 398 0.0035
355 399 0.0049
357 399 0.0029
358 399 0.0023
75 400 0.0127
130 400 0.0298
131 400 0.0066
1 401 0.0074
402 401 0.0188
984 401 0.0024
401 402 0.0188
403 402 0.0128
988 402 0.0013
402 403 0.0128
404 403 0.0012
698 403 0.0047
403 404 0.0012
1 405 0.0121
406 405 0.005
410 405 0.0044
405 406 0.005
407 406 0.0045
474 406 0.0324
406 407 0.0045
909 407 0.0079
910 407 0.0561
910 408 0.0583
410 409 0.0087
412 409 0.0048
413 409 0.0136
417 409 0.003
1 410 0.0033
405 410 0.0044
409 410 0.0087
411 410 0.0669
410 411 0.0669
1 412 0.0079
409 412 0.0048
478 412 0.0161
409 413 0.0136
414 413 0.0219
472 413 0.0166
413 414 0.0219
415 414 0.0044
1649 414 0.005
414 415 0.0044
130 416 0.0031
417 416 0.0102
470 416 0.0024
409 417 0.003
416 417 0.0102
418 417 0.0087
417 418 0.0087
419 418 0.0259
473 418 0.0162
418 419 0.0259
420 419 0.0058
473 419 0.0227
419 420 0.0058
421 420 0.0059
422 420 0.008
420 421 0.0059
420 422 0.008
423 422 0.0103
471 422 0.0064
422 423 0.0103
160 424 0.0012
159 425 0.0027
157 426 0.0008
168 427 0.0131
428 427 0.0038
429 427 0.0036
427 428 0.0038
169 429 0.0021
174 429 0.0123
427 429 0.0036
94 430 0.0149
95 430 0.0108
431 430 0.0015
432 430 0.0289
430 431 0.0015
434 431 0.0033
436 431 0.0029
116 432 0.0074
430 432 0.0289
451 432 0.0048
79 433 0.0116
434 433 0.0046
991 433 0.0012
431 434 0.0033
433 434 0.0046
435 434 0.0175
992 434 0.0036
81 435 0.0445
82 435 0.0135
434 435 0.0175
431 436 0.0029
437 436 0.0076
438 436 0.0031
436 437 0.0076
436 438 0.0031
117 439 0.0076
440 439 0.0034
915 439 0.0035
439 440 0.0034
441 440 0.008
913 440 0.0028
440 441 0.008
442 441 0.0049
913 441 0.0066
441 442 0.0049
114 443 0.0036
116 443 0.0039
444 443 0.0033
443 444 0.0033
445 444 0.0054
937 444 0.0024
444 445 0.0054
446 445 0.0065
449 445 0.0052
445 446 0.0065
447 446 0.0027
1245 446 0.0026
446 447 0.0027
448 447 0.007
1244 447 0.0127
447 448 0.007
445 449 0.0052
450 449 0.0015
922 449 0.0025
449 450 0.0015
115 451 0.0106
432 451 0.0048
452 451 0.0194
114 452 0.0088
451 452 0.0194
453 452 0.0218
452 453 0.0218
454 453 0.0047
694 453 0.0057
75 454 0.0357
109 454 0.0357
453 454 0.0047
456 454 0.019
457 454 0.0134
74 455 0.0899
75 455 0.105
456 455 0.1457
74 456 0.0918
454 456 0.019
455 456 0.1457
457 456 0.0214
107 457 0.0515
454 457 0.0134
456 457 0.0214
458 457 0.0563
1 458 0.0101
74 458 0.0161
457 458 0.0563
110 459 0.0041
460 459 0.0038
461 459 0.002
459 460 0.0038
459 461 0.002
62 462 0.0066
463 462 0.0041
465 462 0.0096
462 463 0.0041
464 463 0.0039
481 463 0.0021
463 464 0.0039
462 465 0.0096
466 465 0.0033
1003 465 0.0043
465 466 0.0033
1706 466 0.0023
1707 466 0.0033
1 467 0.0033
468 467 0.0096
949 467 0.0016
44 468 0.0184
45 468 0.0057
467 468 0.0096
469 468 0.0027
681 468 0.004
1 469 0.0031
43 469 0.009
468 469 0.0027
416 470 0.0024
471 470 0.0091
1052 470 0.0016
422 471 0.0064
470 471 0.0091
1053 471 0.0024
413 472 0.0166
473 472 0.0036
474 472 0.0045
418 473 0.0162
419 473 0.0227
472 473 0.0036
406 474 0.0324
472 474 0.0045
475 474 0.0073
474 475 0.0073
1 476 0.0151
1646 476 0.0195
1650 476 0.0639
478 477 0.0069
480 477 0.002
1650 477 0.0482
412 478 0.0161
477 478 0.0069
479 478 0.0042
478 479 0.0042
477 480 0.002
463 481 0.0021
1 482 0.0021
483 482 0.0287
686 482 0.0035
1 483 0.0022
482 483 0.0287
484 483 0.0087
4 484 0.0021
483 484 0.0087
485 484 0.008
487 484 0.0047
1651 484 0.0019
484 485 0.008
486 485 0.0216
949 485 0.0081
27 486 0.0099
485 486 0.0216
488 486 0.0849
1007 486 0.0319
484 487 0.0047
486 488 0.0849
489 488 0.0292
951 488 0.0074
488 489 0.0292
490 489 0.0056
492 489 0.0149
489 490 0.0056
491 490 0.0147
494 490 0.0032
490 491 0.0147
29 492 0.05
489 492 0.0149
493 492 0.0056
492 493 0.0056
490 494 0.0032
17 495 0.004
496 495 0.0241
500 495 0.021
495 496 0.0241
497 496 0.0044
498 496 0.0044
496 497 0.0044
496 498 0.0044
500 499 0.0103
495 500 0.021
499 500 0.0103
501 500 0.008
500 501 0.008
2 502 0.0124
503 502 0.0095
835 502 0.0233
502 503 0.0095
504 503 0.0087
835 503 0.0076
503 504 0.0087
505 504 0.0018
833 504 0.002
504 505 0.0018
506 505 0.0125
836 505 0.003
505 506 0.0125
507 506 0.0199
678 506 0.01
506 507 0.0199
508 507 0.0528
680 507 0.012
7 508 0.0131
507 508 0.0528
672 508 0.1086
1 509 0.0037
510 509 0.0007
808 509 0.0012
509 510 0.0007
511 510 0.0097
518 510 0.002
510 511 0.0097
512 511 0.0125
515 511 0.0052
812 511 0.0193
511 512 0.0125
513 512 0.0049
818 512 0.0088
512 513 0.0049
514 513 0.005
676 513 0.006
513 514 0.005
515 514 0.0048
675 514 0.003
511 515 0.0052
514 515 0.0048
519 515 0.0528
678 515 0.0365
517 516 0.0094
519 516 0.012
836 516 0.0037
1 517 0.003
516 517 0.0094
518 517 0.0056
510 518 0.002
517 518 0.0056
519 518 0.0012
515 519 0.0528
516 519 0.012
518 519 0.0012
66 520 0.0226
67 520 0.0785
140 520 0.0024
521 520 0.0054
520 521 0.0054
522 521 0.027
1777 521 0.002
521 522 0.027
523 522 0.0218
530 522 0.0015
522 523 0.0218
524 523 0.0043
525 523 0.0128
1777 523 0.007
523 524 0.0043
529 524 0.005
1227 524 0.0019
523 525 0.0128
526 525 0.0065
528 525 0.0014
525 526 0.0065
527 526 0.0075
1224 526 0.0004
526 527 0.0075
1226 527 0.0025
1232 527 0.0012
525 528 0.0014
1234 528 0.0015
1235 528 0.003
524 529 0.005
522 530 0.0015
82 531 0.0005
88 531 0.0023
555 531 0.0036
87 532 0.0032
533 532 0.0055
534 532 0.0053
532 533 0.0055
532 534 0.0053
86 535 0.0008
536 535 0.0055
537 535 0.0048
535 536 0.0055
535 537 0.0048
89 538 0.0021
85 539 0.0095
540 539 0.0023
541 539 0.0016
539 540 0.0023
539 541 0.0016
170 542 0.0029
543 542 0.0046
1054 542 0.0047
1055 542 0.0072
182 543 0.0046
542 543 0.0046
544 543 0.0054
543 544 0.0054
545 544 0.0159
1248 544 0.0035
544 545 0.0159
1247 545 0.001
1248 545 0.0068
1250 545 0.0008
181 546 0.0043
182 546 0.0197
1063 546 0.0128
83 547 0.0026
84 548 0.0033
84 549 0.0175
85 549 0.035
550 549 0.0048
549 550 0.0048
85 551 0.009
552 551 0.0019
1782 551 0.0029
551 552 0.0019
1783 552 0.0083
1784 552 0.0118
86 553 0.0025
88 554 0.0065
531 555 0.0036
89 556 0.072
557 556 0.0022
558 556 0.0359
556 557 0.0022
90 558 0.0125
556 558 0.0359
559 558 0.0029
558 559 0.0029
55 560 0.0033
56 560 0.0022
1190 560 0.0022
53 561 0.0585
562 561 0.0025
1187 561 0.0011
561 562 0.0025
563 562 0.003
1207 562 0.001
562 563 0.003
52 564 0.0014
565 564 0.0027
1187 564 0.0033
564 565 0.0027
349 566 0.0019
349 567 0.039
568 567 0.0054
1656 567 0.0196
567 568 0.0054
760 568 0.0016
761 568 0.0494
570 569 0.0104
571 569 0.0051
761 569 0.0052
770 569 0.0034
569 570 0.0104
569 571 0.0051
1 572 0.0068
573 572 0.0014
577 572 0.0148
572 573 0.0014
574 573 0.0019
580 573 0.0039
573 574 0.0019
575 574 0.0108
576 574 0.0316
574 575 0.0108
574 576 0.0316
572 577 0.0148
578 577 0.0071
797 577 0.0213
577 578 0.0071
579 578 0.0094
797 578 0.0485
305 579 0.0073
578 579 0.0094
580 579 0.0163
573 580 0.0039
579 580 0.0163
581 580 0.0034
580 581 0.0034
261 582 0.008
583 582 0.0015
1070 582 0.002
582 583 0.0015
589 583 0.0027
969 583 0.0133
970 583 0.0116
261 584 0.0037
585 584 0.0012
588 584 0.0215
584 585 0.0012
586 585 0.0171
976 585 0.0095
585 586 0.0171
587 586 0.0063
976 586 0.0088
586 587 0.0063
584 588 0.0215
589 588 0.0022
593 588 0.0023
583 589 0.0027
588 589 0.0022
590 589 0.0056
589 590 0.0056
591 590 0.0076
970 590 0.003
590 591 0.0076
592 591 0.0066
971 591 0.0055
972 591 0.0076
976 591 0.0092
977 591 0.0029
591 592 0.0066
972 592 0.0045
975 592 0.0073
588 593 0.0023
232 594 0.0059
326 594 0.0008
983 594 0.0021
223 595 0.0017
596 595 0.0052
1348 595 0.0211
595 596 0.0052
205 597 0.004
598 597 0.0042
600 597 0.0041
1045 597 0.0034
597 598 0.0042
599 598 0.0021
610 598 0.0048
598 599 0.0021
597 600 0.0041
601 600 0.0189
611 600 0.0035
600 601 0.0189
602 601 0.004
604 601 0.012
601 602 0.004
603 602 0.0115
604 602 0.0056
223 603 0.0048
602 603 0.0115
615 603 0.0065
601 604 0.012
602 604 0.0056
605 604 0.0066
209 605 0.0009
604 605 0.0066
611 605 0.0091
614 605 0.0016
608 606 0.0206
608 607 0.0125
606 608 0.0206
607 608 0.0125
609 608 0.0041
608 609 0.0041
598 610 0.0048
611 610 0.0239
613 610 0.0033
600 611 0.0035
605 611 0.0091
610 611 0.0239
612 611 0.0028
611 612 0.0028
610 613 0.0033
605 614 0.0016
603 615 0.0065
616 615 0.0058
621 615 0.0029
615 616 0.0058
617 616 0.0018
1035 616 0.0018
1036 616 0.0057
616 617 0.0018
210 618 0.0616
619 618 0.0042
1343 618 0.0087
618 619 0.0042
620 619 0.0026
1039 619 0.0031
619 620 0.0026
615 621 0.0029
211 622 0.0025
623 622 0.0053
624 622 0.0041
622 623 0.0053
622 624 0.0041
625 624 0.0058
1038 624 0.0031
624 625 0.0058
1037 625 0.0031
1335 625 0.0007
212 626 0.0012
1333 626 0.0005
1788 626 0.0013
205 627 0.0064
206 627 0.0078
628 627 0.0038
627 628 0.0038
629 628 0.0027
1045 628 0.005
628 629 0.0027
631 630 0.0173
633 630 0.0084
894 630 0.0026
208 631 0.0401
630 631 0.0173
1331 631 0.0006
207 632 0.0015
206 633 0.0138
630 633 0.0084
634 633 0.0038
633 634 0.0038
635 634 0.0087
642 634 0.004
634 635 0.0087
636 635 0.0051
899 635 0.0018
635 636 0.0051
637 636 0.0071
644 636 0.0161
636 637 0.0071
638 637 0.009
899 637 0.0052
637 638 0.009
639 638 0.0076
640 638 0.0032
638 639 0.0076
640 639 0.0092
896 639 0.0219
638 640 0.0032
639 640 0.0092
641 640 0.006
640 641 0.006
1326 641 0.0052
1327 641 0.0036
634 642 0.004
643 642 0.0026
644 642 0.0111
642 643 0.0026
636 644 0.0161
642 644 0.0111
1331 644 0.0017
161 645 0.0232
646 645 0.0006
901 645 0.0029
645 646 0.0006
1047 647 0.0012
351 648 0.0059
649 648 0.0258
804 648 0.0263
353 649 0.0015
648 649 0.0258
804 649 0.0184
201 650 0.0022
202 650 0.026
651 650 0.0013
650 651 0.0013
652 651 0.0052
1595 651 0.0028
651 652 0.0052
202 653 0.0048
654 653 0.0021
655 653 0.0229
653 654 0.0021
203 655 0.067
653 655 0.0229
657 655 0.0043
1594 655 0.0025
203 656 0.0079
1591 656 0.0291
1983 656 0.0062
655 657 0.0043
1592 657 0.0135
1598 657 0.06
1601 657 0.0064
356 658 0.0037
356 659 0.0061
367 659 0.0039
660 659 0.0049
659 660 0.0049
6 661 0.0058
12 661 0.0802
662 661 0.003
661 662 0.003
12 663 0.0878
664 663 0.0017
665 663 0.0247
663 664 0.0017
663 665 0.0247
666 665 0.0029
667 665 0.0903
665 666 0.0029
13 667 0.0489
665 667 0.0903
668 667 0.0033
667 668 0.0033
7 669 0.0185
670 669 0.0041
671 669 0.0046
669 670 0.0041
669 671 0.0046
508 672 0.1086
673 672 0.0161
962 672 0.0129
672 673 0.0161
962 673 0.0058
963 673 0.0064
964 673 0.0063
195 674 0.0024
514 675 0.003
676 675 0.006
677 675 0.0035
197 676 0.0315
513 676 0.006
675 676 0.006
197 677 0.0209
198 677 0.0275
675 677 0.0035
506 678 0.01
515 678 0.0365
679 678 0.0745
678 679 0.0745
680 679 0.0331
963 679 0.0012
507 680 0.012
679 680 0.0331
962 680 0.007
468 681 0.004
682 681 0.01
685 681 0.0025
681 682 0.01
683 682 0.0058
684 682 0.0061
46 683 0.0099
145 683 0.002
682 683 0.0058
682 684 0.0061
681 685 0.0025
482 686 0.0035
102 687 0.0034
688 687 0.0068
689 687 0.0038
687 688 0.0068
687 689 0.0038
108 690 0.0134
155 691 0.0014
155 692 0.0132
156 692 0.045
693 692 0.0023
692 693 0.0023
76 694 0.005
94 694 0.0047
453 694 0.0057
157 695 0.0013
174 696 0.0246
175 696 0.002
697 696 0.0049
696 697 0.0049
403 698 0.0047
699 698 0.0019
700 698 0.0019
698 699 0.0019
698 700 0.0019
221 701 0.0358
233 701 0.0042
702 701 0.0283
222 702 0.0048
701 702 0.0283
703 702 0.0063
702 703 0.0063
704 703 0.0021
705 703 0.0043
703 704 0.0021
703 705 0.0043
1 706 0.0115
707 706 0.1013
710 706 0.0433
706 707 0.1013
708 707 0.0143
843 707 0.0365
707 708 0.0143
709 708 0.0241
844 708 0.0358
254 709 0.0164
708 709 0.0241
710 709 0.0156
260 710 0.0384
706 710 0.0433
709 710 0.0156
711 710 0.0223
260 711 0.0847
710 711 0.0223
712 711 0.0442
268 712 0.0187
711 712 0.0442
713 712 0.011
268 713 0.015
712 713 0.011
968 713 0.0185
253 714 0.1446
715 714 0.1125
844 714 0.0309
846 714 0.017
254 715 0.0266
714 715 0.1125
798 715 0.0017
844 715 0.0404
298 716 0.0558
717 716 0.0141
719 716 0.0037
716 717 0.0141
718 717 0.0221
720 717 0.0018
717 718 0.0221
716 719 0.0037
1648 719 0.0022
1655 719 0.0043
717 720 0.0018
300 721 0.0087
722 721 0.0011
798 721 0.0022
721 722 0.0011
261 723 0.0263
724 723 0.0031
726 723 0.0368
723 724 0.0031
734 724 0.004
737 724 0.0121
727 725 0.0043
729 725 0.0223
737 725 0.0085
262 726 0.0267
723 726 0.0368
727 726 0.0029
725 727 0.0043
726 727 0.0029
728 727 0.0034
727 728 0.0034
1 729 0.0022
725 729 0.0223
735 729 0.0114
1 730 0.0131
731 730 0.0046
732 730 0.0197
267 731 0.0121
730 731 0.0046
732 731 0.0091
730 732 0.0197
731 732 0.0091
733 732 0.0616
732 733 0.0616
734 733 0.0018
736 733 0.0037
724 734 0.004
733 734 0.0018
735 734 0.0251
729 735 0.0114
734 735 0.0251
737 735 0.0053
733 736 0.0037
724 737 0.0121
725 737 0.0085
735 737 0.0053
739 738 0.0018
747 738 0.0064
983 738 0.007
738 739 0.0018
740 739 0.0048
741 739 0.0014
739 740 0.0048
739 741 0.0014
1 742 0.007
743 742 0.0017
746 742 0.0012
742 743 0.0017
744 743 0.0275
745 743 0.0171
743 744 0.0275
743 745 0.0171
742 746 0.0012
1 747 0.0041
738 747 0.0064
748 747 0.0009
747 748 0.0009
750 749 0.0267
749 750 0.0267
757 750 0.0187
759 750 0.009
757 751 0.0016
758 752 0.0696
353 753 0.0303
754 753 0.0047
758 753 0.0303
753 754 0.0047
355 755 0.0145
356 755 0.0095
756 755 0.0074
755 756 0.0074
750 757 0.0187
751 757 0.0016
758 757 0.0175
752 758 0.0696
753 758 0.0303
757 758 0.0175
750 759 0.009
568 760 0.0016
774 760 0.0025
776 760 0.004
568 761 0.0494
569 761 0.0052
762 761 0.0028
761 762 0.0028
307 763 0.0028
308 763 0.0024
764 763 0.0021
767 763 0.0056
763 764 0.0021
765 764 0.002
790 764 0.001
764 765 0.002
766 765 0.0031
793 765 0.0039
765 766 0.0031
763 767 0.0056
768 767 0.0345
770 767 0.0136
767 768 0.0345
769 768 0.0023
770 768 0.012
771 768 0.0053
768 769 0.0023
569 770 0.0034
767 770 0.0136
768 770 0.012
768 771 0.0053
772 771 0.0025
774 771 0.0055
771 772 0.0025
773 772 0.0026
1589 772 0.0055
772 773 0.0026
760 774 0.0025
771 774 0.0055
775 774 0.004
774 775 0.004
760 776 0.004
308 777 0.0254
778 777 0.0024
779 777 0.0113
777 778 0.0024
777 779 0.0113
302 780 0.0065
781 780 0.01
1085 780 0.019
780 781 0.01
782 781 0.0022
786 781 0.0236
1590 781 0.0014
781 782 0.0022
302 783 0.0022
784 783 0.0019
785 783 0.0024
783 784 0.0019
783 785 0.0024
781 786 0.0236
787 786 0.0088
788 786 0.0073
786 787 0.0088
340 788 0.0358
786 788 0.0073
789 788 0.0019
1071 788 0.0765
788 789 0.0019
790 789 0.0098
791 789 0.007
764 790 0.001
789 790 0.0098
795 790 0.0064
789 791 0.007
793 791 0.0018
795 791 0.0134
795 792 0.003
765 793 0.0039
791 793 0.0018
794 793 0.0215
793 794 0.0215
790 795 0.0064
791 795 0.0134
792 795 0.003
305 796 0.0029
303 797 0.0077
304 797 0.0646
577 797 0.0213
578 797 0.0485
715 798 0.0017
721 798 0.0022
799 798 0.0022
798 799 0.0022
373 800 0.0036
379 800 0.0028
801 800 0.0057
800 801 0.0057
1 802 0.0115
805 802 0.005
819 802 0.0076
804 803 0.0195
819 803 0.0033
822 803 0.012
648 804 0.0263
649 804 0.0184
803 804 0.0195
822 804 0.0074
184 805 0.0237
802 805 0.005
807 805 0.0217
807 806 0.0028
183 807 0.055
805 807 0.0217
806 807 0.0028
808 807 0.0077
809 807 0.0233
509 808 0.0012
807 808 0.0077
811 808 0.0061
1 809 0.0053
807 809 0.0233
810 809 0.0288
809 810 0.0288
808 811 0.0061
511 812 0.0193
813 812 0.0193
815 812 0.0037
816 812 0.014
817 812 0.0093
200 813 0.0033
812 813 0.0193
814 813 0.0039
183 814 0.0048
200 814 0.0051
813 814 0.0039
812 815 0.0037
812 816 0.014
812 817 0.0093
512 818 0.0088
802 819 0.0076
803 819 0.0033
820 819 0.0101
819 820 0.0101
821 820 0.0055
824 820 0.0292
820 821 0.0055
822 821 0.0056
824 821 0.0099
803 822 0.012
804 822 0.0074
821 822 0.0056
1 823 0.0055
824 823 0.0055
825 823 0.0343
820 824 0.0292
821 824 0.0099
823 824 0.0055
349 825 0.0291
823 825 0.0343
826 825 0.1347
832 825 0.0384
1 826 0.0045
825 826 0.1347
827 826 0.0044
832 826 0.0445
826 827 0.0044
828 827 0.0095
829 827 0.0212
827 828 0.0095
827 829 0.0212
830 829 0.0026
831 829 0.0081
829 830 0.0026
829 831 0.0081
1 832 0.007
825 832 0.0384
826 832 0.0445
3 833 0.0019
504 833 0.002
834 833 0.001
833 834 0.001
1 835 0.0145
502 835 0.0233
503 835 0.0076
836 835 0.0005
505 836 0.003
516 836 0.0037
835 836 0.0005
184 837 0.0213
838 837 0.045
840 837 0.0437
185 838 0.004
837 838 0.045
839 838 0.0013
838 839 0.0013
201 840 0.0761
837 840 0.0437
841 840 0.0027
362 841 0.0678
840 841 0.0027
842 841 0.0153
841 842 0.0153
253 843 0.0177
707 843 0.0365
844 843 0.0121
708 844 0.0358
714 844 0.0309
715 844 0.0404
843 844 0.0121
252 845 0.0115
299 845 0.0546
846 845 0.2367
300 846 0.0733
714 846 0.017
845 846 0.2367
289 847 0.0037
848 847 0.0035
850 847 0.0029
847 848 0.0035
849 848 0.0039
850 848 0.0026
848 849 0.0039
380 850 0.0021
847 850 0.0029
848 850 0.0026
288 851 0.0043
852 851 0.0012
1023 851 0.0074
851 852 0.0012
381 853 0.003
373 854 0.0027
287 855 0.0017
255 856 0.0018
256 856 0.0082
857 856 0.0034
862 856 0.0062
856 857 0.0034
858 857 0.0132
860 857 0.0052
257 858 0.0041
857 858 0.0132
859 858 0.0182
868 858 0.0023
858 859 0.0182
269 860 0.0022
857 860 0.0052
861 860 0.003
860 861 0.003
856 862 0.0062
258 863 0.0008
272 864 0.0008
275 865 0.0045
866 865 0.0014
867 865 0.0026
865 866 0.0014
865 867 0.0026
858 868 0.0023
319 869 0.0022
321 870 0.0052
871 870 0.008
872 870 0.0123
870 871 0.008
870 872 0.0123
325 873 0.0114
874 873 0.0059
1793 873 0.0027
873 874 0.0059
238 875 0.0032
239 875 0.0053
249 875 0.0081
309 876 0.0093
879 876 0.0044
1794 876 0.0014
878 877 0.0099
1396 877 0.0173
1794 877 0.0066
243 878 0.0069
877 878 0.0099
1397 878 0.0188
1794 878 0.0163
876 879 0.0044
243 880 0.0165
885 880 0.0034
1380 880 0.0096
1386 880 0.0033
312 881 0.0192
882 881 0.0064
884 881 0.0017
881 882 0.0064
883 882 0.0046
884 882 0.0089
1397 882 0.0023
882 883 0.0046
881 884 0.0017
882 884 0.0089
1388 884 0.0082
242 885 0.01
880 885 0.0034
1381 885 0.0091
266 886 0.046
888 886 0.0014
889 886 0.0042
889 887 0.0037
886 888 0.0014
886 889 0.0042
887 889 0.0037
890 889 0.005
889 890 0.005
1 891 0.0043
892 891 0.0034
893 891 0.0039
891 892 0.0034
891 893 0.0039
630 894 0.0026
208 895 0.0228
209 895 0.0614
1315 895 0.0008
639 896 0.0219
897 896 0.0026
898 896 0.0061
896 897 0.0026
907 897 0.0008
1322 897 0.0171
896 898 0.0061
635 899 0.0018
637 899 0.0052
900 899 0.0041
899 900 0.0041
645 901 0.0029
902 901 0.0015
903 901 0.0083
901 902 0.0015
162 903 0.0065
901 903 0.0083
904 903 0.0042
903 904 0.0042
165 905 0.0011
166 906 0.0027
207 907 0.0006
897 907 0.0008
908 907 0.0077
907 908 0.0077
407 909 0.0079
407 910 0.0561
408 910 0.0583
911 910 0.0059
910 911 0.0059
216 912 0.004
440 913 0.0028
441 913 0.0066
914 913 0.01
913 914 0.01
439 915 0.0035
113 916 0.002
917 916 0.0335
920 916 0.0076
916 917 0.0335
918 917 0.0097
921 917 0.0048
127 918 0.0222
917 918 0.0097
919 918 0.0049
64 919 0.0218
127 919 0.0031
918 919 0.0049
916 920 0.0076
917 921 0.0048
449 922 0.0025
112 923 0.0015
111 924 0.0014
103 925 0.0066
104 925 0.0077
1064 925 0.0098
63 926 0.0297
103 926 0.0126
104 926 0.003
119 927 0.0047
97 928 0.0017
101 929 0.0023
118 930 0.0022
97 931 0.0518
932 931 0.0176
933 931 0.0042
98 932 0.0146
931 932 0.0176
934 932 0.0026
931 933 0.0042
932 934 0.0026
98 935 0.0073
128 936 0.0019
444 937 0.0024
135 938 0.0125
939 938 0.0025
941 938 0.0175
938 939 0.0025
940 939 0.0053
942 939 0.0202
939 940 0.0053
942 940 0.0074
1778 940 0.0055
48 941 0.0466
938 941 0.0175
1780 941 0.0011
939 942 0.0202
940 942 0.0074
943 942 0.0021
942 943 0.0021
1243 944 0.0034
1286 944 0.0025
1777 944 0.0017
1780 944 0.004
50 945 0.0015
49 946 0.0205
947 946 0.001
948 946 0.0022
946 947 0.001
946 948 0.0022
467 949 0.0016
485 949 0.0081
950 949 0.0051
949 950 0.0051
488 951 0.0074
47 952 0.0007
13 953 0.0018
13 954 0.028
14 954 0.0269
955 954 0.0053
954 955 0.0053
956 955 0.0032
959 955 0.0047
955 956 0.0032
957 956 0.0024
958 956 0.0032
956 957 0.0024
956 958 0.0032
14 959 0.0096
955 959 0.0047
960 959 0.0063
959 960 0.0063
961 960 0.0051
1127 960 0.0041
960 961 0.0051
1116 961 0.0014
1704 961 0.0032
672 962 0.0129
673 962 0.0058
680 962 0.007
198 963 0.0185
673 963 0.0064
679 963 0.0012
198 964 0.0199
673 964 0.0063
965 964 0.0059
196 965 0.0031
964 965 0.0059
966 965 0.0064
965 966 0.0064
186 967 0.0074
713 968 0.0185
969 968 0.0087
1069 968 0.0116
583 969 0.0133
968 969 0.0087
973 969 0.0024
583 970 0.0116
590 970 0.003
971 970 0.0119
591 971 0.0055
970 971 0.0119
972 971 0.0133
591 972 0.0076
592 972 0.0045
971 972 0.0133
973 972 0.0214
969 973 0.0024
972 973 0.0214
974 973 0.003
973 974 0.003
592 975 0.0073
585 976 0.0095
586 976 0.0088
591 976 0.0092
591 977 0.0029
262 978 0.048
979 978 0.0994
980 978 0.0012
263 979 0.0362
978 979 0.0994
981 979 0.0021
978 980 0.0012
979 981 0.0021
329 982 0.0027
1 983 0.0067
594 983 0.0021
738 983 0.007
1 984 0.0038
401 984 0.0024
985 984 0.0112
1 985 0.0049
984 985 0.0112
986 985 0.0083
985 986 0.0083
987 986 0.002
988 986 0.0095
986 987 0.002
402 988 0.0013
986 988 0.0095
989 988 0.0041
988 989 0.0041
207 990 0.0037
433 991 0.0012
434 992 0.0036
81 993 0.0061
179 993 0.0315
994 993 0.0025
993 994 0.0025
136 995 0.0116
996 995 0.0017
998 995 0.0053
995 996 0.0017
997 996 0.0136
1000 996 0.0031
996 997 0.0136
995 998 0.0053
999 998 0.0054
1002 998 0.0061
998 999 0.0054
135 1000 0.0041
996 1000 0.0031
1001 1000 0.0056
1000 1001 0.0056
998 1002 0.0061
60 1003 0.0028
61 1003 0.0027
465 1003 0.0043
59 1004 0.0062
1005 1004 0.003
1006 1004 0.0042
1004 1005 0.003
1004 1006 0.0042
28 1007 0.0059
486 1007 0.0319
1008 1007 0.0052
1007 1008 0.0052
283 1009 0.0021
292 1010 0.0107
295 1011 0.016
294 1012 0.0141
337 1013 0.0113
396 1013 0.0163
1555 1013 0.0051
1565 1013 0.0059
1568 1013 0.0044
283 1014 0.0117
282 1015 0.0003
1016 1015 0.0036
1017 1015 0.0039
1015 1016 0.0036
1015 1017 0.0039
280 1018 0.0096
291 1019 0.0023
288 1020 0.0115
288 1021 0.015
1022 1021 0.0085
1023 1021 0.0382
1021 1022 0.0085
289 1023 0.0088
851 1023 0.0074
1021 1023 0.0382
265 1024 0.0024
327 1025 0.0022
247 1026 0.0026
1027 1026 0.0053
1028 1026 0.0033
1029 1026 0.0044
1026 1027 0.0053
240 1028 0.0093
241 1028 0.0324
328 1028 0.0122
1026 1028 0.0033
1026 1029 0.0044
264 1030 0.0032
1031 1030 0.0054
1032 1030 0.0067
1030 1031 0.0054
1030 1032 0.0067
264 1033 0.0568
265 1033 0.0215
1549 1033 0.0011
234 1034 0.0023
616 1035 0.0018
616 1036 0.0057
