2 1 0.0105
3 1 0.011
4 1 0.0112
5 1 0.0125
6 1 0.0185
7 1 0.0105
8 1 0.0111
9 1 0.0112
12 1 0.0091
19 1 0.0026
21 1 0.0091
117 1 0.0002
128 1 0.0003
160 1 0.0083
181 1 0.0019
233 1 0.0043
342 1 0.0054
358 1 0.0112
359 1 0.0105
612 1 0.0116
613 1 0.0114
1 2 0.0105
21 2 0.0681
23 2 0.0116
1 3 0.011
192 3 0.0097
359 3 0.0067
360 3 0.0663
1 4 0.0112
154 4 0.003
159 4 0.0025
598 4 0.0002
1 5 0.0125
146 5 0.0001
153 5 0.0001
1 6 0.0185
120 6 0.002
128 6 0.0011
1 7 0.0105
1 8 0.0111
1 9 0.0112
11 10 0.0232
15 10 0.008
109 10 0.0004
498 10 0.0003
10 11 0.0232
12 11 0.0357
15 11 0.0422
1 12 0.0091
11 12 0.0357
13 12 0.0006
12 13 0.0006
14 13 0.0126
617 13 0.0186
13 14 0.0126
15 14 0.101
16 14 0.0137
503 14 0.0013
10 15 0.008
11 15 0.0422
14 15 0.101
14 16 0.0137
618 16 0.0334
619 16 0.0006
18 17 0.0272
616 17 0.0587
617 17 0.0065
17 18 0.0272
19 18 0.0069
25 18 0.001
616 18 0.102
1 19 0.0026
18 19 0.0069
20 19 0.0678
620 19 0.0006
19 20 0.0678
21 20 0.0207
22 20 0.0009
1 21 0.0091
2 21 0.0681
20 21 0.0207
20 22 0.0009
23 22 0.0006
244 22 0.008
2 23 0.0116
22 23 0.0006
220 23 0.0031
487 24 0.0007
616 24 0.0037
617 24 0.0037
618 24 0.001
625 24 0.0351
630 24 0.0873
18 25 0.001
26 25 0.0089
621 25 0.001
25 26 0.0089
615 26 0.0048
622 26 0.0536
37 27 0.0057
38 27 0.0054
622 27 0.0462
29 28 0.0017
618 28 0.0016
619 28 0.0025
28 29 0.0017
480 29 0.0018
484 29 0.0027
97 30 0.0011
478 30 0.0039
484 30 0.0081
32 31 0.002
89 31 0.0019
90 31 0.0023
478 31 0.0011
31 32 0.002
479 32 0.0166
481 32 0.0038
34 33 0.003
39 33 0.0008
477 33 0.0041
33 34 0.003
35 34 0.004
625 34 0.0025
34 35 0.004
36 35 0.0064
37 35 0.0019
35 36 0.0064
40 36 0.0084
508 36 0.0007
27 37 0.0057
35 37 0.0019
234 37 0.0015
27 38 0.0054
33 39 0.0008
40 39 0.0006
476 39 0.0007
627 39 0.0023
36 40 0.0084
39 40 0.0006
42 40 0.0198
43 40 0.0054
42 41 0.0078
44 41 0.0057
511 41 0.0071
40 42 0.0198
41 42 0.0078
50 42 0.0016
40 43 0.0054
513 43 0.0032
628 43 0.0023
41 44 0.0057
46 44 0.0026
435 44 0.0012
48 45 0.0056
511 45 0.003
512 45 0.0022
44 46 0.0026
48 47 0.007
51 47 0.0095
510 47 0.0135
45 48 0.0056
47 48 0.007
51 48 0.0219
511 49 0.0525
42 50 0.0016
508 50 0.002
511 50 0.0028
47 51 0.0095
48 51 0.0219
53 51 0.0067
54 51 0.0032
254 51 0.0008
408 51 0.0006
507 51 0.0032
234 52 0.0009
239 52 0.0007
506 52 0.0013
507 52 0.0013
51 53 0.0067
415 53 0.0057
506 53 0.001
51 54 0.0032
414 54 0.0331
415 54 0.0117
57 55 0.0194
443 55 0.05
454 55 0.0122
434 56 0.1294
435 56 0.0147
442 56 0.0516
55 57 0.0194
443 57 0.0176
444 57 0.0649
451 57 0.1261
62 58 0.0451
71 58 0.0034
457 58 0.0161
458 58 0.0537
459 58 0.0142
446 59 0.0098
455 59 0.0035
459 59 0.019
258 60 0.0066
430 60 0.005
441 60 0.0218
256 61 0.0026
430 61 0.0081
431 61 0.0084
58 62 0.0451
63 62 0.032
70 62 0.0059
460 62 0.0314
62 63 0.032
69 63 0.0199
460 63 0.0388
65 64 0.0083
67 64 0.0084
460 64 0.0105
64 65 0.0083
462 65 0.0259
463 65 0.0072
464 65 0.0052
463 66 0.0015
64 67 0.0084
68 67 0.0077
73 67 0.0104
462 67 0.0036
67 68 0.0077
96 68 0.0016
466 68 0.0193
476 68 0.0006
63 69 0.0199
62 70 0.0059
58 71 0.0034
72 71 0.0159
80 71 0.0084
471 71 0.0169
71 72 0.0159
80 72 0.0255
470 72 0.016
67 73 0.0104
74 73 0.0244
75 73 0.0078
73 74 0.0244
461 74 0.0182
468 74 0.0098
469 74 0.0033
73 75 0.0078
76 75 0.0027
77 75 0.0016
75 76 0.0027
77 76 0.0035
78 76 0.0015
75 77 0.0016
76 77 0.0035
79 77 0.0017
76 78 0.0015
77 79 0.0017
86 79 0.0038
473 79 0.0153
71 80 0.0084
72 80 0.0255
81 80 0.0048
82 80 0.0055
80 81 0.0048
86 81 0.0045
472 81 0.0121
80 82 0.0055
83 82 0.0056
84 82 0.0077
82 83 0.0056
82 84 0.0077
472 85 0.0042
79 86 0.0038
81 86 0.0045
87 86 0.0031
472 86 0.0085
86 87 0.0031
473 88 0.0021
31 89 0.0019
90 89 0.0028
91 89 0.0005
31 90 0.0023
89 90 0.0028
91 90 0.001
89 91 0.0005
90 91 0.001
92 91 0.0016
91 92 0.0016
93 92 0.0011
94 92 0.0034
95 92 0.0012
92 93 0.0011
94 93 0.0026
476 93 0.0018
92 94 0.0034
93 94 0.0026
95 94 0.0012
92 95 0.0012
94 95 0.0012
475 95 0.0022
68 96 0.0016
30 97 0.0011
98 97 0.0004
100 97 0.0007
97 98 0.0004
484 98 0.001
485 98 0.0022
619 98 0.0003
104 99 0.0081
105 99 0.0009
485 99 0.0024
491 99 0.0015
492 99 0.0008
97 100 0.0007
488 101 0.0074
103 102 0.0085
106 102 0.0009
488 102 0.0359
102 103 0.0085
104 103 0.0029
105 103 0.0071
489 103 0.0225
99 104 0.0081
103 104 0.0029
489 104 0.0038
99 105 0.0009
103 105 0.0071
488 105 0.0125
102 106 0.0009
489 107 0.0003
497 107 0.0011
629 107 0.0019
110 108 0.0004
112 108 0.003
113 108 0.0037
114 108 0.002
497 108 0.0068
498 108 0.0034
10 109 0.0004
110 109 0.0007
501 109 0.0089
108 110 0.0004
109 110 0.0007
502 110 0.0022
496 111 0.0025
108 112 0.003
108 113 0.0037
108 114 0.002
116 115 0.0054
115 116 0.0054
117 116 0.0017
499 116 0.001
1 117 0.0002
116 117 0.0017
121 117 0.0012
499 118 0.0009
499 119 0.0011
6 120 0.002
606 120 0.0008
608 120 0.0018
609 120 0.0084
117 121 0.0012
504 121 0.0539
609 121 0.007
124 122 0.0006
151 123 0.0058
607 123 0.004
608 123 0.0013
122 124 0.0006
125 124 0.0013
151 124 0.022
610 124 0.0074
124 125 0.0013
610 126 0.0037
134 127 0.0003
150 127 0.0008
610 127 0.0057
1 128 0.0003
6 128 0.0011
605 128 0.0002
130 129 0.0002
604 129 0.0022
605 129 0.0007
129 130 0.0002
131 130 0.0076
144 130 0.0011
130 131 0.0076
132 131 0.0008
136 131 0.0012
131 132 0.0008
606 132 0.0116
607 132 0.0019
136 133 0.0071
127 134 0.0003
135 134 0.0007
150 134 0.0022
134 135 0.0007
136 135 0.0013
149 135 0.0004
150 135 0.0009
131 136 0.0012
133 136 0.0071
135 136 0.0013
138 136 0.0136
611 136 0.0193
611 137 0.0018
136 138 0.0136
139 138 0.0036
143 138 0.0019
138 139 0.0036
140 139 0.0016
141 139 0.0041
139 140 0.0016
139 141 0.0041
611 142 0.0004
138 143 0.0019
144 143 0.0023
145 143 0.0054
147 143 0.0017
130 144 0.0011
143 144 0.0023
145 144 0.0012
143 145 0.0054
144 145 0.0012
146 145 0.0008
5 146 0.0001
145 146 0.0008
148 146 0.0009
143 147 0.0017
148 147 0.0005
152 147 0.0008
146 148 0.0009
147 148 0.0005
152 148 0.0008
603 148 0.0017
135 149 0.0004
127 150 0.0008
134 150 0.0022
135 150 0.0009
151 150 0.0006
123 151 0.0058
124 151 0.022
150 151 0.0006
147 152 0.0008
148 152 0.0008
153 152 0.0047
5 153 0.0001
152 153 0.0047
601 153 0.0005
4 154 0.003
158 154 0.0033
601 154 0.0002
156 155 0.0003
157 155 0.0004
599 155 0.0008
155 156 0.0003
155 157 0.0004
158 157 0.0006
177 157 0.0005
154 158 0.0033
157 158 0.0006
161 158 0.0013
4 159 0.0025
160 159 0.0082
164 159 0.0118
1 160 0.0083
159 160 0.0082
169 160 0.019
158 161 0.0013
162 161 0.0014
598 161 0.0184
161 162 0.0014
164 163 0.0036
159 164 0.0118
163 164 0.0036
166 164 0.0036
596 164 0.0013
166 165 0.0016
171 165 0.0017
583 165 0.0006
596 165 0.0025
164 166 0.0036
165 166 0.0016
167 166 0.003
166 167 0.003
168 167 0.0034
181 167 0.0105
167 168 0.0034
169 168 0.0033
170 168 0.0015
181 168 0.0018
160 169 0.019
168 169 0.0033
170 169 0.0082
168 170 0.0015
169 170 0.0082
181 170 0.0038
165 171 0.0017
172 171 0.0028
173 171 0.003
171 172 0.0028
174 172 0.0016
175 172 0.0285
171 173 0.003
178 173 0.0188
179 173 0.001
180 173 0.0009
594 173 0.0011
172 174 0.0016
175 174 0.0022
176 174 0.0021
177 174 0.0022
172 175 0.0285
174 175 0.0022
594 175 0.0045
174 176 0.0021
177 176 0.0283
594 176 0.0082
157 177 0.0005
174 177 0.0022
176 177 0.0283
173 178 0.0188
179 178 0.0152
180 178 0.0032
301 178 0.0007
173 179 0.001
178 179 0.0152
300 179 0.0005
173 180 0.0009
178 180 0.0032
593 180 0.001
1 181 0.0019
167 181 0.0105
168 181 0.0018
170 181 0.0038
362 181 0.0022
184 182 0.0002
359 182 0.0006
360 182 0.0013
295 183 0.0013
361 183 0.0065
362 183 0.0086
182 184 0.0002
194 184 0.0037
294 184 0.0014
361 184 0.0152
186 185 0.0052
194 185 0.0083
338 185 0.0062
185 186 0.0052
188 186 0.0367
364 186 0.0052
365 186 0.0047
338 187 0.0116
363 187 0.0054
364 187 0.0094
186 188 0.0367
189 188 0.0026
363 188 0.0571
188 189 0.0026
190 189 0.0326
340 189 0.009
189 190 0.0326
191 190 0.0061
193 190 0.0043
190 191 0.0061
192 191 0.0412
340 191 0.0019
3 192 0.0097
191 192 0.0412
341 192 0.0941
190 193 0.0043
184 194 0.0037
185 194 0.0083
195 194 0.0105
201 194 0.0037
293 194 0.0026
194 195 0.0105
337 196 0.1059
338 196 0.099
339 196 0.0805
198 197 0.0218
199 197 0.0129
337 197 0.0011
197 198 0.0218
202 198 0.0058
214 198 0.0025
197 199 0.0129
200 199 0.0128
203 199 0.0106
368 199 0.0075
199 200 0.0128
201 200 0.0112
203 200 0.0283
367 200 0.0222
194 201 0.0037
200 201 0.0112
366 201 0.0021
198 202 0.0058
203 202 0.0159
204 202 0.0193
206 202 0.0185
252 202 0.0033
263 202 0.0027
285 202 0.006
286 202 0.0131
289 202 0.014
563 202 0.0062
199 203 0.0106
200 203 0.0283
202 203 0.0159
202 204 0.0193
205 204 0.0087
207 204 0.027
204 205 0.0087
207 205 0.005
208 205 0.0013
202 206 0.0185
204 207 0.027
205 207 0.005
208 207 0.0025
209 207 0.034
212 207 0.0115
205 208 0.0013
207 208 0.0025
211 208 0.0088
207 209 0.034
210 209 0.0215
351 209 0.0037
209 210 0.0215
211 210 0.0067
215 210 0.0497
228 210 0.0041
350 210 0.0963
208 211 0.0088
210 211 0.0067
228 211 0.0023
207 212 0.0115
347 212 0.0448
348 212 0.0021
351 212 0.0018
214 213 0.0853
345 213 0.0068
349 213 0.0381
198 214 0.0025
213 214 0.0853
343 214 0.1431
210 215 0.0497
216 215 0.0148
217 215 0.0243
215 216 0.0148
354 216 0.1652
369 216 0.0102
215 217 0.0243
218 217 0.0038
372 217 0.0129
217 218 0.0038
223 218 0.0064
355 218 0.0116
353 219 0.0033
23 220 0.0031
222 220 0.0028
233 220 0.0057
357 220 0.0112
356 221 0.0126
220 222 0.0028
223 222 0.0016
352 222 0.0142
218 223 0.0064
222 223 0.0016
224 223 0.0098
223 224 0.0098
225 224 0.0806
370 224 0.0044
224 225 0.0806
226 225 0.0246
227 225 0.0241
225 226 0.0246
374 226 0.0152
379 226 0.0075
225 227 0.0241
238 227 0.0007
380 227 0.014
210 228 0.0041
211 228 0.0023
371 228 0.0141
230 229 0.0606
232 229 0.0049
371 229 0.0176
378 229 0.0037
229 230 0.0606
372 230 0.0322
373 230 0.0397
376 230 0.0499
373 231 0.0174
374 231 0.031
375 231 0.0568
229 232 0.0049
378 232 0.0255
382 232 0.0224
384 232 0.0236
385 232 0.0979
1 233 0.0043
220 233 0.0057
357 233 0.0215
37 234 0.0015
52 234 0.0009
626 234 0.0033
377 235 0.0908
381 235 0.0595
384 235 0.0135
253 236 0.0528
375 236 0.027
379 236 0.0009
381 236 0.0954
241 237 0.0019
243 237 0.0016
379 237 0.0088
227 238 0.0007
52 239 0.0007
245 240 0.0014
391 240 0.0095
392 240 0.001
237 241 0.0019
242 241 0.0083
390 241 0.0017
241 242 0.0083
243 242 0.0157
388 242 0.0453
392 242 0.1713
237 243 0.0016
242 243 0.0157
388 243 0.0896
22 244 0.008
380 244 0.0074
624 244 0.0559
240 245 0.0014
407 245 0.0034
410 245 0.0037
411 245 0.0056
412 245 0.0114
414 245 0.0107
393 246 0.0107
402 246 0.1913
403 246 0.0039
404 246 0.0049
505 246 0.0427
253 247 0.0572
398 247 0.0401
505 247 0.067
396 248 0.0026
397 248 0.0031
400 248 0.0087
397 249 0.0009
385 250 0.0029
395 250 0.0047
401 250 0.014
252 251 0.0021
263 251 0.0005
401 251 0.001
202 252 0.0033
251 252 0.0021
401 252 0.0013
236 253 0.0528
247 253 0.0572
381 253 0.0502
383 253 0.0714
387 253 0.0949
388 253 0.0586
393 253 0.0264
51 254 0.0008
256 254 0.0124
409 254 0.0031
417 254 0.0058
407 255 0.0065
417 255 0.0571
419 255 0.0395
61 256 0.0026
254 256 0.0124
422 256 0.0014
432 256 0.0038
258 257 0.0038
423 257 0.0252
433 257 0.0294
60 258 0.0066
257 258 0.0038
424 258 0.0573
425 258 0.0131
270 259 0.0016
400 259 0.0131
403 259 0.0011
418 260 0.0124
514 260 0.0162
518 260 0.0021
418 261 0.0005
514 261 0.0595
515 261 0.0005
519 261 0.0384
280 262 0.0054
281 262 0.0033
544 262 0.002
202 263 0.0027
251 263 0.0005
563 263 0.0009
279 264 0.0085
542 264 0.0044
543 264 0.0035
266 265 0.0199
331 265 0.0027
543 265 0.0027
265 266 0.0199
267 266 0.0216
269 266 0.001
266 267 0.0216
269 267 0.0009
270 267 0.0117
269 268 0.0026
270 268 0.0008
536 268 0.0034
266 269 0.001
267 269 0.0009
268 269 0.0026
259 270 0.0016
267 270 0.0117
268 270 0.0008
406 270 0.0046
542 270 0.0024
419 271 0.0017
428 271 0.052
517 271 0.0111
521 271 0.0037
427 272 0.04
274 273 0.0016
516 273 0.0129
520 273 0.0012
273 274 0.0016
275 274 0.0029
516 274 0.0016
528 274 0.011
274 275 0.0029
526 275 0.0111
535 275 0.0021
533 276 0.0047
535 276 0.0013
538 276 0.0006
530 277 0.0178
531 277 0.0218
532 277 0.0075
533 277 0.0128
334 278 0.0004
531 278 0.0282
536 278 0.0039
539 278 0.0007
264 279 0.0085
280 279 0.0113
542 279 0.0052
262 280 0.0054
279 280 0.0113
281 280 0.0011
282 280 0.0074
284 280 0.0003
262 281 0.0033
280 281 0.0011
563 281 0.0048
280 282 0.0074
285 282 0.0136
564 282 0.0022
322 283 0.0004
564 283 0.0051
565 283 0.0031
280 284 0.0003
291 284 0.0006
565 284 0.0027
202 285 0.006
282 285 0.0136
577 285 0.0002
202 286 0.0131
287 286 0.002
574 286 0.0043
286 287 0.002
574 287 0.0016
575 287 0.0145
577 287 0.0004
292 288 0.0008
575 288 0.0146
576 288 0.0067
202 289 0.014
574 289 0.0197
576 289 0.0151
291 290 0.0117
543 290 0.0013
545 290 0.0008
549 290 0.0035
284 291 0.0006
290 291 0.0117
323 291 0.0059
288 292 0.0008
293 292 0.0006
566 292 0.0009
194 293 0.0026
292 293 0.0006
581 293 0.0003
184 294 0.0014
296 294 0.0014
313 294 0.0002
183 295 0.0013
583 295 0.0095
584 295 0.0115
585 295 0.0481
294 296 0.0014
297 296 0.0018
315 296 0.0014
296 297 0.0018
299 298 0.0042
584 298 0.0005
588 298 0.0095
298 299 0.0042
300 299 0.0027
303 299 0.0025
179 300 0.0005
299 300 0.0027
301 300 0.0006
178 301 0.0007
300 301 0.0006
302 301 0.0014
301 302 0.0014
590 302 0.0017
592 302 0.0009
299 303 0.0025
304 303 0.0012
591 303 0.0019
303 304 0.0012
306 304 0.0057
307 304 0.0021
589 304 0.0017
306 305 0.003
314 305 0.0002
589 305 0.001
304 306 0.0057
305 306 0.003
308 306 0.0096
304 307 0.0021
309 307 0.0032
591 307 0.004
306 308 0.0096
309 308 0.0058
310 308 0.0086
311 308 0.0033
312 308 0.0156
307 309 0.0032
308 309 0.0058
310 309 0.0055
308 310 0.0086
309 310 0.0055
590 310 0.0148
308 311 0.0033
308 312 0.0156
294 313 0.0002
305 314 0.0002
586 314 0.0063
587 314 0.0045
296 315 0.0014
318 316 0.001
566 316 0.001
571 316 0.0022
319 317 0.0003
570 317 0.0107
573 317 0.0006
316 318 0.001
568 318 0.0026
569 318 0.0024
317 319 0.0003
320 319 0.0004
581 319 0.0004
319 320 0.0004
322 321 0.0005
324 321 0.0027
578 321 0.0001
283 322 0.0004
321 322 0.0005
323 322 0.0018
579 322 0.0003
291 323 0.0059
322 323 0.0018
324 323 0.0042
321 324 0.0027
323 324 0.0042
325 324 0.0005
551 324 0.0013
324 325 0.0005
551 325 0.0003
559 325 0.0028
568 325 0.0006
550 326 0.0163
555 326 0.0022
562 326 0.0006
562 327 0.0023
552 328 0.0103
555 328 0.0048
557 328 0.0018
553 329 0.0007
552 330 0.0008
265 331 0.0027
332 331 0.0004
540 331 0.0052
331 332 0.0004
540 333 0.0106
541 333 0.0013
546 333 0.0074
547 333 0.001
278 334 0.0004
335 334 0.0005
541 334 0.0239
334 335 0.0005
336 335 0.0013
546 335 0.0016
335 336 0.0013
196 337 0.1059
197 337 0.0011
340 337 0.0036
185 338 0.0062
187 338 0.0116
196 338 0.099
196 339 0.0805
366 339 0.0349
368 339 0.1157
189 340 0.009
191 340 0.0019
337 340 0.0036
342 340 0.0014
192 341 0.0941
1 342 0.0054
340 342 0.0014
343 342 0.0026
214 343 0.1431
342 343 0.0026
344 343 0.0353
343 344 0.0353
349 344 0.0043
357 344 0.0012
213 345 0.0068
346 345 0.0017
348 345 0.0037
345 346 0.0017
347 346 0.0048
348 346 0.0103
369 346 0.0347
212 347 0.0448
346 347 0.0048
351 347 0.0022
212 348 0.0021
345 348 0.0037
346 348 0.0103
213 349 0.0381
344 349 0.0043
369 349 0.1249
210 350 0.0963
209 351 0.0037
212 351 0.0018
347 351 0.0022
222 352 0.0142
219 353 0.0033
354 353 0.0192
356 353 0.01
216 354 0.1652
353 354 0.0192
355 354 0.2455
218 355 0.0116
354 355 0.2455
356 355 0.0142
221 356 0.0126
353 356 0.01
355 356 0.0142
220 357 0.0112
233 357 0.0215
344 357 0.0012
1 358 0.0112
1 359 0.0105
3 359 0.0067
182 359 0.0006
360 359 0.0011
3 360 0.0663
182 360 0.0013
359 360 0.0011
183 361 0.0065
184 361 0.0152
362 361 0.0062
181 362 0.0022
183 362 0.0086
361 362 0.0062
187 363 0.0054
188 363 0.0571
364 363 0.0618
186 364 0.0052
187 364 0.0094
363 364 0.0618
186 365 0.0047
201 366 0.0021
339 366 0.0349
367 366 0.0114
200 367 0.0222
366 367 0.0114
368 367 0.0128
199 368 0.0075
339 368 0.1157
367 368 0.0128
216 369 0.0102
346 369 0.0347
349 369 0.1249
224 370 0.0044
228 371 0.0141
229 371 0.0176
372 371 0.0201
217 372 0.0129
230 372 0.0322
371 372 0.0201
373 372 0.0105
230 373 0.0397
231 373 0.0174
372 373 0.0105
226 374 0.0152
231 374 0.031
375 374 0.0154
231 375 0.0568
236 375 0.027
374 375 0.0154
376 375 0.0182
230 376 0.0499
375 376 0.0182
377 376 0.1739
235 377 0.0908
376 377 0.1739
378 377 0.0032
229 378 0.0037
232 378 0.0255
377 378 0.0032
384 378 0.0513
226 379 0.0075
236 379 0.0009
237 379 0.0088
227 380 0.014
244 380 0.0074
389 380 0.0043
235 381 0.0595
236 381 0.0954
253 381 0.0502
382 381 0.1609
232 382 0.0224
381 382 0.1609
383 382 0.128
384 382 0.0236
385 382 0.0222
386 382 0.0212
253 383 0.0714
382 383 0.128
396 383 0.0009
232 384 0.0236
235 384 0.0135
378 384 0.0513
382 384 0.0236
232 385 0.0979
250 385 0.0029
382 385 0.0222
382 386 0.0212
253 387 0.0949
388 387 0.0685
392 387 0.0222
242 388 0.0453
243 388 0.0896
253 388 0.0586
387 388 0.0685
380 389 0.0043
241 390 0.0017
391 390 0.0305
392 390 0.0012
240 391 0.0095
390 391 0.0305
416 391 0.0003
240 392 0.001
242 392 0.1713
387 392 0.0222
390 392 0.0012
393 392 0.0652
246 393 0.0107
253 393 0.0264
392 393 0.0652
397 394 0.004
250 395 0.0047
248 396 0.0026
383 396 0.0009
398 396 0.0008
248 397 0.0031
249 397 0.0009
394 397 0.004
247 398 0.0401
396 398 0.0008
399 398 0.0206
404 398 0.0014
505 398 0.0233
398 399 0.0206
400 399 0.0083
404 399 0.0015
248 400 0.0087
259 400 0.0131
399 400 0.0083
250 401 0.014
251 401 0.001
252 401 0.0013
246 402 0.1913
403 402 0.0013
410 402 0.1526
246 403 0.0039
259 403 0.0011
402 403 0.0013
404 403 0.0016
246 404 0.0049
398 404 0.0014
399 404 0.0015
403 404 0.0016
413 405 0.0006
270 406 0.0046
245 407 0.0034
255 407 0.0065
408 407 0.0166
412 407 0.0398
413 407 0.1363
51 408 0.0006
407 408 0.0166
409 408 0.0019
254 409 0.0031
408 409 0.0019
417 409 0.001
245 410 0.0037
402 410 0.1526
411 410 0.0448
245 411 0.0056
410 411 0.0448
412 411 0.0856
245 412 0.0114
407 412 0.0398
411 412 0.0856
405 413 0.0006
407 413 0.1363
418 413 0.0024
54 414 0.0331
245 414 0.0107
416 414 0.0227
53 415 0.0057
54 415 0.0117
416 415 0.0116
506 415 0.0007
391 416 0.0003
414 416 0.0227
415 416 0.0116
254 417 0.0058
255 417 0.0571
409 417 0.001
260 418 0.0124
261 418 0.0005
413 418 0.0024
255 419 0.0395
271 419 0.0017
420 419 0.0192
419 420 0.0192
421 420 0.0868
427 420 0.0145
420 421 0.0868
422 421 0.0353
425 421 0.012
426 421 0.0116
256 422 0.0014
421 422 0.0353
423 422 0.0129
424 422 0.0065
257 423 0.0252
422 423 0.0129
424 423 0.0393
433 423 0.0115
258 424 0.0573
422 424 0.0065
423 424 0.0393
258 425 0.0131
421 425 0.012
426 425 0.0195
429 425 0.0076
421 426 0.0116
425 426 0.0195
427 426 0.1637
524 426 0.0022
272 427 0.04
420 427 0.0145
426 427 0.1637
428 427 0.0098
271 428 0.052
427 428 0.0098
523 428 0.0023
425 429 0.0076
60 430 0.005
61 430 0.0081
431 430 0.1025
433 430 0.0131
61 431 0.0084
430 431 0.1025
432 431 0.0489
256 432 0.0038
431 432 0.0489
439 432 0.0061
257 433 0.0294
423 433 0.0115
430 433 0.0131
56 434 0.1294
437 434 0.0212
439 434 0.0361
44 435 0.0012
56 435 0.0147
439 435 0.0018
437 436 0.0539
439 436 0.0027
440 436 0.0505
434 437 0.0212
436 437 0.0539
438 437 0.0073
437 438 0.0073
432 439 0.0061
434 439 0.0361
435 439 0.0018
436 439 0.0027
436 440 0.0505
60 441 0.0218
56 442 0.0516
444 442 0.0209
449 442 0.0077
55 443 0.05
57 443 0.0176
449 443 0.0069
57 444 0.0649
442 444 0.0209
449 444 0.0058
448 445 0.0031
59 446 0.0098
447 446 0.0102
453 446 0.028
446 447 0.0102
450 447 0.1177
451 447 0.0952
445 448 0.0031
450 448 0.0414
456 448 0.0269
442 449 0.0077
443 449 0.0069
444 449 0.0058
447 450 0.1177
448 450 0.0414
456 450 0.032
57 451 0.1261
447 451 0.0952
452 451 0.1701
451 452 0.1701
453 452 0.0323
454 452 0.008
446 453 0.028
452 453 0.0323
455 453 0.0144
55 454 0.0122
452 454 0.008
455 454 0.0275
59 455 0.0035
453 455 0.0144
454 455 0.0275
448 456 0.0269
450 456 0.032
457 456 0.1842
58 457 0.0161
456 457 0.1842
458 457 0.0465
58 458 0.0537
457 458 0.0465
459 458 0.1027
58 459 0.0142
59 459 0.019
458 459 0.1027
62 460 0.0314
63 460 0.0388
64 460 0.0105
74 461 0.0182
65 462 0.0259
67 462 0.0036
466 462 0.0041
65 463 0.0072
66 463 0.0015
464 463 0.0082
65 464 0.0052
463 464 0.0082
465 464 0.001
464 465 0.001
68 466 0.0193
462 466 0.0041
467 466 0.0016
466 467 0.0016
74 468 0.0098
74 469 0.0033
72 470 0.016
71 471 0.0169
81 472 0.0121
85 472 0.0042
86 472 0.0085
79 473 0.0153
88 473 0.0021
474 473 0.0012
473 474 0.0012
95 475 0.0022
39 476 0.0007
68 476 0.0006
93 476 0.0018
33 477 0.0041
30 478 0.0039
31 478 0.0011
479 478 0.0029
32 479 0.0166
478 479 0.0029
480 479 0.1065
29 480 0.0018
479 480 0.1065
481 480 0.0746
483 480 0.0075
32 481 0.0038
480 481 0.0746
483 481 0.0537
483 482 0.0011
480 483 0.0075
481 483 0.0537
482 483 0.0011
29 484 0.0027
30 484 0.0081
98 484 0.001
98 485 0.0022
99 485 0.0024
486 485 0.0044
485 486 0.0044
24 487 0.0007
101 488 0.0074
102 488 0.0359
105 488 0.0125
103 489 0.0225
104 489 0.0038
107 489 0.0003
490 489 0.0016
489 490 0.0016
99 491 0.0015
99 492 0.0008
494 493 0.0012
495 493 0.0015
629 493 0.0006
493 494 0.0012
493 495 0.0015
111 496 0.0025
497 496 0.003
629 496 0.0034
107 497 0.0011
108 497 0.0068
496 497 0.003
10 498 0.0003
108 498 0.0034
500 498 0.0035
116 499 0.001
118 499 0.0009
119 499 0.0011
498 500 0.0035
109 501 0.0089
110 502 0.0022
14 503 0.0013
121 504 0.0539
246 505 0.0427
247 505 0.067
398 505 0.0233
52 506 0.0013
53 506 0.001
415 506 0.0007
51 507 0.0032
52 507 0.0013
510 507 0.0019
36 508 0.0007
50 508 0.002
509 508 0.0051
508 509 0.0051
510 509 0.0031
512 509 0.0022
47 510 0.0135
507 510 0.0019
509 510 0.0031
512 510 0.0036
41 511 0.0071
45 511 0.003
49 511 0.0525
50 511 0.0028
45 512 0.0022
509 512 0.0022
510 512 0.0036
43 513 0.0032
260 514 0.0162
261 514 0.0595
518 514 0.0017
261 515 0.0005
273 516 0.0129
274 516 0.0016
519 516 0.0203
271 517 0.0111
518 517 0.0058
519 517 0.0026
260 518 0.0021
514 518 0.0017
517 518 0.0058
261 519 0.0384
516 519 0.0203
517 519 0.0026
273 520 0.0012
271 521 0.0037
522 521 0.0011
523 521 0.0055
521 522 0.0011
428 523 0.0023
521 523 0.0055
524 523 0.0056
426 524 0.0022
523 524 0.0056
525 524 0.0039
524 525 0.0039
275 526 0.0111
527 526 0.002
535 526 0.0038
526 527 0.002
274 528 0.011
529 528 0.0142
532 528 0.0074
528 529 0.0142
277 530 0.0178
531 530 0.009
532 530 0.0021
277 531 0.0218
278 531 0.0282
530 531 0.009
277 532 0.0075
528 532 0.0074
530 532 0.0021
276 533 0.0047
277 533 0.0128
534 533 0.0028
533 534 0.0028
275 535 0.0021
276 535 0.0013
526 535 0.0038
268 536 0.0034
278 536 0.0039
537 536 0.0034
536 537 0.0034
276 538 0.0006
278 539 0.0007
331 540 0.0052
333 540 0.0106
541 540 0.0005
333 541 0.0013
334 541 0.0239
540 541 0.0005
264 542 0.0044
270 542 0.0024
279 542 0.0052
264 543 0.0035
265 543 0.0027
290 543 0.0013
262 544 0.002
290 545 0.0008
333 546 0.0074
335 546 0.0016
548 546 0.0014
333 547 0.001
546 548 0.0014
290 549 0.0035
550 549 0.0004
554 549 0.0006
326 550 0.0163
549 550 0.0004
551 550 0.0085
554 550 0.0018
324 551 0.0013
325 551 0.0003
550 551 0.0085
328 552 0.0103
330 552 0.0008
553 552 0.0125
329 553 0.0007
552 553 0.0125
556 553 0.0021
549 554 0.0006
550 554 0.0018
555 554 0.0062
326 555 0.0022
328 555 0.0048
554 555 0.0062
553 556 0.0021
328 557 0.0018
559 558 0.0014
560 558 0.0011
562 558 0.001
325 559 0.0028
558 559 0.0014
560 559 0.0012
567 559 0.0021
558 560 0.0011
559 560 0.0012
561 560 0.0006
560 561 0.0006
326 562 0.0006
327 562 0.0023
558 562 0.001
202 563 0.0062
263 563 0.0009
281 563 0.0048
282 564 0.0022
283 564 0.0051
565 564 0.0038
283 565 0.0031
284 565 0.0027
564 565 0.0038
292 566 0.0009
316 566 0.001
578 566 0.0438
580 566 0.001
559 567 0.0021
318 568 0.0026
325 568 0.0006
570 568 0.0007
318 569 0.0024
570 569 0.0037
572 569 0.0012
317 570 0.0107
568 570 0.0007
569 570 0.0037
316 571 0.0022
572 571 0.0004
573 571 0.0006
569 572 0.0012
571 572 0.0004
573 572 0.0017
317 573 0.0006
571 573 0.0006
572 573 0.0017
286 574 0.0043
287 574 0.0016
289 574 0.0197
287 575 0.0145
288 575 0.0146
576 575 0.0051
288 576 0.0067
289 576 0.0151
575 576 0.0051
285 577 0.0002
287 577 0.0004
578 577 0.0005
321 578 0.0001
566 578 0.0438
577 578 0.0005
322 579 0.0003
566 580 0.001
293 581 0.0003
319 581 0.0004
582 581 0.0003
581 582 0.0003
165 583 0.0006
295 583 0.0095
585 583 0.0109
295 584 0.0115
298 584 0.0005
585 584 0.0085
586 584 0.0006
295 585 0.0481
583 585 0.0109
584 585 0.0085
314 586 0.0063
584 586 0.0006
587 586 0.0046
314 587 0.0045
586 587 0.0046
588 587 0.0004
298 588 0.0095
587 588 0.0004
589 588 0.0013
304 589 0.0017
305 589 0.001
588 589 0.0013
302 590 0.0017
310 590 0.0148
592 590 0.0072
303 591 0.0019
307 591 0.004
592 591 0.0014
302 592 0.0009
590 592 0.0072
591 592 0.0014
180 593 0.001
173 594 0.0011
175 594 0.0045
176 594 0.0082
596 595 0.0043
164 596 0.0013
165 596 0.0025
595 596 0.0043
598 597 0.0019
4 598 0.0002
161 598 0.0184
597 598 0.0019
155 599 0.0008
600 599 0.0043
601 599 0.0043
599 600 0.0043
601 600 0.0106
602 600 0.0016
153 601 0.0005
154 601 0.0002
599 601 0.0043
600 601 0.0106
600 602 0.0016
148 603 0.0017
129 604 0.0022
128 605 0.0002
129 605 0.0007
606 605 0.0181
120 606 0.0008
132 606 0.0116
605 606 0.0181
607 606 0.0343
123 607 0.004
132 607 0.0019
606 607 0.0343
608 607 0.0004
120 608 0.0018
123 608 0.0013
607 608 0.0004
609 608 0.0053
120 609 0.0084
121 609 0.007
608 609 0.0053
124 610 0.0074
126 610 0.0037
127 610 0.0057
136 611 0.0193
137 611 0.0018
142 611 0.0004
1 612 0.0116
1 613 0.0114
625 614 0.0023
26 615 0.0048
17 616 0.0587
18 616 0.102
24 616 0.0037
13 617 0.0186
17 617 0.0065
24 617 0.0037
16 618 0.0334
24 618 0.001
28 618 0.0016
16 619 0.0006
28 619 0.0025
98 619 0.0003
19 620 0.0006
25 621 0.001
623 621 0.0039
624 621 0.0028
26 622 0.0536
27 622 0.0462
624 622 0.0036
621 623 0.0039
244 624 0.0559
621 624 0.0028
622 624 0.0036
24 625 0.0351
34 625 0.0025
614 625 0.0023
234 626 0.0033
39 627 0.0023
43 628 0.0023
107 629 0.0019
493 629 0.0006
496 629 0.0034
24 630 0.0873
