2 1 0.0107
3 1 0.0121
4 1 0.0095
5 1 0.0102
6 1 0.0114
7 1 0.0133
8 1 0.0101
9 1 0.0113
10 1 0.0112
11 1 0.0114
12 1 0.0088
13 1 0.0086
14 1 0.0088
15 1 0.0035
19 1 0.0097
21 1 0.008
145 1 0.0098
147 1 0.0032
151 1 0.0084
195 1 0.0082
199 1 0.0088
203 1 0.0098
210 1 0.0051
227 1 0.0093
239 1 0.0067
286 1 0.0065
300 1 0.0056
301 1 0.0068
1 2 0.0107
15 2 0.0035
18 2 0.0031
1 3 0.0121
16 3 0.0071
19 3 0.0688
1 4 0.0095
28 4 0.0178
97 4 0.0336
110 4 0.014
1 5 0.0102
97 5 0.0325
118 5 0.0134
1 6 0.0114
191 6 0.0135
195 6 0.0606
1 7 0.0133
227 7 0.0268
238 7 0.0074
1 8 0.0101
240 8 0.0248
268 8 0.0122
287 8 0.0065
1 9 0.0113
286 9 0.0194
289 9 0.0245
1 10 0.0112
289 10 0.023
297 10 0.0265
1 11 0.0114
296 11 0.0362
300 11 0.0096
1 12 0.0088
310 12 0.0225
311 12 0.0215
314 12 0.0236
1 13 0.0086
67 13 0.0155
315 13 0.0263
318 13 0.0303
319 13 0.0149
320 13 0.0067
1 14 0.0088
24 14 0.0182
67 14 0.0155
1 15 0.0035
2 15 0.0035
16 15 0.0065
18 15 0.0046
3 16 0.0071
15 16 0.0065
17 16 0.0174
19 16 0.0121
20 16 0.0074
16 17 0.0174
18 17 0.0129
27 17 0.0322
2 18 0.0031
15 18 0.0046
17 18 0.0129
1 19 0.0097
3 19 0.0688
16 19 0.0121
20 19 0.0585
16 20 0.0074
19 20 0.0585
30 20 0.0051
1 21 0.008
22 21 0.0056
23 21 0.0205
21 22 0.0056
23 22 0.0114
25 22 0.0429
27 22 0.0175
21 23 0.0205
22 23 0.0114
24 23 0.0695
14 24 0.0182
23 24 0.0695
25 24 0.0179
22 25 0.0429
24 25 0.0179
26 25 0.0099
25 26 0.0099
27 26 0.0096
47 26 0.0448
17 27 0.0322
22 27 0.0175
26 27 0.0096
4 28 0.0178
29 28 0.006
31 28 0.0048
28 29 0.006
30 29 0.0065
34 29 0.0067
40 29 0.0144
84 29 0.0128
93 29 0.0024
94 29 0.0043
503 29 0.0009
504 29 0.0013
20 30 0.0051
29 30 0.0065
46 30 0.0353
28 31 0.0048
32 31 0.0233
108 31 0.0081
110 31 0.0057
31 32 0.0233
93 32 0.0303
114 32 0.0128
34 33 0.0068
46 33 0.0065
83 33 0.0028
29 34 0.0067
33 34 0.0068
83 34 0.0024
36 35 0.0159
38 35 0.0166
46 35 0.0105
59 35 0.0056
77 35 0.0178
35 36 0.0159
37 36 0.0137
38 36 0.0213
62 36 0.0103
36 37 0.0137
39 37 0.0197
497 37 0.0134
35 38 0.0166
36 38 0.0213
39 38 0.0163
37 39 0.0197
38 39 0.0163
497 39 0.0048
29 40 0.0144
41 40 0.0105
43 40 0.0046
95 40 0.0034
40 41 0.0105
85 41 0.0054
502 41 0.0068
88 42 0.0005
498 42 0.0013
499 42 0.0006
502 42 0.0046
40 43 0.0046
92 43 0.0017
100 43 0.0004
45 44 0.0108
81 44 0.0054
84 44 0.0082
44 45 0.0108
78 45 0.0087
79 45 0.0105
80 45 0.011
82 45 0.0048
30 46 0.0353
33 46 0.0065
35 46 0.0105
82 46 0.0059
26 47 0.0448
48 47 0.0084
50 47 0.0636
47 48 0.0084
49 48 0.0109
52 48 0.0051
48 49 0.0109
50 49 0.0992
54 49 0.0347
47 50 0.0636
49 50 0.0992
51 50 0.0065
50 51 0.0065
54 51 0.042
56 51 0.017
64 51 0.0729
73 51 0.0146
48 52 0.0051
53 52 0.0159
57 52 0.0218
52 53 0.0159
54 53 0.0023
55 53 0.0096
49 54 0.0347
51 54 0.042
53 54 0.0023
55 54 0.0494
53 55 0.0096
54 55 0.0494
56 55 0.0651
51 56 0.017
55 56 0.0651
57 56 0.0139
372 56 0.0279
52 57 0.0218
56 57 0.0139
59 57 0.051
497 57 0.0069
76 58 0.0056
370 58 0.0334
374 58 0.0406
497 58 0.0147
35 59 0.0056
57 59 0.051
60 59 0.0103
59 60 0.0103
61 60 0.0146
63 60 0.0113
60 61 0.0146
62 61 0.0109
63 61 0.0113
36 62 0.0103
61 62 0.0109
63 62 0.0188
497 62 0.0099
60 63 0.0113
61 63 0.0113
62 63 0.0188
497 63 0.0153
51 64 0.0729
65 64 0.0094
72 64 0.0094
64 65 0.0094
66 65 0.0214
68 65 0.0044
70 65 0.0068
65 66 0.0214
67 66 0.0611
68 66 0.0115
13 67 0.0155
14 67 0.0155
66 67 0.0611
328 67 0.0013
65 68 0.0044
66 68 0.0115
349 68 0.0017
70 69 0.0654
65 70 0.0068
69 70 0.0654
71 70 0.066
349 70 0.0025
351 70 0.0029
70 71 0.066
72 71 0.0074
354 71 0.0082
64 72 0.0094
71 72 0.0074
73 72 0.0725
51 73 0.0146
72 73 0.0725
74 73 0.0326
73 74 0.0326
75 74 0.04
367 74 0.0025
371 74 0.0082
74 75 0.04
76 75 0.0223
369 75 0.0073
371 75 0.0163
375 75 0.0095
58 76 0.0056
75 76 0.0223
371 76 0.0087
375 76 0.0198
378 76 0.0065
379 76 0.0008
35 77 0.0178
78 77 0.0265
81 77 0.0002
45 78 0.0087
77 78 0.0265
79 78 0.0058
45 79 0.0105
78 79 0.0058
80 79 0.0079
45 80 0.011
79 80 0.0079
81 80 0.013
44 81 0.0054
77 81 0.0002
80 81 0.013
45 82 0.0048
46 82 0.0059
83 82 0.0034
33 83 0.0028
34 83 0.0024
82 83 0.0034
84 83 0.0096
29 84 0.0128
44 84 0.0082
83 84 0.0096
41 85 0.0054
86 85 0.0012
87 85 0.004
85 86 0.0012
498 86 0.0042
502 86 0.0014
85 87 0.004
90 87 0.0006
91 87 0.0002
42 88 0.0005
500 89 0.0027
87 90 0.0006
87 91 0.0002
43 92 0.0017
29 93 0.0024
32 93 0.0303
94 93 0.0267
29 94 0.0043
93 94 0.0267
95 94 0.0047
40 95 0.0034
94 95 0.0047
96 95 0.0009
95 96 0.0009
4 97 0.0336
5 97 0.0325
98 97 0.0142
118 97 0.0121
97 98 0.0142
99 98 0.0108
111 98 0.0113
98 99 0.0108
100 99 0.0058
111 99 0.0079
121 99 0.0054
43 100 0.0004
99 100 0.0058
101 100 0.0059
108 100 0.0053
115 100 0.0059
116 100 0.0127
100 101 0.0059
102 101 0.0026
105 101 0.0015
106 101 0.001
107 101 0.0092
101 102 0.0026
104 102 0.001
131 102 0.02
131 103 0.0121
102 104 0.001
101 105 0.0015
101 106 0.001
101 107 0.0092
31 108 0.0081
100 108 0.0053
109 108 0.0042
108 109 0.0042
4 110 0.014
31 110 0.0057
111 110 0.0082
98 111 0.0113
99 111 0.0079
110 111 0.0082
113 112 0.0038
114 112 0.0209
115 112 0.0103
112 113 0.0038
32 114 0.0128
112 114 0.0209
115 114 0.0058
100 115 0.0059
112 115 0.0103
114 115 0.0058
116 115 0.0068
100 116 0.0127
115 116 0.0068
117 116 0.0038
116 117 0.0038
5 118 0.0134
97 118 0.0121
119 118 0.0164
118 119 0.0164
120 119 0.0045
122 119 0.0193
119 120 0.0045
121 120 0.0115
123 120 0.0449
99 121 0.0054
120 121 0.0115
125 121 0.0165
119 122 0.0193
123 122 0.0107
147 122 0.008
120 123 0.0449
122 123 0.0107
134 123 0.0209
138 124 0.0117
144 124 0.0059
146 124 0.0049
147 124 0.0067
121 125 0.0165
126 125 0.0122
133 125 0.0023
125 126 0.0122
127 126 0.0015
129 126 0.0218
126 127 0.0015
128 127 0.0029
129 127 0.0028
127 128 0.0029
130 128 0.0041
405 128 0.0026
126 129 0.0218
127 129 0.0028
130 129 0.002
128 130 0.0041
129 130 0.002
134 130 0.0012
137 130 0.0028
102 131 0.02
103 131 0.0121
133 131 0.0032
133 132 0.0026
125 133 0.0023
131 133 0.0032
132 133 0.0026
123 134 0.0209
130 134 0.0012
135 134 0.0029
136 134 0.0066
179 134 0.004
513 134 0.0015
134 135 0.0029
134 136 0.0066
505 136 0.0005
510 136 0.002
130 137 0.0028
124 138 0.0117
139 138 0.0206
154 138 0.0078
138 139 0.0206
140 139 0.002
154 139 0.0046
139 140 0.002
141 140 0.0052
179 140 0.0023
140 141 0.0052
522 141 0.0076
529 141 0.0075
144 142 0.01
144 143 0.0036
124 144 0.0059
142 144 0.01
143 144 0.0036
1 145 0.0098
146 145 0.0285
148 145 0.0098
124 146 0.0049
145 146 0.0285
147 146 0.0092
148 146 0.0247
182 146 0.0066
1 147 0.0032
122 147 0.008
124 147 0.0067
146 147 0.0092
145 148 0.0098
146 148 0.0247
149 148 0.0134
181 148 0.0156
148 149 0.0134
150 149 0.0173
152 149 0.0051
149 150 0.0173
151 150 0.0128
153 150 0.0109
1 151 0.0084
150 151 0.0128
157 151 0.0075
149 152 0.0051
153 152 0.0271
154 152 0.008
150 153 0.0109
152 153 0.0271
155 153 0.0254
138 154 0.0078
139 154 0.0046
152 154 0.008
153 155 0.0254
156 155 0.0047
169 155 0.0012
155 156 0.0047
151 157 0.0075
158 157 0.0443
159 157 0.0116
157 158 0.0443
167 158 0.008
191 158 0.0345
157 159 0.0116
161 159 0.0241
170 159 0.0157
171 159 0.0026
172 159 0.0196
190 159 0.0073
183 160 0.0006
184 160 0.0004
190 160 0.0154
159 161 0.0241
162 161 0.0031
164 161 0.0055
178 161 0.0022
185 161 0.0033
161 162 0.0031
163 162 0.0121
516 162 0.0007
517 162 0.0009
518 162 0.0037
519 162 0.0048
162 163 0.0121
520 163 0.0031
521 163 0.0028
161 164 0.0055
165 164 0.0026
173 164 0.005
164 165 0.0026
166 165 0.0014
532 165 0.0015
165 166 0.0014
158 167 0.008
168 167 0.0235
170 167 0.0168
167 168 0.0235
171 168 0.0074
175 168 0.0296
155 169 0.0012
159 170 0.0157
167 170 0.0168
171 170 0.034
159 171 0.0026
168 171 0.0074
170 171 0.034
159 172 0.0196
173 172 0.0125
174 172 0.0063
164 173 0.005
172 173 0.0125
176 173 0.0007
172 174 0.0063
168 175 0.0296
176 175 0.0063
538 175 0.0042
173 176 0.0007
175 176 0.0063
177 176 0.0023
176 177 0.0023
161 178 0.0022
134 179 0.004
140 179 0.0023
180 179 0.0009
179 180 0.0009
148 181 0.0156
146 182 0.0066
160 183 0.0006
160 184 0.0004
161 185 0.0033
186 185 0.0011
187 185 0.003
185 186 0.0011
185 187 0.003
190 188 0.0014
190 189 0.0039
159 190 0.0073
160 190 0.0154
188 190 0.0014
189 190 0.0039
6 191 0.0135
158 191 0.0345
192 191 0.0191
191 192 0.0191
193 192 0.0379
194 192 0.0196
192 193 0.0379
194 193 0.0281
196 193 0.0094
197 193 0.0374
192 194 0.0196
193 194 0.0281
202 194 0.0162
1 195 0.0082
6 195 0.0606
196 195 0.0302
198 195 0.0166
193 196 0.0094
195 196 0.0302
197 196 0.0299
193 197 0.0374
196 197 0.0299
198 197 0.0524
195 198 0.0166
197 198 0.0524
200 198 0.0352
1 199 0.0088
200 199 0.052
203 199 0.0118
198 200 0.0352
199 200 0.052
201 200 0.0316
200 201 0.0316
202 201 0.0223
204 201 0.0139
194 202 0.0162
201 202 0.0223
205 202 0.0188
207 202 0.0203
1 203 0.0098
199 203 0.0118
204 203 0.0297
201 204 0.0139
203 204 0.0297
205 204 0.0324
212 204 0.0284
202 205 0.0188
204 205 0.0324
206 205 0.0476
211 205 0.0494
205 206 0.0476
207 206 0.0705
213 206 0.0169
202 207 0.0203
206 207 0.0705
214 207 0.0137
215 207 0.0109
216 207 0.0154
209 208 0.0167
210 208 0.0278
212 208 0.0638
208 209 0.0167
211 209 0.0182
217 209 0.014
224 209 0.0073
1 210 0.0051
208 210 0.0278
212 210 0.0204
205 211 0.0494
209 211 0.0182
212 211 0.0266
204 212 0.0284
208 212 0.0638
210 212 0.0204
211 212 0.0266
206 213 0.0169
207 214 0.0137
207 215 0.0109
207 216 0.0154
209 217 0.014
218 217 0.0128
219 217 0.005
217 218 0.0128
220 218 0.0078
221 218 0.0125
217 219 0.005
218 220 0.0078
218 221 0.0125
222 221 0.0071
223 221 0.0117
221 222 0.0071
221 223 0.0117
209 224 0.0073
225 224 0.0175
539 224 0.0025
224 225 0.0175
226 225 0.0105
535 225 0.0032
225 226 0.0105
1 227 0.0093
7 227 0.0268
228 227 0.0058
229 227 0.0052
237 227 0.006
227 228 0.0058
227 229 0.0052
230 229 0.011
232 229 0.0572
229 230 0.011
231 230 0.0102
232 230 0.0067
230 231 0.0102
229 232 0.0572
230 232 0.0067
233 232 0.0035
543 232 0.0027
232 233 0.0035
234 233 0.0083
235 233 0.0054
233 234 0.0083
233 235 0.0054
552 235 0.0027
553 235 0.015
543 236 0.0058
546 236 0.0027
550 236 0.0024
227 237 0.006
7 238 0.0074
1 239 0.0067
241 239 0.0109
243 239 0.0059
8 240 0.0248
241 240 0.0201
244 240 0.0155
239 241 0.0109
240 241 0.0201
242 241 0.0058
241 242 0.0058
244 242 0.0083
249 242 0.0213
239 243 0.0059
240 244 0.0155
242 244 0.0083
245 244 0.0328
244 245 0.0328
246 245 0.0088
269 245 0.0674
245 246 0.0088
247 246 0.0484
267 246 0.0016
246 247 0.0484
248 247 0.0234
251 247 0.0313
247 248 0.0234
256 248 0.0066
259 248 0.0116
242 249 0.0213
250 249 0.0039
566 249 0.002
249 250 0.0039
563 250 0.0017
566 250 0.0058
247 251 0.0313
252 251 0.0036
253 251 0.0054
251 252 0.0036
251 253 0.0054
254 253 0.0066
255 253 0.0053
253 254 0.0066
253 255 0.0053
248 256 0.0066
257 256 0.009
258 256 0.0035
256 257 0.009
262 257 0.0013
433 257 0.001
256 258 0.0035
431 258 0.0024
432 258 0.0066
248 259 0.0116
260 259 0.0204
261 259 0.0197
265 259 0.0033
259 260 0.0204
266 260 0.0126
434 260 0.0031
259 261 0.0197
263 261 0.008
264 261 0.01
257 262 0.0013
261 263 0.008
261 264 0.01
259 265 0.0033
260 266 0.0126
246 267 0.0016
8 268 0.0122
269 268 0.0205
288 268 0.0121
245 269 0.0674
268 269 0.0205
270 269 0.0097
269 270 0.0097
272 270 0.0246
278 270 0.0202
282 271 0.0268
283 271 0.0281
284 271 0.0109
285 271 0.0081
270 272 0.0246
285 272 0.0188
288 272 0.0249
289 272 0.0024
290 272 0.008
346 272 0.0016
274 273 0.0107
277 273 0.0051
282 273 0.0314
273 274 0.0107
275 274 0.0043
276 274 0.0061
274 275 0.0043
406 275 0.0035
413 275 0.0022
274 276 0.0061
273 277 0.0051
402 277 0.0052
403 277 0.0015
270 278 0.0202
279 278 0.0021
283 278 0.0403
285 278 0.0241
278 279 0.0021
280 279 0.0031
284 279 0.0031
279 280 0.0031
281 280 0.0034
282 280 0.0025
419 280 0.0017
280 281 0.0034
271 282 0.0268
273 282 0.0314
280 282 0.0025
271 283 0.0281
278 283 0.0403
284 283 0.0083
271 284 0.0109
279 284 0.0031
283 284 0.0083
271 285 0.0081
272 285 0.0188
278 285 0.0241
1 286 0.0065
9 286 0.0194
287 286 0.0085
8 287 0.0065
286 287 0.0085
288 287 0.0036
268 288 0.0121
272 288 0.0249
287 288 0.0036
9 289 0.0245
10 289 0.023
272 289 0.0024
298 289 0.0584
272 290 0.008
291 290 0.0045
292 290 0.0074
290 291 0.0045
290 292 0.0074
293 292 0.005
345 292 0.0019
292 293 0.005
294 293 0.003
295 293 0.0031
293 294 0.003
293 295 0.0031
11 296 0.0362
297 296 0.0345
300 296 0.0209
10 297 0.0265
296 297 0.0345
298 297 0.0723
302 297 0.0123
289 298 0.0584
297 298 0.0723
299 298 0.0018
303 298 0.0082
298 299 0.0018
1 300 0.0056
11 300 0.0096
296 300 0.0209
301 300 0.0425
1 301 0.0068
300 301 0.0425
309 301 0.0415
310 301 0.0813
297 302 0.0123
303 302 0.0199
309 302 0.0162
298 303 0.0082
302 303 0.0199
304 303 0.0095
309 303 0.0126
303 304 0.0095
306 305 0.0182
310 305 0.0287
312 305 0.0098
305 306 0.0182
307 306 0.0055
308 306 0.0024
306 307 0.0055
306 308 0.0024
301 309 0.0415
302 309 0.0162
303 309 0.0126
12 310 0.0225
301 310 0.0813
305 310 0.0287
12 311 0.0215
312 311 0.0069
314 311 0.0699
305 312 0.0098
311 312 0.0069
313 312 0.0068
314 312 0.0077
315 312 0.0095
312 313 0.0068
316 313 0.0059
317 313 0.0389
12 314 0.0236
311 314 0.0699
312 314 0.0077
315 314 0.069
13 315 0.0263
312 315 0.0095
314 315 0.069
313 316 0.0059
317 316 0.0028
343 316 0.0122
313 317 0.0389
316 317 0.0028
319 317 0.0012
13 318 0.0303
320 318 0.0098
321 318 0.0082
13 319 0.0149
317 319 0.0012
391 319 0.0034
13 320 0.0067
318 320 0.0098
321 320 0.0047
360 320 0.0021
318 321 0.0082
320 321 0.0047
322 321 0.0219
342 321 0.0021
321 322 0.0219
323 322 0.0132
339 322 0.0027
322 323 0.0132
324 323 0.0341
339 323 0.0098
323 324 0.0341
325 324 0.0204
360 324 0.0093
324 325 0.0204
356 325 0.0041
456 325 0.003
328 326 0.0008
357 327 0.0109
366 327 0.0137
459 327 0.0017
67 328 0.0013
326 328 0.0008
358 328 0.005
359 328 0.0025
360 328 0.0181
330 329 0.0167
333 329 0.0092
358 329 0.0399
381 329 0.0007
329 330 0.0167
377 330 0.0021
380 330 0.0012
484 330 0.0003
332 331 0.0043
333 331 0.006
353 331 0.0022
354 331 0.0058
376 331 0.0037
331 332 0.0043
333 332 0.0309
377 332 0.0067
329 333 0.0092
331 333 0.006
332 333 0.0309
336 334 0.0037
340 334 0.0029
341 334 0.0132
336 335 0.5388
334 336 0.0037
335 336 0.5388
386 336 0.0057
338 337 0.0036
386 337 0.0093
569 337 0.0013
337 338 0.0036
445 338 0.0007
447 338 0.0013
448 338 0.001
322 339 0.0027
323 339 0.0098
458 339 0.0212
334 340 0.0029
342 340 0.0027
383 340 0.0005
457 340 0.0175
334 341 0.0132
342 341 0.0014
395 341 0.0095
321 342 0.0021
340 342 0.0027
341 342 0.0014
316 343 0.0122
344 343 0.0171
346 343 0.0128
343 344 0.0171
345 344 0.0101
391 344 0.0012
292 345 0.0019
344 345 0.0101
417 345 0.001
418 345 0.0025
272 346 0.0016
343 346 0.0128
347 346 0.003
348 346 0.0036
346 347 0.003
346 348 0.0036
68 349 0.0017
70 349 0.0025
350 349 0.0096
353 349 0.002
358 349 0.0026
349 350 0.0096
351 350 0.008
352 350 0.0066
70 351 0.0029
350 351 0.008
352 351 0.013
354 351 0.0042
350 352 0.0066
351 352 0.013
353 352 0.0066
355 352 0.004
331 353 0.0022
349 353 0.002
352 353 0.0066
71 354 0.0082
331 354 0.0058
351 354 0.0042
352 355 0.004
325 356 0.0041
357 356 0.0153
382 356 0.0109
327 357 0.0109
356 357 0.0153
385 357 0.0009
328 358 0.005
329 358 0.0399
349 358 0.0026
328 359 0.0025
320 360 0.0021
324 360 0.0093
328 360 0.0181
459 361 0.0014
473 361 0.0026
476 361 0.0011
366 362 0.0048
472 362 0.0007
480 362 0.0024
364 363 0.0011
365 363 0.0007
366 363 0.006
363 364 0.0011
363 365 0.0007
327 366 0.0137
362 366 0.0048
363 366 0.006
74 367 0.0025
369 368 0.0069
75 369 0.0073
368 369 0.0069
375 369 0.009
58 370 0.0334
371 370 0.0236
374 370 0.0473
74 371 0.0082
75 371 0.0163
76 371 0.0087
370 371 0.0236
372 371 0.0154
373 371 0.0607
56 372 0.0279
371 372 0.0154
373 372 0.0682
371 373 0.0607
372 373 0.0682
374 373 0.0729
58 374 0.0406
370 374 0.0473
373 374 0.0729
75 375 0.0095
76 375 0.0198
369 375 0.009
376 375 0.0054
377 375 0.0024
331 376 0.0037
375 376 0.0054
377 376 0.0018
330 377 0.0021
332 377 0.0067
375 377 0.0024
376 377 0.0018
76 378 0.0065
489 378 0.001
497 378 0.001
76 379 0.0008
330 380 0.0012
478 380 0.0003
479 380 0.0004
329 381 0.0007
356 382 0.0109
384 382 0.0026
385 382 0.0007
340 383 0.0005
384 383 0.0008
456 383 0.0032
382 384 0.0026
383 384 0.0008
385 384 0.0016
357 385 0.0009
382 385 0.0007
384 385 0.0016
389 385 0.0007
569 385 0.0008
570 385 0.0016
336 386 0.0057
337 386 0.0093
387 386 0.0021
388 386 0.0015
386 387 0.0021
386 388 0.0015
442 388 0.0022
444 388 0.0053
385 389 0.0007
394 390 0.0006
439 390 0.0015
441 390 0.0015
319 391 0.0034
344 391 0.0012
392 391 0.0151
395 391 0.0189
391 392 0.0151
393 392 0.0018
394 392 0.0118
392 393 0.0018
401 393 0.0027
412 393 0.0003
390 394 0.0006
392 394 0.0118
395 394 0.0097
341 395 0.0095
391 395 0.0189
394 395 0.0097
396 395 0.0106
395 396 0.0106
397 396 0.0096
399 396 0.0125
396 397 0.0096
398 397 0.0036
438 397 0.0004
397 398 0.0036
399 398 0.0022
441 398 0.0006
396 399 0.0125
398 399 0.0022
400 399 0.0035
399 400 0.0035
393 401 0.0027
277 402 0.0052
404 402 0.0072
437 402 0.0009
277 403 0.0015
402 404 0.0072
128 405 0.0026
275 406 0.0035
407 406 0.0013
410 406 0.0013
411 406 0.0009
406 407 0.0013
408 407 0.0005
409 407 0.0005
407 408 0.0005
407 409 0.0005
406 410 0.0013
406 411 0.0009
393 412 0.0003
275 413 0.0022
416 413 0.0003
568 413 0.0111
568 414 0.0022
568 415 0.0007
413 416 0.0003
345 417 0.001
345 418 0.0025
280 419 0.0017
420 419 0.0013
421 419 0.0053
419 420 0.0013
419 421 0.0053
422 421 0.0087
423 421 0.005
421 422 0.0087
423 422 0.026
425 422 0.0074
421 423 0.005
422 423 0.026
424 423 0.0029
425 423 0.0052
423 424 0.0029
422 425 0.0074
423 425 0.0052
426 425 0.0011
427 425 0.0055
425 426 0.0011
425 427 0.0055
428 427 0.0016
429 427 0.002
430 427 0.0015
427 428 0.0016
427 429 0.002
427 430 0.0015
258 431 0.0024
258 432 0.0066
257 433 0.001
260 434 0.0031
435 434 0.0045
436 434 0.0037
434 435 0.0045
434 436 0.0037
402 437 0.0009
397 438 0.0004
439 438 0.0062
441 438 0.0001
390 439 0.0015
438 439 0.0062
440 439 0.002
442 439 0.0031
443 439 0.0019
439 440 0.002
390 441 0.0015
398 441 0.0006
438 441 0.0001
388 442 0.0022
439 442 0.0031
444 442 0.0015
439 443 0.0019
388 444 0.0053
442 444 0.0015
445 444 0.0059
338 445 0.0007
444 445 0.0059
446 445 0.0004
455 445 0.0009
445 446 0.0004
338 447 0.0013
448 447 0.0034
449 447 0.0031
450 447 0.0033
569 447 0.0005
338 448 0.001
447 448 0.0034
451 448 0.0024
454 448 0.001
447 449 0.0031
447 450 0.0033
448 451 0.0024
452 451 0.0005
453 451 0.0008
451 452 0.0005
451 453 0.0008
448 454 0.001
445 455 0.0009
325 456 0.003
383 456 0.0032
457 456 0.002
458 456 0.0017
340 457 0.0175
456 457 0.002
458 457 0.0098
339 458 0.0212
456 458 0.0017
457 458 0.0098
327 459 0.0017
361 459 0.0014
460 459 0.0019
459 460 0.0019
461 460 0.0004
462 460 0.0002
460 461 0.0004
460 462 0.0002
463 462 0.0011
464 462 0.001
462 463 0.0011
465 463 0.0099
570 463 0.0032
462 464 0.001
463 465 0.0099
466 465 0.0116
467 465 0.0048
465 466 0.0116
470 466 0.0019
471 466 0.0024
465 467 0.0048
468 467 0.0014
469 467 0.0018
467 468 0.0014
467 469 0.0018
466 470 0.0019
466 471 0.0024
362 472 0.0007
473 472 0.0037
474 472 0.0055
361 473 0.0026
472 473 0.0037
474 473 0.0084
472 474 0.0055
473 474 0.0084
475 474 0.0009
477 474 0.0006
474 475 0.0009
361 476 0.0011
474 477 0.0006
380 478 0.0003
380 479 0.0004
362 480 0.0024
481 480 0.0037
482 480 0.0011
483 480 0.0009
480 481 0.0037
480 482 0.0011
480 483 0.0009
330 484 0.0003
485 484 0.0017
487 484 0.0005
484 485 0.0017
486 485 0.001
488 485 0.0006
485 486 0.001
484 487 0.0005
485 488 0.0006
378 489 0.001
490 489 0.0005
497 489 0.0006
489 490 0.0005
491 490 0.0042
497 490 0.0109
490 491 0.0042
492 491 0.0006
493 491 0.0058
491 492 0.0006
491 493 0.0058
494 493 0.0014
497 493 0.0001
493 494 0.0014
495 494 0.0008
496 494 0.001
494 495 0.0008
494 496 0.001
37 497 0.0134
39 497 0.0048
57 497 0.0069
58 497 0.0147
62 497 0.0099
63 497 0.0153
378 497 0.001
489 497 0.0006
490 497 0.0109
493 497 0.0001
42 498 0.0013
86 498 0.0042
499 498 0.001
42 499 0.0006
498 499 0.001
500 499 0.0031
89 500 0.0027
499 500 0.0031
501 500 0.0017
500 501 0.0017
41 502 0.0068
42 502 0.0046
86 502 0.0014
29 503 0.0009
29 504 0.0013
136 505 0.0005
506 505 0.0011
507 505 0.0009
508 505 0.001
509 505 0.0012
505 506 0.0011
505 507 0.0009
505 508 0.001
505 509 0.0012
136 510 0.002
511 510 0.0
512 510 0.0004
510 511 0.0
510 512 0.0004
134 513 0.0015
514 513 0.0017
515 513 0.0042
513 514 0.0017
513 515 0.0042
162 516 0.0007
162 517 0.0009
162 518 0.0037
162 519 0.0048
163 520 0.0031
163 521 0.0028
141 522 0.0076
523 522 0.0031
528 522 0.0017
522 523 0.0031
524 523 0.0018
527 523 0.0079
523 524 0.0018
525 524 0.0046
526 524 0.0074
524 525 0.0046
524 526 0.0074
523 527 0.0079
522 528 0.0017
141 529 0.0075
530 529 0.004
531 529 0.0023
529 530 0.004
529 531 0.0023
165 532 0.0015
533 532 0.009
534 532 0.0087
532 533 0.009
532 534 0.0087
225 535 0.0032
536 535 0.0091
537 535 0.0046
535 536 0.0091
535 537 0.0046
175 538 0.0042
224 539 0.0025
540 539 0.0032
541 539 0.0035
542 539 0.0026
539 540 0.0032
539 541 0.0035
539 542 0.0026
232 543 0.0027
236 543 0.0058
544 543 0.0056
543 544 0.0056
545 544 0.0038
552 544 0.002
544 545 0.0038
549 545 0.0064
556 545 0.0026
236 546 0.0027
547 546 0.0037
548 546 0.0012
546 547 0.0037
546 548 0.0012
545 549 0.0064
560 549 0.003
561 549 0.0047
236 550 0.0024
551 550 0.0032
561 550 0.0019
550 551 0.0032
235 552 0.0027
544 552 0.002
553 552 0.0043
556 552 0.0031
235 553 0.015
552 553 0.0043
554 553 0.0091
555 553 0.0037
553 554 0.0091
555 554 0.0048
557 554 0.005
559 554 0.0017
553 555 0.0037
554 555 0.0048
556 555 0.0056
557 555 0.0034
545 556 0.0026
552 556 0.0031
555 556 0.0056
554 557 0.005
555 557 0.0034
558 557 0.0028
557 558 0.0028
554 559 0.0017
549 560 0.003
549 561 0.0047
550 561 0.0019
562 561 0.0015
561 562 0.0015
250 563 0.0017
564 563 0.0011
565 563 0.0058
563 564 0.0011
563 565 0.0058
249 566 0.002
250 566 0.0058
567 566 0.002
566 567 0.002
413 568 0.0111
414 568 0.0022
415 568 0.0007
337 569 0.0013
385 569 0.0008
447 569 0.0005
570 569 0.0009
385 570 0.0016
463 570 0.0032
569 570 0.0009
