2 1 0.0128
3 1 0.0119
4 1 0.0115
5 1 0.0111
7 1 0.008
17 1 0.0095
21 1 0.009
34 1 0.0097
37 1 0.006
134 1 0.004
172 1 0.0032
176 1 0.0094
177 1 0.0098
179 1 0.0095
184 1 0.0029
198 1 0.0028
199 1 0.0069
205 1 0.003
489 1 0.0013
632 1 0.0141
715 1 0.0068
1 2 0.0128
23 2 0.0123
34 2 0.0191
39 2 0.009
1 3 0.0119
41 3 0.0343
42 3 0.0113
1 4 0.0115
1 5 0.0111
12 5 0.0513
20 5 0.0584
641 5 0.0038
9 6 0.0073
131 6 0.0083
713 6 0.0325
1 7 0.008
8 7 0.0046
9 7 0.0152
7 8 0.0046
133 8 0.1052
286 8 0.0178
710 8 0.0376
6 9 0.0073
7 9 0.0152
10 9 0.0041
9 10 0.0041
228 10 0.0075
711 10 0.004
106 11 0.0028
234 11 0.0047
604 11 0.0018
5 12 0.0513
18 12 0.0122
19 12 0.0362
14 13 0.015
15 13 0.0094
16 13 0.1325
17 13 0.0254
13 14 0.015
15 14 0.0142
18 14 0.0196
19 14 0.0325
13 15 0.0094
14 15 0.0142
58 15 0.0038
13 16 0.1325
60 16 0.0064
595 16 0.0217
1 17 0.0095
13 17 0.0254
20 17 0.089
12 18 0.0122
14 18 0.0196
43 18 0.0025
12 19 0.0362
14 19 0.0325
20 19 0.0657
5 20 0.0584
17 20 0.089
19 20 0.0657
1 21 0.009
595 21 0.0081
713 21 0.0048
23 22 0.0664
24 22 0.0176
34 22 0.0461
2 23 0.0123
22 23 0.0664
24 23 0.0504
22 24 0.0176
23 24 0.0504
25 24 0.0316
29 24 0.0197
24 25 0.0316
30 25 0.0137
31 25 0.0085
723 25 0.0283
27 26 0.0295
211 26 0.0167
723 26 0.0501
26 27 0.0295
28 27 0.0706
99 27 0.0342
215 27 0.0036
27 28 0.0706
30 28 0.0394
31 28 0.036
32 28 0.0804
24 29 0.0197
211 29 0.004
723 29 0.0084
25 30 0.0137
28 30 0.0394
723 30 0.0337
25 31 0.0085
28 31 0.036
32 31 0.0344
33 31 0.0156
294 31 0.0044
28 32 0.0804
31 32 0.0344
33 32 0.0208
94 32 0.0193
31 33 0.0156
32 33 0.0208
84 33 0.034
1 34 0.0097
2 34 0.0191
22 34 0.0461
641 35 0.0543
643 35 0.0559
644 35 0.0313
104 36 0.0097
119 36 0.0046
120 36 0.0164
327 36 0.0266
642 36 0.0091
1 37 0.006
38 37 0.0392
41 37 0.0226
37 38 0.0392
39 38 0.0103
42 38 0.0201
2 39 0.009
38 39 0.0103
40 39 0.0373
39 40 0.0373
3 41 0.0343
37 41 0.0226
42 41 0.0137
3 42 0.0113
38 42 0.0201
41 42 0.0137
49 42 0.0074
80 42 0.0197
18 43 0.0025
44 43 0.0041
50 43 0.0056
58 43 0.0084
221 43 0.0031
43 44 0.0041
45 44 0.0086
46 44 0.0049
641 44 0.0036
44 45 0.0086
44 46 0.0049
48 47 0.009
81 47 0.0148
82 47 0.0096
47 48 0.009
49 48 0.0079
81 48 0.0275
42 49 0.0074
48 49 0.0079
80 49 0.0227
43 50 0.0056
51 50 0.009
52 50 0.0054
53 50 0.0051
640 50 0.0019
50 51 0.009
102 51 0.0065
103 51 0.0028
516 51 0.0147
50 52 0.0054
53 52 0.0065
55 52 0.0046
50 53 0.0051
52 53 0.0065
640 53 0.0011
518 54 0.0038
596 54 0.0049
648 54 0.0053
52 55 0.0046
596 55 0.0242
645 55 0.0079
645 56 0.0134
640 57 0.0071
15 58 0.0038
43 58 0.0084
59 58 0.004
58 59 0.004
16 60 0.0064
61 60 0.0065
238 60 0.0046
60 61 0.0065
235 61 0.0148
237 61 0.0107
238 61 0.0072
65 62 0.0051
235 62 0.0076
595 62 0.0289
235 63 0.0249
236 63 0.0629
524 63 0.0028
664 63 0.0034
69 64 0.0043
79 64 0.0003
222 64 0.0067
62 65 0.0051
67 66 0.0038
68 66 0.0024
241 66 0.0051
364 66 0.0022
638 66 0.0012
66 67 0.0038
66 68 0.0024
64 69 0.0043
70 69 0.0143
364 69 0.0134
69 70 0.0143
76 70 0.0173
363 70 0.0082
72 71 0.0046
363 71 0.0113
658 71 0.0012
71 72 0.0046
364 72 0.0007
366 72 0.0024
656 72 0.001
76 73 0.0374
367 73 0.0017
708 73 0.0048
76 74 0.003
634 75 0.003
70 76 0.0173
73 76 0.0374
74 76 0.003
79 76 0.0043
78 77 0.0018
636 77 0.0029
708 77 0.0083
77 78 0.0018
376 78 0.0015
637 78 0.0035
64 79 0.0003
76 79 0.0043
379 79 0.0018
708 79 0.0187
42 80 0.0197
49 80 0.0227
81 80 0.02
47 81 0.0148
48 81 0.0275
80 81 0.02
47 82 0.0096
83 82 0.0194
111 82 0.0047
82 83 0.0194
111 83 0.0173
300 83 0.0556
33 84 0.034
85 84 0.024
93 84 0.0306
295 84 0.0152
296 84 0.0164
84 85 0.024
86 85 0.0806
296 85 0.0278
85 86 0.0806
87 86 0.0241
92 86 0.0231
115 86 0.0071
86 87 0.0241
91 87 0.0287
309 87 0.0289
89 88 0.0085
90 88 0.0121
118 88 0.0193
309 88 0.0718
88 89 0.0085
88 90 0.0121
91 90 0.0267
338 90 0.023
608 90 0.0051
655 90 0.0151
87 91 0.0287
90 91 0.0267
92 91 0.0396
653 91 0.009
86 92 0.0231
91 92 0.0396
93 92 0.0331
84 93 0.0306
92 93 0.0331
218 93 0.0079
32 94 0.0193
97 94 0.0319
294 94 0.002
295 95 0.0098
297 95 0.007
332 95 0.0087
97 96 0.0026
94 97 0.0319
96 97 0.0026
98 97 0.0115
97 98 0.0115
99 98 0.0163
100 98 0.0036
27 99 0.0342
98 99 0.0163
100 99 0.0123
98 100 0.0036
99 100 0.0123
215 100 0.0138
299 101 0.0212
300 101 0.0143
643 101 0.0081
51 102 0.0065
516 102 0.0096
644 102 0.0619
51 103 0.0028
36 104 0.0097
517 104 0.0153
518 104 0.0118
642 104 0.0065
644 104 0.0205
328 105 0.0215
337 105 0.1273
642 105 0.0274
11 106 0.0028
107 106 0.0099
110 106 0.0084
106 107 0.0099
108 107 0.0013
109 107 0.0054
107 108 0.0013
109 108 0.0011
389 108 0.0016
699 108 0.0014
107 109 0.0054
108 109 0.0011
398 109 0.0011
106 110 0.0084
82 111 0.0047
83 111 0.0173
112 111 0.0214
297 111 0.0146
111 112 0.0214
113 112 0.0199
322 112 0.0153
326 112 0.0029
112 113 0.0199
316 113 0.0179
320 113 0.0061
116 114 0.0137
322 114 0.0327
329 114 0.0149
86 115 0.0071
296 115 0.0186
309 115 0.0168
310 115 0.0596
313 115 0.0706
317 115 0.0746
114 116 0.0137
312 116 0.0487
316 116 0.0473
318 116 0.02
323 116 0.0153
324 117 0.0254
88 118 0.0193
310 118 0.0326
318 118 0.0084
608 118 0.0084
36 119 0.0046
120 119 0.0078
299 119 0.0081
36 120 0.0164
119 120 0.0078
644 120 0.0103
289 121 0.0071
524 121 0.0139
604 121 0.0044
604 122 0.0043
392 123 0.0072
395 123 0.0044
669 123 0.0085
687 123 0.014
289 124 0.0063
388 124 0.004
671 124 0.0067
678 124 0.0048
680 124 0.0058
672 125 0.0032
678 125 0.0038
679 125 0.0107
671 126 0.008
675 126 0.0026
693 126 0.0029
680 127 0.0073
706 127 0.017
707 127 0.0064
129 128 0.007
524 128 0.0046
525 128 0.0049
665 128 0.0028
128 129 0.007
525 129 0.0075
678 129 0.0036
679 129 0.0018
382 130 0.0164
525 130 0.0109
660 130 0.0087
6 131 0.0083
225 131 0.0789
228 131 0.0335
134 132 0.0064
143 132 0.0072
147 132 0.0225
292 132 0.0118
8 133 0.1052
134 133 0.0966
136 133 0.0051
1 134 0.004
132 134 0.0064
133 134 0.0966
174 134 0.0035
407 134 0.0247
169 135 0.0325
170 135 0.0106
253 135 0.0095
254 135 0.0052
292 135 0.0061
407 135 0.0269
717 135 0.0049
133 136 0.0051
165 136 0.0019
166 136 0.0129
138 137 0.0093
150 137 0.0026
152 137 0.0027
166 137 0.0706
137 138 0.0093
155 138 0.0029
159 138 0.0016
163 139 0.0072
164 139 0.0193
399 139 0.0003
141 140 0.0043
142 140 0.0037
150 140 0.0079
140 141 0.0043
140 142 0.0037
132 143 0.0072
144 143 0.035
292 143 0.0046
143 144 0.035
145 144 0.0027
290 144 0.0061
718 144 0.0081
144 145 0.0027
146 145 0.0114
408 145 0.0018
145 146 0.0114
132 147 0.0225
167 147 0.0104
709 147 0.0098
709 148 0.0028
150 149 0.0052
137 150 0.0026
140 150 0.0079
149 150 0.0052
422 151 0.0051
423 151 0.004
424 151 0.0047
718 151 0.0048
137 152 0.0027
153 152 0.013
154 152 0.0063
152 153 0.013
152 154 0.0063
138 155 0.0029
156 155 0.0046
284 155 0.0019
155 156 0.0046
157 156 0.0047
158 156 0.0057
156 157 0.0047
156 158 0.0057
138 159 0.0016
703 160 0.0016
162 161 0.0491
163 161 0.0077
710 161 0.0045
161 162 0.0491
164 162 0.0048
165 162 0.0057
139 163 0.0072
161 163 0.0077
164 163 0.0179
139 164 0.0193
162 164 0.0048
163 164 0.0179
403 164 0.0022
136 165 0.0019
162 165 0.0057
166 165 0.0074
136 166 0.0129
137 166 0.0706
165 166 0.0074
167 166 0.0046
147 167 0.0104
166 167 0.0046
709 167 0.0197
709 168 0.0027
135 169 0.0325
170 169 0.0261
253 169 0.0082
135 170 0.0106
169 170 0.0261
415 170 0.0042
409 171 0.0052
413 171 0.0162
415 171 0.0245
416 171 0.0043
1 172 0.0032
174 173 0.0436
175 173 0.0184
254 173 0.0019
260 173 0.0096
261 173 0.0114
262 173 0.0157
715 173 0.008
134 174 0.0035
173 174 0.0436
407 174 0.009
173 175 0.0184
256 175 0.0042
257 175 0.0207
1 176 0.0094
179 176 0.0252
268 176 0.0087
279 176 0.0158
1 177 0.0098
178 177 0.0161
714 177 0.0455
177 178 0.0161
265 178 0.0132
714 178 0.0389
1 179 0.0095
176 179 0.0252
180 179 0.0218
179 180 0.0218
271 180 0.0367
279 180 0.0061
194 181 0.0188
183 182 0.0155
194 182 0.0087
480 182 0.0029
182 183 0.0155
481 183 0.003
482 183 0.0022
1 184 0.0029
185 184 0.0194
603 184 0.0077
184 185 0.0194
186 185 0.0111
187 185 0.0049
191 185 0.001
463 185 0.0004
470 185 0.0091
603 185 0.0115
185 186 0.0111
185 187 0.0049
190 188 0.0042
191 188 0.0037
197 188 0.0008
190 189 0.0101
195 189 0.0115
470 189 0.0087
188 190 0.0042
189 190 0.0101
470 190 0.0153
185 191 0.001
188 191 0.0037
192 191 0.007
467 191 0.0008
191 192 0.007
194 193 0.0044
478 193 0.0022
603 193 0.0103
181 194 0.0188
182 194 0.0087
193 194 0.0044
486 194 0.007
189 195 0.0115
477 195 0.0016
478 195 0.0045
474 196 0.0012
475 196 0.0015
477 196 0.0121
188 197 0.0008
471 197 0.0009
472 197 0.0015
473 197 0.0024
1 198 0.0028
1 199 0.0069
200 199 0.0017
201 199 0.066
199 200 0.0017
199 201 0.066
202 201 0.0029
204 201 0.0028
201 202 0.0029
203 202 0.0427
206 202 0.0093
213 202 0.0039
202 203 0.0427
204 203 0.0332
212 203 0.075
201 204 0.0028
203 204 0.0332
205 204 0.055
1 205 0.003
204 205 0.055
212 205 0.0257
202 206 0.0093
207 206 0.0008
210 206 0.0084
206 207 0.0008
463 207 0.0002
464 207 0.0019
209 208 0.0063
436 208 0.0025
454 208 0.0283
456 208 0.0023
208 209 0.0063
436 209 0.0051
454 209 0.0023
206 210 0.0084
439 210 0.0071
440 210 0.0033
441 210 0.013
26 211 0.0167
29 211 0.004
212 211 0.0294
426 211 0.0097
203 212 0.075
205 212 0.0257
211 212 0.0294
425 212 0.083
202 213 0.0039
426 214 0.009
430 214 0.0023
431 214 0.0286
27 215 0.0036
100 215 0.0138
216 215 0.0132
302 215 0.0027
434 215 0.0035
215 216 0.0132
302 216 0.0123
303 216 0.0101
304 216 0.014
339 217 0.0002
340 217 0.0005
434 217 0.0077
93 218 0.0079
220 218 0.004
653 218 0.0139
220 219 0.0029
308 219 0.018
608 219 0.0131
654 219 0.0191
655 219 0.009
218 220 0.004
219 220 0.0029
653 220 0.0189
654 220 0.0161
43 221 0.0031
361 221 0.002
362 221 0.0032
64 222 0.0067
223 222 0.0028
236 222 0.0467
222 223 0.0028
604 224 0.0025
666 224 0.0087
670 224 0.0059
131 225 0.0789
226 225 0.0155
233 225 0.0204
225 226 0.0155
230 227 0.0024
231 227 0.0043
233 227 0.0151
10 228 0.0075
131 228 0.0335
711 228 0.0414
712 229 0.0196
227 230 0.0024
227 231 0.0043
233 232 0.0011
244 232 0.0046
604 232 0.0041
225 233 0.0204
227 233 0.0151
232 233 0.0011
11 234 0.0047
246 234 0.0043
712 234 0.0193
61 235 0.0148
62 235 0.0076
63 235 0.0249
242 235 0.0016
63 236 0.0629
222 236 0.0467
237 236 0.0168
61 237 0.0107
236 237 0.0168
239 237 0.0149
60 238 0.0046
61 238 0.0072
240 238 0.0675
237 239 0.0149
240 239 0.0778
241 239 0.0186
238 240 0.0675
239 240 0.0778
241 240 0.0128
66 241 0.0051
239 241 0.0186
240 241 0.0128
235 242 0.0016
243 242 0.008
524 242 0.006
664 242 0.0107
242 243 0.008
245 243 0.0231
664 243 0.0209
232 244 0.0046
243 245 0.0231
524 245 0.0202
665 245 0.0536
234 246 0.0043
248 247 0.0021
249 247 0.0022
287 247 0.0067
247 248 0.0021
247 249 0.0022
251 250 0.0045
252 250 0.0028
717 250 0.0088
250 251 0.0045
250 252 0.0028
135 253 0.0095
169 253 0.0082
717 253 0.0066
135 254 0.0052
173 254 0.0019
255 254 0.0055
254 255 0.0055
175 256 0.0042
175 257 0.0207
258 257 0.0088
259 257 0.0055
257 258 0.0088
257 259 0.0055
173 260 0.0096
173 261 0.0114
173 262 0.0157
263 262 0.0186
264 262 0.0246
262 263 0.0186
262 264 0.0246
178 265 0.0132
266 265 0.0172
267 265 0.0074
716 265 0.0123
265 266 0.0172
265 267 0.0074
176 268 0.0087
492 268 0.0069
629 268 0.0018
280 269 0.0026
513 269 0.0036
514 269 0.0034
274 270 0.0053
180 271 0.0367
272 271 0.0152
716 271 0.0245
271 272 0.0152
276 272 0.0398
279 272 0.0476
283 272 0.0612
274 273 0.005
278 273 0.003
280 273 0.0048
716 273 0.016
270 274 0.0053
273 274 0.005
282 274 0.0068
279 275 0.0061
494 275 0.0166
495 275 0.0119
272 276 0.0398
277 276 0.0174
283 276 0.0455
276 277 0.0174
278 277 0.0046
499 277 0.0028
273 278 0.003
277 278 0.0046
512 278 0.0301
176 279 0.0158
180 279 0.0061
272 279 0.0476
275 279 0.0061
269 280 0.0026
273 280 0.0048
282 280 0.0119
282 281 0.0169
274 282 0.0068
280 282 0.0119
281 282 0.0169
272 283 0.0612
276 283 0.0455
716 283 0.0294
155 284 0.0019
294 285 0.0174
295 285 0.0144
297 285 0.0227
8 286 0.0178
287 286 0.0022
288 286 0.0079
710 286 0.0162
247 287 0.0067
286 287 0.0022
288 287 0.0108
286 288 0.0079
287 288 0.0108
710 288 0.0113
121 289 0.0071
124 289 0.0063
666 289 0.0153
144 290 0.0061
291 290 0.0031
292 290 0.0021
718 290 0.0076
290 291 0.0031
132 292 0.0118
135 292 0.0061
143 292 0.0046
290 292 0.0021
337 293 0.0463
352 293 0.0123
647 293 0.0267
650 293 0.004
31 294 0.0044
94 294 0.002
285 294 0.0174
295 294 0.0339
84 295 0.0152
95 295 0.0098
285 295 0.0144
294 295 0.0339
296 295 0.0171
84 296 0.0164
85 296 0.0278
115 296 0.0186
295 296 0.0171
95 297 0.007
111 297 0.0146
285 297 0.0227
298 297 0.0128
332 297 0.0103
297 298 0.0128
299 298 0.054
321 298 0.0117
101 299 0.0212
119 299 0.0081
298 299 0.054
300 299 0.0307
83 300 0.0556
101 300 0.0143
299 300 0.0307
641 300 0.005
335 301 0.0878
352 301 0.0114
608 301 0.0142
215 302 0.0027
216 302 0.0123
303 302 0.0137
216 303 0.0101
302 303 0.0137
304 303 0.0194
306 303 0.0025
216 304 0.014
303 304 0.0194
343 304 0.0032
339 305 0.0028
346 305 0.0107
722 305 0.0002
303 306 0.0025
307 306 0.0153
341 306 0.0032
342 306 0.0041
306 307 0.0153
308 307 0.0011
342 307 0.0156
219 308 0.018
307 308 0.0011
608 308 0.0131
87 309 0.0289
88 309 0.0718
115 309 0.0168
115 310 0.0596
118 310 0.0326
311 310 0.0247
310 311 0.0247
312 311 0.0326
318 311 0.0359
116 312 0.0487
311 312 0.0326
313 312 0.0139
115 313 0.0706
312 313 0.0139
314 313 0.0571
313 314 0.0571
315 314 0.0322
317 314 0.0111
314 315 0.0322
316 315 0.0861
320 315 0.0271
113 316 0.0179
116 316 0.0473
315 316 0.0861
322 316 0.0267
115 317 0.0746
314 317 0.0111
319 317 0.058
116 318 0.02
118 318 0.0084
311 318 0.0359
331 318 0.0118
317 319 0.058
320 319 0.0189
332 319 0.0083
333 319 0.0075
113 320 0.0061
315 320 0.0271
319 320 0.0189
333 320 0.0051
298 321 0.0117
332 321 0.0152
333 321 0.0382
112 322 0.0153
114 322 0.0327
316 322 0.0267
323 322 0.0071
116 323 0.0153
322 323 0.0071
329 323 0.0628
330 323 0.039
117 324 0.0254
325 324 0.1058
326 324 0.0227
329 324 0.0244
324 325 0.1058
328 325 0.0346
334 325 0.0701
112 326 0.0029
324 326 0.0227
327 326 0.1139
36 327 0.0266
326 327 0.1139
328 327 0.0277
105 328 0.0215
325 328 0.0346
327 328 0.0277
114 329 0.0149
323 329 0.0628
324 329 0.0244
330 329 0.0741
323 330 0.039
329 330 0.0741
331 330 0.0436
318 331 0.0118
330 331 0.0436
608 331 0.0044
95 332 0.0087
297 332 0.0103
319 332 0.0083
321 332 0.0152
333 332 0.0279
319 333 0.0075
320 333 0.0051
321 333 0.0382
332 333 0.0279
325 334 0.0701
335 334 0.1256
336 334 0.0341
301 335 0.0878
334 335 0.1256
336 335 0.0341
334 336 0.0341
335 336 0.0341
337 336 0.228
105 337 0.1273
293 337 0.0463
336 337 0.228
90 338 0.023
217 339 0.0002
305 339 0.0028
340 339 0.011
217 340 0.0005
339 340 0.011
343 340 0.0164
344 340 0.0085
306 341 0.0032
560 341 0.0039
565 341 0.0048
306 342 0.0041
307 342 0.0156
557 342 0.0008
304 343 0.0032
340 343 0.0164
344 343 0.0089
340 344 0.0085
343 344 0.0089
345 344 0.0029
346 344 0.0106
344 345 0.0029
305 346 0.0107
344 346 0.0106
565 346 0.0009
647 347 0.0171
650 347 0.022
651 347 0.0028
652 347 0.0063
649 348 0.008
648 349 0.0054
648 350 0.0071
649 351 0.0056
293 352 0.0123
301 352 0.0114
608 352 0.0164
650 352 0.0045
354 353 0.0032
355 353 0.004
359 353 0.0075
353 354 0.0032
355 354 0.0097
638 354 0.009
353 355 0.004
354 355 0.0097
356 355 0.0009
357 355 0.0014
355 356 0.0009
355 357 0.0014
359 358 0.0043
353 359 0.0075
358 359 0.0043
645 359 0.0063
638 360 0.0078
221 361 0.002
221 362 0.0032
70 363 0.0082
71 363 0.0113
364 363 0.0092
66 364 0.0022
69 364 0.0134
72 364 0.0007
363 364 0.0092
657 365 0.004
72 366 0.0024
523 366 0.0035
656 366 0.0019
73 367 0.0017
634 367 0.0431
635 367 0.0079
636 367 0.0042
369 368 0.0026
374 368 0.0026
375 368 0.0019
634 368 0.0087
368 369 0.0026
656 370 0.0038
656 371 0.0021
657 372 0.0009
376 373 0.001
634 373 0.0132
635 373 0.0214
368 374 0.0026
368 375 0.0019
78 376 0.0015
373 376 0.001
377 376 0.0059
381 376 0.0023
637 376 0.0068
376 377 0.0059
637 378 0.0011
79 379 0.0018
637 379 0.0086
659 379 0.0015
659 380 0.0037
376 381 0.0023
130 382 0.0164
384 382 0.0066
660 382 0.009
660 383 0.0033
382 384 0.0066
526 384 0.0254
661 384 0.0382
691 385 0.0027
676 386 0.0037
526 387 0.0075
541 387 0.0083
549 387 0.0001
124 388 0.004
668 388 0.0028
681 388 0.0032
108 389 0.0016
670 389 0.0069
698 389 0.0085
398 390 0.0032
699 390 0.0037
705 390 0.0041
542 391 0.0026
547 391 0.0063
686 391 0.0015
123 392 0.0072
393 392 0.0034
687 392 0.0096
697 392 0.014
392 393 0.0034
395 393 0.0045
396 393 0.0019
697 394 0.0003
123 395 0.0044
393 395 0.0045
700 395 0.0023
702 395 0.0025
393 396 0.0019
695 397 0.0017
109 398 0.0011
390 398 0.0032
399 398 0.0009
139 399 0.0003
398 399 0.0009
400 399 0.0037
399 400 0.0037
401 400 0.0087
402 400 0.0098
400 401 0.0087
700 401 0.0008
701 401 0.0025
400 402 0.0098
405 402 0.0024
701 402 0.0019
164 403 0.0022
405 403 0.0009
406 403 0.0036
406 404 0.0016
402 405 0.0024
403 405 0.0009
704 405 0.0126
403 406 0.0036
404 406 0.0016
703 406 0.0019
134 407 0.0247
135 407 0.0269
174 407 0.009
145 408 0.0018
171 409 0.0052
410 409 0.0214
628 409 0.0162
409 410 0.0214
412 410 0.008
628 410 0.0406
628 411 0.0028
410 412 0.008
171 413 0.0162
414 413 0.0064
419 413 0.0017
413 414 0.0064
417 414 0.0066
418 414 0.007
170 415 0.0042
171 415 0.0245
599 415 0.0006
171 416 0.0043
414 417 0.0066
414 418 0.007
413 419 0.0017
420 419 0.0027
421 419 0.0043
419 420 0.0027
419 421 0.0043
151 422 0.0051
151 423 0.004
151 424 0.0047
212 425 0.083
426 425 0.0314
427 425 0.015
211 426 0.0097
214 426 0.009
425 426 0.0314
425 427 0.015
428 427 0.0198
429 427 0.0202
427 428 0.0198
427 429 0.0202
214 430 0.0023
214 431 0.0286
432 431 0.0211
434 431 0.0013
431 432 0.0211
433 432 0.0073
435 432 0.0018
442 432 0.0015
432 433 0.0073
215 434 0.0035
217 434 0.0077
431 434 0.0013
432 435 0.0018
442 435 0.0055
443 435 0.0067
444 435 0.0124
208 436 0.0025
209 436 0.0051
437 436 0.0026
436 437 0.0026
438 437 0.0028
440 437 0.0048
441 437 0.0378
437 438 0.0028
439 438 0.0084
453 438 0.0016
210 439 0.0071
438 439 0.0084
440 439 0.0182
442 439 0.0053
443 439 0.009
210 440 0.0033
437 440 0.0048
439 440 0.0182
441 440 0.0118
210 441 0.013
437 441 0.0378
440 441 0.0118
432 442 0.0015
435 442 0.0055
439 442 0.0053
435 443 0.0067
439 443 0.009
444 443 0.0154
435 444 0.0124
443 444 0.0154
445 444 0.0132
444 445 0.0132
446 445 0.0021
449 445 0.0002
450 445 0.0009
445 446 0.0021
447 446 0.0029
448 446 0.0017
446 447 0.0029
446 448 0.0017
445 449 0.0002
445 450 0.0009
451 450 0.0007
452 450 0.0021
450 451 0.0007
450 452 0.0021
438 453 0.0016
208 454 0.0283
209 454 0.0023
455 454 0.0006
454 455 0.0006
208 456 0.0023
457 456 0.0011
461 456 0.0007
456 457 0.0011
458 457 0.0022
520 457 0.0007
457 458 0.0022
459 458 0.0021
460 458 0.0009
458 459 0.0021
458 460 0.0009
456 461 0.0007
463 462 0.0014
185 463 0.0004
207 463 0.0002
462 463 0.0014
207 464 0.0019
465 464 0.0025
466 464 0.0016
464 465 0.0025
464 466 0.0016
191 467 0.0008
468 467 0.0016
469 467 0.0017
467 468 0.0016
467 469 0.0017
185 470 0.0091
189 470 0.0087
190 470 0.0153
197 471 0.0009
197 472 0.0015
197 473 0.0024
196 474 0.0012
196 475 0.0015
477 476 0.0059
195 477 0.0016
196 477 0.0121
476 477 0.0059
193 478 0.0022
195 478 0.0045
479 478 0.0025
478 479 0.0025
182 480 0.0029
183 481 0.003
183 482 0.0022
483 482 0.0076
484 482 0.0029
482 483 0.0076
482 484 0.0029
633 485 0.0059
194 486 0.007
487 486 0.0028
633 486 0.0077
486 487 0.0028
633 488 0.0148
1 489 0.0013
490 489 0.0027
491 489 0.0077
489 490 0.0027
505 490 0.0018
556 490 0.0021
489 491 0.0077
268 492 0.0069
493 492 0.0051
505 492 0.0046
492 493 0.0051
497 493 0.0035
504 493 0.0123
505 493 0.0032
275 494 0.0166
495 494 0.038
496 494 0.0046
275 495 0.0119
494 495 0.038
496 495 0.0104
494 496 0.0046
495 496 0.0104
500 496 0.0258
493 497 0.0035
720 498 0.0055
277 499 0.0028
719 499 0.0258
720 499 0.0106
496 500 0.0258
501 500 0.0183
502 500 0.0063
503 500 0.0071
719 500 0.0193
500 501 0.0183
500 502 0.0063
500 503 0.0071
493 504 0.0123
550 504 0.0032
597 504 0.0225
490 505 0.0018
492 505 0.0046
493 505 0.0032
507 506 0.0175
512 506 0.0233
721 506 0.0324
506 507 0.0175
508 507 0.0508
511 507 0.0013
507 508 0.0508
509 508 0.0051
510 508 0.004
508 509 0.0051
508 510 0.004
507 511 0.0013
278 512 0.0301
506 512 0.0233
513 512 0.0057
269 513 0.0036
512 513 0.0057
514 513 0.0158
721 513 0.0161
269 514 0.0034
513 514 0.0158
515 514 0.0043
721 514 0.0056
514 515 0.0043
51 516 0.0147
102 516 0.0096
517 516 0.028
519 516 0.0038
644 516 0.0098
104 517 0.0153
516 517 0.028
518 517 0.0155
54 518 0.0038
104 518 0.0118
517 518 0.0155
519 518 0.0074
516 519 0.0038
518 519 0.0074
596 519 0.0061
457 520 0.0007
521 520 0.0016
522 520 0.0016
520 521 0.0016
520 522 0.0016
366 523 0.0035
63 524 0.0028
121 524 0.0139
128 524 0.0046
242 524 0.006
245 524 0.0202
665 524 0.0181
128 525 0.0049
129 525 0.0075
130 525 0.0109
384 526 0.0254
387 526 0.0075
527 526 0.0216
661 526 0.0577
526 527 0.0216
528 527 0.0017
530 527 0.0058
662 527 0.0084
663 527 0.0048
527 528 0.0017
661 529 0.0032
527 530 0.0058
531 530 0.0293
538 530 0.0061
530 531 0.0293
532 531 0.0125
539 531 0.0125
531 532 0.0125
533 532 0.0001
534 532 0.0011
532 533 0.0001
534 533 0.0006
537 533 0.0008
532 534 0.0011
533 534 0.0006
535 534 0.0005
536 534 0.0003
534 535 0.0005
534 536 0.0003
533 537 0.0008
530 538 0.0061
531 539 0.0125
541 540 0.0053
387 541 0.0083
540 541 0.0053
549 541 0.0004
391 542 0.0026
543 542 0.0034
546 542 0.0013
542 543 0.0034
544 543 0.0067
545 543 0.0073
543 544 0.0067
543 545 0.0073
542 546 0.0013
391 547 0.0063
548 547 0.0033
549 547 0.0037
697 547 0.0011
547 548 0.0033
387 549 0.0001
541 549 0.0004
547 549 0.0037
504 550 0.0032
551 550 0.0157
552 550 0.002
550 551 0.0157
553 551 0.0035
554 551 0.0035
555 551 0.0031
550 552 0.002
551 553 0.0035
551 554 0.0035
551 555 0.0031
490 556 0.0021
342 557 0.0008
558 557 0.0022
559 557 0.0015
557 558 0.0022
557 559 0.0015
341 560 0.0039
561 560 0.0122
579 560 0.0017
560 561 0.0122
562 561 0.0053
591 561 0.0012
561 562 0.0053
563 562 0.0003
564 562 0.002
562 563 0.0003
562 564 0.002
341 565 0.0048
346 565 0.0009
566 565 0.002
565 566 0.002
567 566 0.0065
570 566 0.0078
566 567 0.0065
568 567 0.0001
569 567 0.0003
567 568 0.0001
567 569 0.0003
566 570 0.0078
571 570 0.0006
572 570 0.0058
570 571 0.0006
570 572 0.0058
573 572 0.0006
576 572 0.0013
572 573 0.0006
574 573 0.0013
575 573 0.001
573 574 0.0013
573 575 0.001
572 576 0.0013
577 576 0.001
578 576 0.0007
576 577 0.001
576 578 0.0007
560 579 0.0017
580 579 0.0157
590 579 0.0005
579 580 0.0157
581 580 0.0121
589 580 0.0004
580 581 0.0121
582 581 0.0014
585 581 0.0016
581 582 0.0014
583 582 0.0027
584 582 0.0026
582 583 0.0027
582 584 0.0026
581 585 0.0016
586 585 0.0028
587 585 0.0026
588 585 0.0029
585 586 0.0028
585 587 0.0026
585 588 0.0029
580 589 0.0004
579 590 0.0005
561 591 0.0012
592 591 0.0004
593 591 0.0004
594 591 0.0006
591 592 0.0004
591 593 0.0004
591 594 0.0006
16 595 0.0217
21 595 0.0081
62 595 0.0289
713 595 0.0165
54 596 0.0049
55 596 0.0242
519 596 0.0061
645 596 0.009
504 597 0.0225
719 597 0.0055
720 597 0.0077
628 598 0.0013
415 599 0.0006
600 599 0.0071
601 599 0.0062
602 599 0.0033
599 600 0.0071
599 601 0.0062
599 602 0.0033
184 603 0.0077
185 603 0.0115
193 603 0.0103
633 603 0.001
11 604 0.0018
121 604 0.0044
122 604 0.0043
224 604 0.0025
232 604 0.0041
608 605 0.0166
610 605 0.0017
611 605 0.0144
608 606 0.0149
614 606 0.0057
621 606 0.0067
608 607 0.0138
623 607 0.0058
626 607 0.0024
627 607 0.0014
90 608 0.0051
118 608 0.0084
219 608 0.0131
301 608 0.0142
308 608 0.0131
331 608 0.0044
352 608 0.0164
605 608 0.0166
606 608 0.0149
607 608 0.0138
609 608 0.002
655 608 0.0179
608 609 0.002
605 610 0.0017
605 611 0.0144
612 611 0.0079
613 611 0.0032
611 612 0.0079
611 613 0.0032
606 614 0.0057
615 614 0.0017
616 614 0.0133
614 615 0.0017
614 616 0.0133
617 616 0.0011
618 616 0.008
616 617 0.0011
616 618 0.008
619 618 0.0016
620 618 0.0011
621 618 0.0261
618 619 0.0016
618 620 0.0011
606 621 0.0067
618 621 0.0261
622 621 0.0014
621 622 0.0014
607 623 0.0058
624 623 0.0037
625 623 0.0025
623 624 0.0037
623 625 0.0025
607 626 0.0024
607 627 0.0014
409 628 0.0162
410 628 0.0406
411 628 0.0028
598 628 0.0013
268 629 0.0018
630 629 0.0027
631 629 0.0022
629 630 0.0027
629 631 0.0022
1 632 0.0141
485 633 0.0059
486 633 0.0077
488 633 0.0148
603 633 0.001
75 634 0.003
367 634 0.0431
368 634 0.0087
373 634 0.0132
657 634 0.0007
367 635 0.0079
373 635 0.0214
636 635 0.0055
77 636 0.0029
367 636 0.0042
635 636 0.0055
78 637 0.0035
376 637 0.0068
378 637 0.0011
379 637 0.0086
66 638 0.0012
354 638 0.009
360 638 0.0078
639 638 0.0095
640 638 0.0016
638 639 0.0095
50 640 0.0019
53 640 0.0011
57 640 0.0071
638 640 0.0016
5 641 0.0038
35 641 0.0543
44 641 0.0036
300 641 0.005
36 642 0.0091
104 642 0.0065
105 642 0.0274
646 642 0.009
35 643 0.0559
101 643 0.0081
644 643 0.0541
35 644 0.0313
102 644 0.0619
104 644 0.0205
120 644 0.0103
516 644 0.0098
643 644 0.0541
55 645 0.0079
56 645 0.0134
359 645 0.0063
596 645 0.009
642 646 0.009
647 646 0.0187
648 646 0.0265
649 646 0.0155
293 647 0.0267
347 647 0.0171
646 647 0.0187
649 647 0.0499
54 648 0.0053
349 648 0.0054
350 648 0.0071
646 648 0.0265
348 649 0.008
351 649 0.0056
646 649 0.0155
647 649 0.0499
293 650 0.004
347 650 0.022
352 650 0.0045
347 651 0.0028
347 652 0.0063
91 653 0.009
218 653 0.0139
220 653 0.0189
654 653 0.0106
219 654 0.0191
220 654 0.0161
653 654 0.0106
90 655 0.0151
219 655 0.009
608 655 0.0179
72 656 0.001
366 656 0.0019
370 656 0.0038
371 656 0.0021
365 657 0.004
372 657 0.0009
634 657 0.0007
71 658 0.0012
379 659 0.0015
380 659 0.0037
660 659 0.0029
130 660 0.0087
382 660 0.009
383 660 0.0033
659 660 0.0029
384 661 0.0382
526 661 0.0577
529 661 0.0032
527 662 0.0084
527 663 0.0048
63 664 0.0034
242 664 0.0107
243 664 0.0209
665 664 0.0071
128 665 0.0028
245 665 0.0536
524 665 0.0181
664 665 0.0071
224 666 0.0087
289 666 0.0153
667 666 0.005
666 667 0.005
668 667 0.0144
670 667 0.0335
388 668 0.0028
667 668 0.0144
669 668 0.0065
123 669 0.0085
668 669 0.0065
682 669 0.0076
224 670 0.0059
389 670 0.0069
667 670 0.0335
124 671 0.0067
126 671 0.008
672 671 0.0038
125 672 0.0032
671 672 0.0038
673 672 0.0097
672 673 0.0097
674 673 0.0049
691 673 0.006
673 674 0.0049
676 674 0.0032
690 674 0.0027
691 674 0.02
126 675 0.0026
676 675 0.0044
677 675 0.0023
386 676 0.0037
674 676 0.0032
675 676 0.0044
688 676 0.0018
689 676 0.0012
675 677 0.0023
124 678 0.0048
125 678 0.0038
129 678 0.0036
679 678 0.0038
125 679 0.0107
129 679 0.0018
678 679 0.0038
124 680 0.0058
127 680 0.0073
681 680 0.0002
388 681 0.0032
680 681 0.0002
682 681 0.0267
684 681 0.007
669 682 0.0076
681 682 0.0267
683 682 0.003
682 683 0.003
684 683 0.0109
685 683 0.0037
681 684 0.007
683 684 0.0109
685 684 0.003
683 685 0.0037
684 685 0.003
686 685 0.0099
391 686 0.0015
685 686 0.0099
687 686 0.0222
696 686 0.0054
123 687 0.014
392 687 0.0096
686 687 0.0222
676 688 0.0018
676 689 0.0012
674 690 0.0027
385 691 0.0027
673 691 0.006
674 691 0.02
692 691 0.0045
691 692 0.0045
126 693 0.0029
694 693 0.003
706 693 0.0115
693 694 0.003
695 694 0.0033
696 694 0.0077
397 695 0.0017
694 695 0.0033
696 695 0.0116
686 696 0.0054
694 696 0.0077
695 696 0.0116
706 696 0.0041
392 697 0.014
394 697 0.0003
547 697 0.0011
389 698 0.0085
699 698 0.0021
700 698 0.0023
108 699 0.0014
390 699 0.0037
698 699 0.0021
700 699 0.0044
395 700 0.0023
401 700 0.0008
698 700 0.0023
699 700 0.0044
401 701 0.0025
402 701 0.0019
702 701 0.0082
395 702 0.0025
701 702 0.0082
704 702 0.0018
160 703 0.0016
406 703 0.0019
704 703 0.0016
405 704 0.0126
702 704 0.0018
703 704 0.0016
390 705 0.0041
127 706 0.017
693 706 0.0115
696 706 0.0041
127 707 0.0064
73 708 0.0048
77 708 0.0083
79 708 0.0187
147 709 0.0098
148 709 0.0028
167 709 0.0197
168 709 0.0027
8 710 0.0376
161 710 0.0045
286 710 0.0162
288 710 0.0113
10 711 0.004
228 711 0.0414
712 711 0.0173
229 712 0.0196
234 712 0.0193
711 712 0.0173
6 713 0.0325
21 713 0.0048
595 713 0.0165
177 714 0.0455
178 714 0.0389
715 714 0.059
1 715 0.0068
173 715 0.008
714 715 0.059
265 716 0.0123
271 716 0.0245
273 716 0.016
283 716 0.0294
135 717 0.0049
250 717 0.0088
253 717 0.0066
144 718 0.0081
151 718 0.0048
290 718 0.0076
499 719 0.0258
500 719 0.0193
597 719 0.0055
498 720 0.0055
499 720 0.0106
597 720 0.0077
506 721 0.0324
513 721 0.0161
514 721 0.0056
305 722 0.0002
25 723 0.0283
26 723 0.0501
29 723 0.0084
30 723 0.0337
