2 1 0.0112
3 1 0.0105
4 1 0.0118
5 1 0.011
6 1 0.0118
7 1 0.0112
8 1 0.0125
9 1 0.0185
10 1 0.0115
11 1 0.0105
12 1 0.0112
13 1 0.0076
17 1 0.0101
26 1 0.0092
90 1 0.0008
146 1 0.0098
180 1 0.0117
207 1 0.0115
309 1 0.0088
345 1 0.0083
346 1 0.0133
351 1 0.0054
480 1 0.0041
483 1 0.0075
1 2 0.0112
24 2 0.0108
481 2 0.0046
1 3 0.0105
26 3 0.0828
345 3 0.0405
1 4 0.0118
208 4 0.0222
311 4 0.0459
1 5 0.011
206 5 0.0213
346 5 0.0894
347 5 0.1952
1 6 0.0118
165 6 0.0022
174 6 0.005
1 7 0.0112
113 7 0.0109
144 7 0.0063
464 7 0.0069
1 8 0.0125
104 8 0.0074
108 8 0.0007
109 8 0.0158
462 8 0.017
1 9 0.0185
79 9 0.0081
90 9 0.007
1 10 0.0115
77 10 0.0166
430 10 0.0148
1 11 0.0105
12 11 0.0223
424 11 0.0014
430 11 0.0186
1 12 0.0112
11 12 0.0223
13 12 0.0224
1 13 0.0076
12 13 0.0224
14 13 0.0167
62 13 0.0011
13 14 0.0167
15 14 0.0436
425 14 0.0254
14 15 0.0436
16 15 0.0574
20 15 0.0597
427 15 0.069
15 16 0.0574
17 16 0.0365
20 16 0.0239
1 17 0.0101
16 17 0.0365
18 17 0.0081
17 18 0.0081
19 18 0.034
491 18 0.0901
18 19 0.034
20 19 0.0618
21 19 0.0206
429 19 0.0107
15 20 0.0597
16 20 0.0239
19 20 0.0618
19 21 0.0206
50 21 0.0177
493 21 0.0568
23 22 0.014
478 22 0.0069
485 22 0.0296
490 22 0.1044
22 23 0.014
24 23 0.0239
31 23 0.0068
481 23 0.0192
490 23 0.0647
2 24 0.0108
23 24 0.0239
25 24 0.0917
31 24 0.0021
24 25 0.0917
26 25 0.0273
27 25 0.0295
1 26 0.0092
3 26 0.0828
25 26 0.0273
27 26 0.0039
25 27 0.0295
26 27 0.0039
28 27 0.0111
27 28 0.0111
29 28 0.0068
393 28 0.0008
494 28 0.0042
496 28 0.0241
28 29 0.0068
248 29 0.1118
345 29 0.0995
34 30 0.0047
412 30 0.0054
487 30 0.0238
491 30 0.005
493 30 0.0039
503 30 0.0601
23 31 0.0068
24 31 0.0021
32 31 0.0066
495 31 0.0057
31 32 0.0066
498 32 0.0439
501 32 0.0031
46 33 0.0104
498 33 0.0402
501 33 0.0128
30 34 0.0047
35 34 0.0076
507 34 0.001
34 35 0.0076
36 35 0.0063
493 35 0.0016
35 36 0.0063
37 36 0.0027
39 36 0.023
36 37 0.0027
407 37 0.0183
410 37 0.0028
40 38 0.0052
52 38 0.0035
407 38 0.0022
506 38 0.0214
36 39 0.023
409 39 0.0193
411 39 0.001
38 40 0.0052
408 40 0.0128
409 40 0.015
412 41 0.0014
43 42 0.0013
405 42 0.0045
406 42 0.0039
42 43 0.0013
44 43 0.0059
502 43 0.0415
43 44 0.0059
45 44 0.0086
46 44 0.0026
44 45 0.0086
51 45 0.0017
437 45 0.0011
33 46 0.0104
44 46 0.0026
270 46 0.0053
48 47 0.0116
501 47 0.0142
502 47 0.0024
47 48 0.0116
412 49 0.0032
21 50 0.0177
53 50 0.0004
429 50 0.0048
45 51 0.0017
38 52 0.0035
50 53 0.0004
64 54 0.0057
65 54 0.0014
66 54 0.0042
67 54 0.0037
68 54 0.0053
413 54 0.0102
56 55 0.0037
419 55 0.0036
426 55 0.0029
428 55 0.002
55 56 0.0037
57 56 0.0419
60 56 0.0028
419 56 0.0084
56 57 0.0419
58 57 0.0018
418 57 0.0076
57 58 0.0018
418 59 0.003
56 60 0.0028
413 60 0.0124
421 60 0.0024
417 61 0.0239
421 61 0.0017
422 61 0.0017
13 62 0.0011
63 62 0.002
422 62 0.0436
62 63 0.002
64 63 0.0009
424 63 0.0011
54 64 0.0057
63 64 0.0009
416 64 0.0024
54 65 0.0014
54 66 0.0042
54 67 0.0037
54 68 0.0053
71 69 0.0036
424 69 0.0084
432 69 0.0051
83 70 0.0009
431 70 0.0007
432 70 0.0143
69 71 0.0036
72 71 0.0011
76 71 0.001
432 71 0.0018
71 72 0.0011
73 72 0.0016
414 72 0.0165
72 73 0.0016
414 74 0.0016
414 75 0.0019
71 76 0.001
10 77 0.0166
431 77 0.0005
433 77 0.0027
79 78 0.0004
9 79 0.0081
78 79 0.0004
80 79 0.0064
79 80 0.0064
472 80 0.0011
474 80 0.0016
476 80 0.0052
82 81 0.0028
83 81 0.0005
434 81 0.005
476 81 0.0013
81 82 0.0028
70 83 0.0009
81 83 0.0005
84 83 0.0018
83 84 0.0018
85 84 0.0004
86 84 0.0015
84 85 0.0004
86 85 0.0014
473 85 0.0099
474 85 0.004
84 86 0.0015
85 86 0.0014
87 86 0.0017
477 86 0.0072
86 87 0.0017
477 88 0.0019
477 89 0.0003
1 90 0.0008
9 90 0.007
469 90 0.0564
92 91 0.0018
93 91 0.0026
470 91 0.0013
91 92 0.0018
93 92 0.0091
471 92 0.0067
91 93 0.0026
92 93 0.0091
465 93 0.001
467 93 0.0017
465 94 0.0272
466 94 0.0144
467 94 0.0017
96 95 0.0127
99 95 0.0026
465 95 0.0019
95 96 0.0127
97 96 0.0019
98 96 0.0012
96 97 0.0019
472 97 0.0282
473 97 0.0019
96 98 0.0012
95 99 0.0026
100 99 0.0016
103 99 0.0017
99 100 0.0016
101 100 0.0012
103 100 0.0011
100 101 0.0012
102 101 0.0047
103 101 0.001
101 102 0.0047
466 102 0.0007
468 102 0.0002
99 103 0.0017
100 103 0.0011
101 103 0.001
466 103 0.0007
8 104 0.0074
468 104 0.0011
475 104 0.0038
468 105 0.0004
107 106 0.0011
124 106 0.0044
126 106 0.0008
106 107 0.0011
108 107 0.0011
120 107 0.0007
8 108 0.0007
107 108 0.0011
121 108 0.0016
8 109 0.0158
110 109 0.0028
462 109 0.0064
109 110 0.0028
111 110 0.0021
114 110 0.0014
110 111 0.0021
112 111 0.0039
116 111 0.0126
111 112 0.0039
113 112 0.0319
114 112 0.0006
116 112 0.0005
127 112 0.0045
130 112 0.011
7 113 0.0109
112 113 0.0319
115 113 0.0034
147 113 0.002
110 114 0.0014
112 114 0.0006
115 114 0.0023
113 115 0.0034
114 115 0.0023
462 115 0.0029
111 116 0.0126
112 116 0.0005
117 116 0.0017
116 117 0.0017
118 117 0.0117
122 117 0.0024
128 117 0.0032
117 118 0.0117
119 118 0.0034
120 118 0.0035
118 119 0.0034
120 119 0.0074
123 119 0.013
107 120 0.0007
118 120 0.0035
119 120 0.0074
108 121 0.0016
117 122 0.0024
123 122 0.0119
132 122 0.0015
119 123 0.013
122 123 0.0119
125 123 0.002
126 123 0.0009
106 124 0.0044
123 125 0.002
126 125 0.0005
135 125 0.0015
106 126 0.0008
123 126 0.0009
125 126 0.0005
112 127 0.0045
128 127 0.0044
129 127 0.0075
117 128 0.0032
127 128 0.0044
129 128 0.0037
127 129 0.0075
128 129 0.0037
131 129 0.0003
112 130 0.011
131 130 0.0023
141 130 0.0286
129 131 0.0003
130 131 0.0023
140 131 0.001
122 132 0.0015
133 132 0.0016
138 132 0.0012
132 133 0.0016
134 133 0.0198
138 133 0.0036
133 134 0.0198
135 134 0.0039
137 134 0.0016
125 135 0.0015
134 135 0.0039
136 135 0.0044
135 136 0.0044
134 137 0.0016
132 138 0.0012
133 138 0.0036
139 138 0.0098
138 139 0.0098
140 139 0.0028
143 139 0.0003
150 139 0.0017
131 140 0.001
139 140 0.0028
141 140 0.0065
143 140 0.0017
130 141 0.0286
140 141 0.0065
142 141 0.0177
141 142 0.0177
143 142 0.0008
147 142 0.0008
460 142 0.0032
139 143 0.0003
140 143 0.0017
142 143 0.0008
151 143 0.0026
7 144 0.0063
458 144 0.0019
463 144 0.0132
146 145 0.0372
157 145 0.0266
464 145 0.0296
1 146 0.0098
145 146 0.0372
163 146 0.0375
164 146 0.0501
113 147 0.002
142 147 0.0008
463 147 0.0041
149 148 0.0042
460 148 0.0106
461 148 0.0321
148 149 0.0042
152 149 0.0016
153 149 0.0008
139 150 0.0017
143 151 0.0026
149 152 0.0016
149 153 0.0008
155 153 0.0004
166 153 0.001
155 154 0.0074
157 154 0.0047
453 154 0.0031
153 155 0.0004
154 155 0.0074
457 155 0.0051
157 156 0.0083
461 156 0.0003
464 156 0.0008
145 157 0.0266
154 157 0.0047
156 157 0.0083
160 157 0.0071
453 157 0.0017
454 158 0.0028
455 158 0.0152
457 158 0.0044
160 159 0.0024
167 159 0.0033
293 159 0.0004
455 159 0.0119
157 160 0.0071
159 160 0.0024
161 160 0.0086
164 160 0.0076
176 160 0.0009
160 161 0.0086
162 161 0.0235
174 161 0.0172
161 162 0.0235
163 162 0.0165
165 162 0.01
174 162 0.0079
146 163 0.0375
162 163 0.0165
164 163 0.0143
165 163 0.0211
146 164 0.0501
160 164 0.0076
163 164 0.0143
6 165 0.0022
162 165 0.01
163 165 0.0211
174 165 0.0125
153 166 0.001
159 167 0.0033
168 167 0.0019
169 167 0.0058
167 168 0.0019
169 168 0.0019
170 168 0.0038
171 168 0.0014
167 169 0.0058
168 169 0.0019
172 169 0.0015
173 169 0.004
168 170 0.0038
168 171 0.0014
169 172 0.0015
169 173 0.004
6 174 0.005
161 174 0.0172
162 174 0.0079
165 174 0.0125
177 174 0.0028
364 174 0.0118
176 175 0.0032
177 175 0.0024
181 175 0.0012
160 176 0.0009
175 176 0.0032
182 176 0.0015
174 177 0.0028
175 177 0.0024
183 177 0.001
184 177 0.0004
353 178 0.013
359 178 0.0172
364 178 0.0146
350 179 0.0074
352 179 0.0068
353 179 0.0046
1 180 0.0117
346 180 0.0812
348 180 0.0635
175 181 0.0012
182 181 0.0045
183 181 0.0017
176 182 0.0015
181 182 0.0045
185 182 0.0015
177 183 0.001
181 183 0.0017
184 183 0.0053
446 183 0.0013
177 184 0.0004
183 184 0.0053
186 184 0.0004
447 184 0.0033
182 185 0.0015
184 186 0.0004
187 186 0.0004
364 186 0.0006
186 187 0.0004
191 187 0.0021
193 187 0.0555
360 187 0.0269
189 188 0.0073
347 188 0.0238
348 188 0.0355
188 189 0.0073
190 189 0.0015
195 189 0.0015
189 190 0.0015
192 190 0.0006
354 190 0.0013
187 191 0.0021
357 191 0.0105
358 191 0.0155
360 191 0.0172
190 192 0.0006
194 192 0.021
355 192 0.0585
444 192 0.0031
187 193 0.0555
290 193 0.0151
356 193 0.0202
445 193 0.0053
192 194 0.021
195 194 0.0149
211 194 0.1088
287 194 0.0015
444 194 0.0009
189 195 0.0015
194 195 0.0149
196 195 0.001
195 196 0.001
204 196 0.0004
211 196 0.0047
212 196 0.0005
198 197 0.0047
363 197 0.0031
366 197 0.0013
197 198 0.0047
199 198 0.0284
213 198 0.01
363 198 0.0028
367 198 0.0168
368 198 0.0012
198 199 0.0284
200 199 0.0053
306 199 0.0037
199 200 0.0053
202 200 0.0496
362 200 0.0445
363 200 0.0184
306 201 0.0088
361 201 0.0088
362 201 0.0167
200 202 0.0496
203 202 0.0043
361 202 0.0657
202 203 0.0043
204 203 0.0526
317 203 0.0116
196 204 0.0004
203 204 0.0526
205 204 0.0755
204 205 0.0755
206 205 0.051
315 205 0.1781
5 206 0.0213
205 206 0.051
318 206 0.0193
1 207 0.0115
208 207 0.0207
318 207 0.0857
4 208 0.0222
207 208 0.0207
314 208 0.2327
210 209 0.0109
313 209 0.0023
319 209 0.0446
320 209 0.0872
209 210 0.0109
218 210 0.0033
308 210 0.0122
316 210 0.0303
194 211 0.1088
196 211 0.0047
212 211 0.0072
196 212 0.0005
211 212 0.0072
214 212 0.0006
365 212 0.0105
198 213 0.01
214 213 0.0108
226 213 0.0149
286 213 0.0027
365 213 0.0092
367 213 0.0112
212 214 0.0006
213 214 0.0108
288 214 0.0015
305 215 0.1286
306 215 0.0635
307 215 0.0683
304 216 0.0102
369 216 0.0658
370 216 0.004
218 217 0.0035
220 217 0.0261
370 217 0.0141
210 218 0.0033
217 218 0.0035
242 218 0.0204
220 219 0.0121
222 219 0.0147
305 219 0.0063
217 220 0.0261
219 220 0.0121
221 220 0.0152
220 221 0.0152
227 221 0.0039
230 221 0.0027
371 221 0.0125
219 222 0.0147
223 222 0.0191
229 222 0.0135
374 222 0.0071
222 223 0.0191
224 223 0.0107
229 223 0.025
373 223 0.0214
223 224 0.0107
225 224 0.0047
281 224 0.0045
372 224 0.0032
224 225 0.0047
226 225 0.0043
368 225 0.0031
213 226 0.0149
225 226 0.0043
368 226 0.0032
221 227 0.0039
228 227 0.018
229 227 0.0159
232 227 0.0146
234 227 0.0011
280 227 0.014
227 228 0.018
231 228 0.0012
371 228 0.0154
222 229 0.0135
223 229 0.025
227 229 0.0159
221 230 0.0027
231 230 0.0014
371 230 0.0036
228 231 0.0012
230 231 0.0014
240 231 0.0012
227 232 0.0146
233 232 0.0154
235 232 0.0253
232 233 0.0154
234 233 0.008
235 233 0.0093
236 233 0.0031
227 234 0.0011
233 234 0.008
262 234 0.0007
232 235 0.0253
233 235 0.0093
236 235 0.0053
237 235 0.0229
240 235 0.0109
233 236 0.0031
235 236 0.0053
239 236 0.0136
235 237 0.0229
238 237 0.013
335 237 0.0097
237 238 0.013
239 238 0.0095
243 238 0.0446
259 238 0.0037
332 238 0.0842
236 239 0.0136
238 239 0.0095
260 239 0.0046
231 240 0.0012
235 240 0.0109
329 240 0.0829
330 240 0.0056
334 240 0.0071
242 241 0.0978
326 241 0.0127
331 241 0.0237
218 242 0.0204
241 242 0.0978
321 242 0.1288
238 243 0.0446
245 243 0.0077
333 243 0.0053
376 243 0.0189
327 244 0.0063
337 244 0.1227
376 244 0.0925
243 245 0.0077
377 245 0.0048
378 245 0.0078
252 246 0.0131
255 246 0.0204
338 246 0.0149
377 246 0.229
249 247 0.0005
250 247 0.0032
325 247 0.0009
336 247 0.0081
29 248 0.1118
268 248 0.0351
342 248 0.0067
343 248 0.1315
247 249 0.0005
339 249 0.0491
340 249 0.0117
247 250 0.0032
340 250 0.0063
342 250 0.047
252 251 0.006
253 251 0.0113
340 251 0.0427
246 252 0.0131
251 252 0.006
253 252 0.0273
254 252 0.0077
251 253 0.0113
252 253 0.0273
254 253 0.0071
252 254 0.0077
253 254 0.0071
255 254 0.0055
256 254 0.0544
246 255 0.0204
254 255 0.0055
377 255 0.0103
394 255 0.0127
254 256 0.0544
257 256 0.026
258 256 0.0246
256 257 0.026
382 257 0.0153
388 257 0.0049
256 258 0.0246
387 258 0.0588
393 258 0.0164
238 259 0.0037
260 259 0.0054
379 259 0.0077
239 260 0.0046
259 260 0.0054
261 260 0.0026
260 261 0.0026
262 261 0.0105
266 261 0.0013
234 262 0.0007
261 262 0.0105
399 262 0.0009
264 263 0.0257
266 263 0.0013
379 263 0.0051
386 263 0.0027
263 264 0.0257
380 264 0.0125
381 264 0.0658
384 264 0.0147
381 265 0.0179
382 265 0.0311
383 265 0.0407
261 266 0.0013
263 266 0.0013
267 266 0.0056
266 267 0.0056
278 267 0.0008
386 267 0.0179
398 267 0.0107
248 268 0.0351
309 268 0.0809
344 268 0.0422
310 269 0.0137
322 269 0.0048
324 269 0.05
344 269 0.0244
46 270 0.0053
436 270 0.0109
504 270 0.0043
385 271 0.029
395 271 0.0243
398 271 0.0027
279 272 0.0757
383 272 0.0184
390 272 0.0056
395 272 0.1174
389 273 0.0184
391 273 0.0052
402 273 0.0011
392 274 0.0084
496 274 0.0156
497 274 0.0025
279 275 0.0611
397 276 0.0018
396 277 0.0025
267 278 0.0008
272 279 0.0757
275 279 0.0611
391 279 0.0019
395 279 0.0719
397 279 0.0981
227 280 0.014
224 281 0.0045
282 281 0.0018
283 281 0.0007
281 282 0.0018
284 282 0.0002
438 282 0.0007
281 283 0.0007
282 284 0.0002
285 284 0.0025
439 284 0.0013
284 285 0.0025
286 285 0.0023
439 285 0.002
213 286 0.0027
285 286 0.0023
297 286 0.0066
298 286 0.0003
194 287 0.0015
288 287 0.0004
442 287 0.0125
443 287 0.0075
214 288 0.0015
287 288 0.0004
296 288 0.0011
445 289 0.0075
193 290 0.0151
291 290 0.0018
445 290 0.006
449 290 0.0031
290 291 0.0018
292 291 0.0019
449 291 0.0007
291 292 0.0019
295 292 0.0005
444 292 0.0011
159 293 0.0004
295 294 0.0038
449 294 0.0088
451 294 0.0325
292 295 0.0005
294 295 0.0038
299 295 0.0005
288 296 0.0011
302 296 0.0019
442 296 0.0011
286 297 0.0066
303 297 0.0004
441 297 0.0006
286 298 0.0003
295 299 0.0005
443 300 0.0004
451 301 0.0002
296 302 0.0019
297 303 0.0004
216 304 0.0102
305 304 0.0785
369 304 0.0033
370 304 0.0026
215 305 0.1286
219 305 0.0063
304 305 0.0785
199 306 0.0037
201 306 0.0088
215 306 0.0635
215 307 0.0683
372 307 0.0404
374 307 0.1259
210 308 0.0122
315 308 0.0028
316 308 0.0078
319 308 0.022
1 309 0.0088
268 309 0.0809
310 309 0.0104
269 310 0.0137
309 310 0.0104
320 310 0.0028
4 311 0.0459
312 311 0.0596
314 311 0.0205
311 312 0.0596
313 312 0.0059
320 312 0.039
209 313 0.0023
312 313 0.0059
314 313 0.0459
319 313 0.0064
208 314 0.2327
311 314 0.0205
313 314 0.0459
318 314 0.0076
205 315 0.1781
308 315 0.0028
317 315 0.0091
210 316 0.0303
308 316 0.0078
317 316 0.0297
203 317 0.0116
315 317 0.0091
316 317 0.0297
369 317 0.0118
206 318 0.0193
207 318 0.0857
314 318 0.0076
209 319 0.0446
308 319 0.022
313 319 0.0064
209 320 0.0872
310 320 0.0028
312 320 0.039
321 320 0.0089
242 321 0.1288
320 321 0.0089
322 321 0.0468
269 322 0.0048
321 322 0.0468
331 322 0.0139
324 323 0.1299
269 324 0.05
323 324 0.1299
325 324 0.0078
247 325 0.0009
324 325 0.0078
343 325 0.0076
241 326 0.0127
328 326 0.0066
330 326 0.0128
244 327 0.0063
333 327 0.0022
375 327 0.115
326 328 0.0066
329 328 0.0093
330 328 0.0348
375 328 0.0466
240 329 0.0829
328 329 0.0093
334 329 0.0056
240 330 0.0056
326 330 0.0128
328 330 0.0348
241 331 0.0237
322 331 0.0139
375 331 0.1102
238 332 0.0842
333 332 0.0055
334 332 0.0039
335 332 0.0033
243 333 0.0053
327 333 0.0022
332 333 0.0055
240 334 0.0071
329 334 0.0056
332 334 0.0039
335 334 0.0103
237 335 0.0097
332 335 0.0033
334 335 0.0103
247 336 0.0081
337 336 0.0498
339 336 0.0184
244 337 0.1227
336 337 0.0498
338 337 0.211
246 338 0.0149
337 338 0.211
339 338 0.0146
249 339 0.0491
336 339 0.0184
338 339 0.0146
249 340 0.0117
250 340 0.0063
251 340 0.0427
342 341 0.0021
248 342 0.0067
250 342 0.047
341 342 0.0021
248 343 0.1315
325 343 0.0076
344 343 0.036
268 344 0.0422
269 344 0.0244
343 344 0.036
1 345 0.0083
3 345 0.0405
29 345 0.0995
1 346 0.0133
5 346 0.0894
180 346 0.0812
347 346 0.0395
5 347 0.1952
188 347 0.0238
346 347 0.0395
180 348 0.0635
188 348 0.0355
349 348 0.0147
348 349 0.0147
350 349 0.0529
351 349 0.0041
179 350 0.0074
349 350 0.0529
352 350 0.0022
1 351 0.0054
349 351 0.0041
352 351 0.0051
179 352 0.0068
350 352 0.0022
351 352 0.0051
178 353 0.013
179 353 0.0046
364 353 0.0055
190 354 0.0013
358 354 0.0035
359 354 0.0016
192 355 0.0585
356 355 0.0538
357 355 0.0198
193 356 0.0202
355 356 0.0538
357 356 0.0203
191 357 0.0105
355 357 0.0198
356 357 0.0203
358 357 0.0033
191 358 0.0155
354 358 0.0035
357 358 0.0033
178 359 0.0172
354 359 0.0016
360 359 0.0195
187 360 0.0269
191 360 0.0172
359 360 0.0195
201 361 0.0088
202 361 0.0657
362 361 0.1174
200 362 0.0445
201 362 0.0167
361 362 0.1174
197 363 0.0031
198 363 0.0028
200 363 0.0184
174 364 0.0118
178 364 0.0146
186 364 0.0006
353 364 0.0055
212 365 0.0105
213 365 0.0092
366 365 0.0005
197 366 0.0013
365 366 0.0005
367 366 0.0055
198 367 0.0168
213 367 0.0112
366 367 0.0055
198 368 0.0012
225 368 0.0031
226 368 0.0032
216 369 0.0658
304 369 0.0033
317 369 0.0118
216 370 0.004
217 370 0.0141
304 370 0.0026
221 371 0.0125
228 371 0.0154
230 371 0.0036
224 372 0.0032
307 372 0.0404
373 372 0.0219
223 373 0.0214
372 373 0.0219
374 373 0.0246
222 374 0.0071
307 374 0.1259
373 374 0.0246
327 375 0.115
328 375 0.0466
331 375 0.1102
243 376 0.0189
244 376 0.0925
377 376 0.0052
245 377 0.0048
246 377 0.229
255 377 0.0103
376 377 0.0052
245 378 0.0078
380 378 0.0057
381 378 0.0022
259 379 0.0077
263 379 0.0051
380 379 0.0147
264 380 0.0125
378 380 0.0057
379 380 0.0147
264 381 0.0658
265 381 0.0179
378 381 0.0022
257 382 0.0153
265 382 0.0311
383 382 0.0139
265 383 0.0407
272 383 0.0184
382 383 0.0139
384 383 0.0269
264 384 0.0147
383 384 0.0269
385 384 0.1094
271 385 0.029
384 385 0.1094
386 385 0.0033
263 386 0.0027
267 386 0.0179
385 386 0.0033
398 386 0.0512
258 387 0.0588
389 387 0.0019
401 387 0.0005
257 388 0.0049
389 388 0.0056
390 388 0.0017
273 389 0.0184
387 389 0.0019
388 389 0.0056
272 390 0.0056
388 390 0.0017
391 390 0.0002
273 391 0.0052
279 391 0.0019
390 391 0.0002
274 392 0.0084
393 392 0.0908
400 392 0.0067
28 393 0.0008
258 393 0.0164
392 393 0.0908
255 394 0.0127
271 395 0.0243
272 395 0.1174
279 395 0.0719
396 395 0.1729
277 396 0.0025
395 396 0.1729
397 396 0.1458
276 397 0.0018
279 397 0.0981
396 397 0.1458
267 398 0.0107
271 398 0.0027
386 398 0.0512
262 399 0.0009
392 400 0.0067
387 401 0.0005
273 402 0.0011
506 403 0.001
506 404 0.0032
42 405 0.0045
42 406 0.0039
37 407 0.0183
38 407 0.0022
408 407 0.0019
40 408 0.0128
407 408 0.0019
409 408 0.0163
39 409 0.0193
40 409 0.015
408 409 0.0163
37 410 0.0028
39 411 0.001
30 412 0.0054
41 412 0.0014
49 412 0.0032
54 413 0.0102
60 413 0.0124
415 413 0.0067
72 414 0.0165
74 414 0.0016
75 414 0.0019
413 415 0.0067
416 415 0.0204
417 415 0.0084
64 416 0.0024
415 416 0.0204
417 416 0.0108
61 417 0.0239
415 417 0.0084
416 417 0.0108
57 418 0.0076
59 418 0.003
419 418 0.0023
420 418 0.0051
55 419 0.0036
56 419 0.0084
418 419 0.0023
418 420 0.0051
60 421 0.0024
61 421 0.0017
425 421 0.0017
61 422 0.0017
62 422 0.0436
423 422 0.0015
422 423 0.0015
11 424 0.0014
63 424 0.0011
69 424 0.0084
14 425 0.0254
421 425 0.0017
426 425 0.0012
55 426 0.0029
425 426 0.0012
427 426 0.0199
15 427 0.069
426 427 0.0199
428 427 0.0043
55 428 0.002
427 428 0.0043
429 428 0.0354
19 429 0.0107
50 429 0.0048
428 429 0.0354
10 430 0.0148
11 430 0.0186
431 430 0.0006
70 431 0.0007
77 431 0.0005
430 431 0.0006
69 432 0.0051
70 432 0.0143
71 432 0.0018
77 433 0.0027
81 434 0.005
436 435 0.0002
270 436 0.0109
435 436 0.0002
505 436 0.0024
45 437 0.0011
282 438 0.0007
284 439 0.0013
285 439 0.002
440 439 0.0036
439 440 0.0036
297 441 0.0006
287 442 0.0125
296 442 0.0011
443 442 0.0014
287 443 0.0075
300 443 0.0004
442 443 0.0014
192 444 0.0031
194 444 0.0009
292 444 0.0011
193 445 0.0053
289 445 0.0075
290 445 0.006
447 445 0.0037
183 446 0.0013
184 447 0.0033
445 447 0.0037
448 447 0.0012
447 448 0.0012
449 448 0.0021
452 448 0.0016
290 449 0.0031
291 449 0.0007
294 449 0.0088
448 449 0.0021
451 450 0.0015
294 451 0.0325
301 451 0.0002
450 451 0.0015
448 452 0.0016
154 453 0.0031
157 453 0.0017
454 453 0.001
158 454 0.0028
453 454 0.001
457 454 0.0024
158 455 0.0152
159 455 0.0119
456 455 0.0021
455 456 0.0021
155 457 0.0051
158 457 0.0044
454 457 0.0024
144 458 0.0019
459 458 0.0058
463 458 0.004
458 459 0.0058
460 459 0.0013
461 459 0.0032
142 460 0.0032
148 460 0.0106
459 460 0.0013
148 461 0.0321
156 461 0.0003
459 461 0.0032
8 462 0.017
109 462 0.0064
115 462 0.0029
144 463 0.0132
147 463 0.0041
458 463 0.004
7 464 0.0069
145 464 0.0296
156 464 0.0008
93 465 0.001
94 465 0.0272
95 465 0.0019
466 465 0.0178
94 466 0.0144
102 466 0.0007
103 466 0.0007
465 466 0.0178
93 467 0.0017
94 467 0.0017
470 467 0.0002
102 468 0.0002
104 468 0.0011
105 468 0.0004
90 469 0.0564
470 469 0.0055
471 469 0.0005
91 470 0.0013
467 470 0.0002
469 470 0.0055
92 471 0.0067
469 471 0.0005
472 471 0.0456
80 472 0.0011
97 472 0.0282
471 472 0.0456
473 472 0.0187
85 473 0.0099
97 473 0.0019
472 473 0.0187
474 473 0.0005
80 474 0.0016
85 474 0.004
473 474 0.0005
476 474 0.0025
104 475 0.0038
80 476 0.0052
81 476 0.0013
474 476 0.0025
86 477 0.0072
88 477 0.0019
89 477 0.0003
22 478 0.0069
479 478 0.0093
484 478 0.0099
478 479 0.0093
480 479 0.0033
482 479 0.0146
1 480 0.0041
479 480 0.0033
483 480 0.0184
2 481 0.0046
23 481 0.0192
482 481 0.0105
479 482 0.0146
481 482 0.0105
483 482 0.0265
1 483 0.0075
480 483 0.0184
482 483 0.0265
478 484 0.0099
485 484 0.0052
492 484 0.0043
22 485 0.0296
484 485 0.0052
486 485 0.0057
492 485 0.0147
485 486 0.0057
487 486 0.0394
490 486 0.0131
30 487 0.0238
486 487 0.0394
488 487 0.0117
487 488 0.0117
489 488 0.0041
503 488 0.0278
488 489 0.0041
22 490 0.1044
23 490 0.0647
486 490 0.0131
18 491 0.0901
30 491 0.005
492 491 0.1141
484 492 0.0043
485 492 0.0147
491 492 0.1141
21 493 0.0568
30 493 0.0039
35 493 0.0016
28 494 0.0042
495 494 0.0076
496 494 0.002
31 495 0.0057
494 495 0.0076
497 495 0.0014
499 495 0.0147
28 496 0.0241
274 496 0.0156
494 496 0.002
274 497 0.0025
495 497 0.0014
498 497 0.0036
500 497 0.0021
32 498 0.0439
33 498 0.0402
497 498 0.0036
495 499 0.0147
497 500 0.0021
32 501 0.0031
33 501 0.0128
47 501 0.0142
43 502 0.0415
47 502 0.0024
503 502 0.0055
30 503 0.0601
488 503 0.0278
502 503 0.0055
270 504 0.0043
436 505 0.0024
38 506 0.0214
403 506 0.001
404 506 0.0032
34 507 0.001
