2 1 0.0254
3 1 0.0185
12 1 0.0107
15 1 0.0123
20 1 0.0136
26 1 0.0038
28 1 0.0099
32 1 0.0128
33 1 0.0116
44 1 0.0027
45 1 0.0062
49 1 0.0038
52 1 0.007
55 1 0.0129
64 1 0.012
81 1 0.0131
83 1 0.0171
90 1 0.0154
100 1 0.0112
106 1 0.0088
122 1 0.0108
131 1 0.0039
134 1 0.0017
137 1 0.0036
142 1 0.007
146 1 0.0109
978 1 0.0114
1413 1 0.01
1 2 0.0254
3 2 0.0288
207 2 0.1405
1 3 0.0185
2 3 0.0288
4 3 0.0144
206 3 0.0087
209 3 0.0652
1411 3 0.115
3 4 0.0144
5 4 0.0071
206 4 0.0113
207 4 0.0211
4 5 0.0071
6 5 0.0161
1407 5 0.0157
5 6 0.0161
7 6 0.018
206 6 0.0305
6 7 0.018
8 7 0.0527
197 7 0.0347
7 8 0.0527
9 8 0.046
32 8 0.0541
1410 8 0.0893
8 9 0.046
10 9 0.0434
211 9 0.0142
1412 9 0.046
9 10 0.0434
11 10 0.011
190 10 0.0133
10 11 0.011
213 11 0.0085
215 11 0.006
1 12 0.0107
13 12 0.0323
16 12 0.1174
20 12 0.0455
12 13 0.0323
14 13 0.0265
17 13 0.0243
182 13 0.0096
341 13 0.0403
13 14 0.0265
174 14 0.0365
183 14 0.0369
184 14 0.0058
336 14 0.0288
341 14 0.0673
1 15 0.0123
16 15 0.0381
160 15 0.0196
339 15 0.036
12 16 0.1174
15 16 0.0381
17 16 0.0428
339 16 0.2071
13 17 0.0243
16 17 0.0428
18 17 0.1377
17 18 0.1377
19 18 0.034
339 18 0.0322
342 18 0.0649
411 18 0.0126
18 19 0.034
168 19 0.0288
342 19 0.071
1 20 0.0136
12 20 0.0455
21 20 0.0307
208 20 0.015
20 21 0.0307
22 21 0.0248
181 21 0.01
21 22 0.0248
23 22 0.104
189 22 0.0153
22 23 0.104
24 23 0.0904
208 23 0.0552
23 24 0.0904
189 24 0.0315
1406 24 0.038
189 25 0.0172
202 25 0.1396
1406 25 0.0584
1408 25 0.0222
1 26 0.0038
27 26 0.0195
928 26 0.0052
26 27 0.0195
895 27 0.0102
896 27 0.0047
1 28 0.0099
29 28 0.0057
31 28 0.0057
930 28 0.0058
28 29 0.0057
30 29 0.0119
930 29 0.0028
29 30 0.0119
31 30 0.0043
931 30 0.0104
28 31 0.0057
30 31 0.0043
932 31 0.0117
934 31 0.0594
1412 31 0.041
1 32 0.0128
8 32 0.0541
1410 32 0.0344
1412 32 0.0077
1 33 0.0116
34 33 0.0518
39 33 0.0082
33 34 0.0518
35 34 0.0342
36 34 0.0082
34 35 0.0342
36 35 0.0057
39 35 0.0471
34 36 0.0082
35 36 0.0057
37 36 0.0032
38 36 0.0059
36 37 0.0032
36 38 0.0059
33 39 0.0082
35 39 0.0471
40 39 0.0098
42 39 0.0181
39 40 0.0098
41 40 0.0161
982 40 0.0093
40 41 0.0161
868 41 0.0074
869 41 0.0106
874 41 0.0042
39 42 0.0181
43 42 0.0179
875 42 0.0103
42 43 0.0179
880 43 0.0147
897 43 0.0161
1 44 0.0027
1 45 0.0062
46 45 0.0088
48 45 0.0159
45 46 0.0088
47 46 0.0324
983 46 0.0078
46 47 0.0324
45 48 0.0159
1 49 0.0038
50 49 0.0158
868 49 0.0026
49 50 0.0158
51 50 0.0207
52 50 0.0032
839 50 0.0029
50 51 0.0207
840 51 0.0043
842 51 0.0252
1 52 0.007
50 52 0.0032
53 52 0.0604
56 52 0.0075
839 52 0.0064
52 53 0.0604
54 53 0.0329
58 53 0.011
1194 53 0.0034
53 54 0.0329
811 54 0.0232
845 54 0.0033
1 55 0.0129
56 55 0.0088
59 55 0.0065
63 55 0.011
977 55 0.0099
52 56 0.0075
55 56 0.0088
57 56 0.0062
56 57 0.0062
58 57 0.0022
789 57 0.0025
793 57 0.0021
977 57 0.0091
53 58 0.011
57 58 0.0022
793 58 0.0386
802 58 0.0048
55 59 0.0065
60 59 0.0056
61 59 0.0106
977 59 0.0124
59 60 0.0056
753 60 0.0357
796 60 0.0021
59 61 0.0106
62 61 0.0091
63 61 0.0098
778 61 0.0183
61 62 0.0091
736 62 0.0364
774 62 0.0087
55 63 0.011
61 63 0.0098
966 63 0.0025
978 63 0.0095
1 64 0.012
65 64 0.0064
67 64 0.0339
69 64 0.0786
64 65 0.0064
66 65 0.0121
963 65 0.0063
65 66 0.0121
64 67 0.0339
68 67 0.0043
72 67 0.0225
67 68 0.0043
724 68 0.0059
964 68 0.0051
64 69 0.0786
70 69 0.0084
78 69 0.0113
69 70 0.0084
71 70 0.0285
79 70 0.0043
974 70 0.004
70 71 0.0285
75 71 0.0112
659 71 0.0077
668 71 0.1504
67 72 0.0225
73 72 0.0079
77 72 0.0045
964 72 0.0026
72 73 0.0079
74 73 0.0154
708 73 0.0109
73 74 0.0154
75 74 0.0351
707 74 0.0114
71 75 0.0112
74 75 0.0351
76 75 0.0425
707 75 0.0164
75 76 0.0425
668 76 0.0293
701 76 0.0531
72 77 0.0045
704 77 0.004
707 77 0.0014
719 77 0.0044
69 78 0.0113
79 78 0.0054
80 78 0.0039
70 79 0.0043
78 79 0.0054
649 79 0.0166
78 80 0.0039
1 81 0.0131
82 81 0.0091
105 81 0.0075
81 82 0.0091
86 82 0.0343
88 82 0.0074
105 82 0.0245
641 82 0.0217
1 83 0.0171
84 83 0.0281
86 83 0.013
83 84 0.0281
85 84 0.0126
91 84 0.0509
94 84 0.0054
629 84 0.0534
84 85 0.0126
96 85 0.0349
630 85 0.0447
632 85 0.025
82 86 0.0343
83 86 0.013
87 86 0.0064
105 86 0.0262
86 87 0.0064
629 87 0.01
630 87 0.0163
631 87 0.0159
82 88 0.0074
89 88 0.0389
631 88 0.0167
641 88 0.0043
88 89 0.0389
631 89 0.0129
632 89 0.0178
976 89 0.0113
1 90 0.0154
91 90 0.0176
92 90 0.0054
84 91 0.0509
90 91 0.0176
92 91 0.0127
90 92 0.0054
91 92 0.0127
93 92 0.0202
92 93 0.0202
94 93 0.0198
97 93 0.0207
84 94 0.0054
93 94 0.0198
95 94 0.0124
99 94 0.0043
94 95 0.0124
96 95 0.0113
596 95 0.0099
597 95 0.0033
85 96 0.0349
95 96 0.0113
598 96 0.002
603 96 0.021
93 97 0.0207
98 97 0.0078
99 97 0.0037
101 97 0.0244
1413 97 0.0276
97 98 0.0078
592 98 0.0134
593 98 0.005
94 99 0.0043
97 99 0.0037
596 99 0.0056
1 100 0.0112
101 100 0.027
1413 100 0.0291
97 101 0.0244
100 101 0.027
102 101 0.0103
101 102 0.0103
103 102 0.0017
580 102 0.004
584 102 0.0035
102 103 0.0017
104 103 0.0039
592 103 0.002
103 104 0.0039
586 104 0.0021
592 104 0.0142
81 105 0.0075
82 105 0.0245
86 105 0.0262
1 106 0.0088
107 106 0.015
112 106 0.0133
106 107 0.015
108 107 0.0077
109 107 0.0026
111 107 0.0007
107 108 0.0077
581 108 0.0005
582 108 0.0035
584 108 0.0027
107 109 0.0026
110 109 0.0018
577 109 0.0004
109 110 0.0018
107 111 0.0007
574 111 0.0007
579 111 0.0018
106 112 0.0133
113 112 0.0316
117 112 0.0018
112 113 0.0316
525 113 0.0019
578 113 0.0553
526 114 0.0018
527 114 0.0026
578 114 0.014
579 114 0.0188
116 115 0.0131
565 115 0.0009
579 115 0.0315
115 116 0.0131
553 116 0.0004
554 116 0.0079
570 116 0.0038
573 116 0.0006
112 117 0.0018
118 117 0.0019
120 117 0.0023
117 118 0.0019
119 118 0.0006
525 118 0.0017
118 119 0.0006
529 119 0.0008
550 119 0.0015
117 120 0.0023
121 120 0.0015
124 120 0.0021
120 121 0.0015
125 121 0.0053
550 121 0.0017
1 122 0.0108
123 122 0.0054
124 122 0.0045
517 122 0.0021
122 123 0.0054
124 123 0.0107
522 123 0.0191
120 124 0.0021
122 124 0.0045
123 124 0.0107
125 124 0.0155
518 124 0.0013
121 125 0.0053
124 125 0.0155
126 125 0.0056
128 125 0.0114
518 125 0.0008
125 126 0.0056
128 126 0.0127
544 126 0.0065
549 126 0.0012
531 127 0.0102
539 127 0.0041
542 127 0.0013
544 127 0.0173
125 128 0.0114
126 128 0.0127
129 128 0.003
128 129 0.003
130 129 0.0014
541 129 0.0006
552 129 0.0015
129 130 0.0014
1 131 0.0039
132 131 0.0086
134 131 0.0113
131 132 0.0086
133 132 0.0172
136 132 0.0103
132 133 0.0172
136 133 0.0122
484 133 0.0184
515 133 0.012
1 134 0.0017
131 134 0.0113
135 134 0.0171
134 135 0.0171
132 136 0.0103
133 136 0.0122
138 136 0.0059
1 137 0.0036
138 137 0.0236
444 137 0.01
447 137 0.0689
476 137 0.0025
136 138 0.0059
137 138 0.0236
139 138 0.0203
483 138 0.0159
138 139 0.0203
140 139 0.014
141 139 0.0053
483 139 0.0645
139 140 0.014
141 140 0.0166
482 140 0.0154
490 140 0.0103
139 141 0.0053
140 141 0.0166
484 141 0.0068
500 141 0.0014
1 142 0.007
143 142 0.0099
444 142 0.0143
142 143 0.0099
144 143 0.0124
441 143 0.0061
443 143 0.0026
445 143 0.0081
143 144 0.0124
145 144 0.0177
146 144 0.0014
148 144 0.004
144 145 0.0177
153 145 0.0188
428 145 0.0117
1 146 0.0109
144 146 0.0014
147 146 0.0225
146 147 0.0225
148 147 0.0137
162 147 0.0036
144 148 0.004
147 148 0.0137
149 148 0.033
153 148 0.0044
148 149 0.033
150 149 0.0111
162 149 0.0071
423 149 0.0217
149 150 0.0111
151 150 0.0108
153 150 0.0091
1416 150 0.0145
150 151 0.0108
152 151 0.0068
429 151 0.0105
151 152 0.0068
429 152 0.0029
1416 152 0.0093
145 153 0.0188
148 153 0.0044
150 153 0.0091
428 153 0.0225
155 154 0.0477
163 154 0.1234
339 154 0.0522
154 155 0.0477
156 155 0.0594
415 155 0.0027
155 156 0.0594
157 156 0.0237
406 156 0.0527
156 157 0.0237
158 157 0.0233
406 157 0.0135
407 157 0.0035
408 157 0.0192
157 158 0.0233
159 158 0.0588
397 158 0.0016
158 159 0.0588
369 159 0.0114
370 159 0.042
15 160 0.0196
161 160 0.0098
426 160 0.0208
160 161 0.0098
162 161 0.0069
425 161 0.0032
147 162 0.0036
149 162 0.0071
161 162 0.0069
423 162 0.0034
154 163 0.1234
164 163 0.0201
375 163 0.0258
163 164 0.0201
165 164 0.0153
406 164 0.0093
164 165 0.0153
166 165 0.1081
409 165 0.0048
165 166 0.1081
167 166 0.0387
378 166 0.1151
396 166 0.0651
166 167 0.0387
382 167 0.0154
417 167 0.0171
19 168 0.0288
169 168 0.0139
338 168 0.0129
168 169 0.0139
170 169 0.0354
366 169 0.0155
169 170 0.0354
171 170 0.0152
364 170 0.0086
170 171 0.0152
172 171 0.0112
369 171 0.0218
171 172 0.0112
173 172 0.0171
365 172 0.0188
172 173 0.0171
14 174 0.0365
175 174 0.0296
186 174 0.0047
340 174 0.0038
1405 174 0.0355
174 175 0.0296
176 175 0.0357
187 175 0.0084
287 175 0.0148
175 176 0.0357
177 176 0.0315
327 176 0.0038
328 176 0.0996
176 177 0.0315
178 177 0.0032
180 177 0.0069
295 177 0.0454
177 178 0.0032
179 178 0.0045
180 178 0.0052
320 178 0.0316
178 179 0.0045
326 179 0.0067
333 179 0.0077
334 179 0.0112
177 180 0.0069
178 180 0.0052
327 180 0.0014
331 180 0.0008
21 181 0.01
182 181 0.0135
189 181 0.0588
13 182 0.0096
181 182 0.0135
183 182 0.0438
14 183 0.0369
182 183 0.0438
184 183 0.0206
14 184 0.0058
183 184 0.0206
185 184 0.0179
203 184 0.0826
1405 184 0.0058
184 185 0.0179
186 185 0.0184
203 185 0.0211
1405 185 0.0977
174 186 0.0047
185 186 0.0184
187 186 0.0143
175 187 0.0084
186 187 0.0143
188 187 0.019
187 188 0.019
22 189 0.0153
24 189 0.0315
25 189 0.0172
181 189 0.0588
10 190 0.0133
191 190 0.0457
197 190 0.0187
190 191 0.0457
192 191 0.0342
198 191 0.037
199 191 0.0695
191 192 0.0342
193 192 0.0635
200 192 0.1636
192 193 0.0635
194 193 0.0254
195 193 0.0108
193 194 0.0254
195 194 0.0231
201 194 0.0071
193 195 0.0108
194 195 0.0231
196 195 0.0141
220 195 0.0241
230 195 0.0594
195 196 0.0141
201 196 0.0084
229 196 0.0122
7 197 0.0347
190 197 0.0187
198 197 0.0246
191 198 0.037
197 198 0.0246
199 198 0.0133
191 199 0.0695
198 199 0.0133
200 199 0.015
192 200 0.1636
199 200 0.015
1408 200 0.0067
194 201 0.0071
196 201 0.0084
204 201 0.023
25 202 0.1396
203 202 0.0709
204 202 0.0056
184 203 0.0826
185 203 0.0211
202 203 0.0709
201 204 0.023
202 204 0.0056
205 204 0.0081
204 205 0.0081
287 205 0.0016
293 205 0.0035
3 206 0.0087
4 206 0.0113
6 206 0.0305
2 207 0.1405
4 207 0.0211
208 207 0.0923
20 208 0.015
23 208 0.0552
207 208 0.0923
3 209 0.0652
210 209 0.0554
1411 209 0.0858
209 210 0.0554
9 211 0.0142
212 211 0.0981
948 211 0.0061
211 212 0.0981
213 212 0.0379
947 212 0.0024
11 213 0.0085
212 213 0.0379
214 213 0.0525
213 214 0.0525
215 214 0.0597
946 214 0.0067
11 215 0.006
214 215 0.0597
216 215 0.0156
224 215 0.0086
215 216 0.0156
217 216 0.0316
226 216 0.0259
216 217 0.0316
218 217 0.0545
226 217 0.0794
217 218 0.0545
219 218 0.0312
246 218 0.0045
1404 218 0.0122
218 219 0.0312
221 219 0.031
245 219 0.0519
1404 219 0.0217
195 220 0.0241
221 220 0.0175
1404 220 0.0494
219 221 0.031
220 221 0.0175
222 221 0.009
245 221 0.1172
248 221 0.0077
1233 221 0.0011
221 222 0.009
223 222 0.0144
235 222 0.0079
222 223 0.0144
228 223 0.0044
239 223 0.0152
242 223 0.0142
243 223 0.0063
215 224 0.0086
225 224 0.0281
262 224 0.0061
224 225 0.0281
226 225 0.0027
251 225 0.0256
256 225 0.0066
261 225 0.1058
216 226 0.0259
217 226 0.0794
225 226 0.0027
227 226 0.0087
226 227 0.0087
251 227 0.0195
1232 227 0.0103
223 228 0.0044
242 228 0.0075
244 228 0.0034
269 228 0.0009
1232 228 0.0364
196 229 0.0122
230 229 0.0345
274 229 0.0181
293 229 0.0093
195 230 0.0594
229 230 0.0345
231 230 0.0175
230 231 0.0175
232 231 0.0042
270 231 0.0035
231 232 0.0042
233 232 0.0037
270 232 0.0035
232 233 0.0037
234 233 0.0012
272 233 0.002
1233 233 0.0051
233 234 0.0012
222 235 0.0079
236 235 0.0173
237 235 0.0045
235 236 0.0173
1035 236 0.0093
1233 236 0.0047
235 237 0.0045
238 237 0.0029
1033 237 0.0017
1034 237 0.0024
237 238 0.0029
223 239 0.0152
240 239 0.0203
241 239 0.0272
239 240 0.0203
1031 240 0.0779
1034 240 0.0049
239 241 0.0272
1029 241 0.0076
1030 241 0.0111
223 242 0.0142
228 242 0.0075
1027 242 0.0021
223 243 0.0063
228 244 0.0034
1026 244 0.006
1221 244 0.0016
219 245 0.0519
221 245 0.1172
246 245 0.0071
218 246 0.0045
245 246 0.0071
247 246 0.0048
1232 246 0.0021
246 247 0.0048
221 248 0.0077
249 248 0.0013
250 248 0.0034
248 249 0.0013
248 250 0.0034
225 251 0.0256
227 251 0.0195
252 251 0.0043
256 251 0.0053
269 251 0.0036
251 252 0.0043
253 252 0.0041
258 252 0.004
1231 252 0.0051
252 253 0.0041
254 253 0.0104
260 253 0.0067
253 254 0.0104
255 254 0.018
1026 254 0.004
254 255 0.018
225 256 0.0066
251 256 0.0053
257 256 0.0007
1230 256 0.0073
256 257 0.0007
252 258 0.004
259 258 0.0044
1024 258 0.0053
1218 258 0.0038
1231 258 0.0105
258 259 0.0044
1023 259 0.0039
1230 259 0.0049
253 260 0.0067
225 261 0.1058
263 261 0.0017
266 261 0.0033
224 262 0.0061
261 263 0.0017
264 263 0.0028
265 263 0.003
263 264 0.0028
263 265 0.003
261 266 0.0033
267 266 0.0014
268 266 0.0044
266 267 0.0014
266 268 0.0044
228 269 0.0009
251 269 0.0036
1232 269 0.0061
231 270 0.0035
232 270 0.0035
271 270 0.0047
1043 270 0.0014
270 271 0.0047
272 271 0.0029
273 271 0.0011
233 272 0.002
271 272 0.0029
1234 272 0.0073
1235 272 0.0082
271 273 0.0011
1036 273 0.016
1235 273 0.0235
229 274 0.0181
275 274 0.0174
291 274 0.0028
274 275 0.0174
276 275 0.035
282 275 0.012
275 276 0.035
277 276 0.0463
1043 276 0.0083
276 277 0.0463
278 277 0.0099
284 277 0.0674
277 278 0.0099
279 278 0.0346
281 278 0.0241
284 278 0.0156
1043 278 0.0058
278 279 0.0346
280 279 0.0511
281 279 0.0645
279 280 0.0511
281 280 0.0471
1037 280 0.0585
1242 280 0.0148
278 281 0.0241
279 281 0.0645
280 281 0.0471
1036 281 0.0139
275 282 0.012
283 282 0.0115
291 282 0.0074
282 283 0.0115
413 283 0.0105
1243 283 0.0172
277 284 0.0674
278 284 0.0156
285 284 0.0116
286 284 0.0185
1041 284 0.0041
1243 284 0.0296
1244 284 0.0054
284 285 0.0116
1038 285 0.0172
1436 285 0.0038
284 286 0.0185
175 287 0.0148
205 287 0.0016
288 287 0.0519
287 288 0.0519
289 288 0.0141
292 288 0.0077
298 288 0.0168
288 289 0.0141
290 289 0.0236
294 289 0.0061
298 289 0.038
289 290 0.0236
291 290 0.0104
294 290 0.0041
274 291 0.0028
282 291 0.0074
290 291 0.0104
413 291 0.0035
288 292 0.0077
205 293 0.0035
229 293 0.0093
294 293 0.002
289 294 0.0061
290 294 0.0041
293 294 0.002
177 295 0.0454
296 295 0.0351
298 295 0.0201
295 296 0.0351
297 296 0.0806
319 296 0.1549
413 296 0.0036
296 297 0.0806
299 297 0.1529
304 297 0.0089
288 298 0.0168
289 298 0.038
295 298 0.0201
297 299 0.1529
309 299 0.0064
412 299 0.0579
1570 299 0.0298
301 300 0.0421
303 300 0.0108
1570 300 0.0156
300 301 0.0421
302 301 0.0352
1047 301 0.0262
301 302 0.0352
1042 302 0.0073
1045 302 0.0622
300 303 0.0108
1042 303 0.0012
1250 303 0.0034
297 304 0.0089
305 304 0.0251
413 304 0.002
1570 304 0.0467
304 305 0.0251
306 305 0.0074
307 305 0.0125
308 305 0.0143
1243 305 0.0859
305 306 0.0074
305 307 0.0125
305 308 0.0143
299 309 0.0064
310 309 0.0093
316 309 0.0052
309 310 0.0093
311 310 0.011
312 310 0.0074
310 311 0.011
310 312 0.0074
314 313 0.0364
316 313 0.004
412 313 0.0349
313 314 0.0364
315 314 0.0293
1050 314 0.0038
314 315 0.0293
1051 315 0.0365
1054 315 0.0206
309 316 0.0052
313 316 0.004
317 316 0.0056
316 317 0.0056
318 317 0.0206
1049 317 0.0058
317 318 0.0206
296 319 0.1549
320 319 0.0021
322 319 0.002
178 320 0.0316
319 320 0.0021
321 320 0.0042
320 321 0.0042
322 321 0.0072
324 321 0.0018
319 322 0.002
321 322 0.0072
323 322 0.0062
322 323 0.0062
321 324 0.0018
325 324 0.0027
412 324 0.0165
324 325 0.0027
179 326 0.0067
176 327 0.0038
180 327 0.0014
328 327 0.0029
329 327 0.0042
176 328 0.0996
327 328 0.0029
329 328 0.0065
327 329 0.0042
328 329 0.0065
330 329 0.0191
329 330 0.0191
331 330 0.0101
332 330 0.0058
180 331 0.0008
330 331 0.0101
333 331 0.0161
361 331 0.0142
330 332 0.0058
346 332 0.0199
361 332 0.0119
179 333 0.0077
331 333 0.0161
334 333 0.0028
179 334 0.0112
333 334 0.0028
335 334 0.0093
334 335 0.0093
14 336 0.0288
337 336 0.0212
338 336 0.0214
336 337 0.0212
168 338 0.0129
336 338 0.0214
341 338 0.0055
343 338 0.0459
15 339 0.036
16 339 0.2071
18 339 0.0322
154 339 0.0522
174 340 0.0038
13 341 0.0403
14 341 0.0673
338 341 0.0055
342 341 0.0231
18 342 0.0649
19 342 0.071
341 342 0.0231
338 343 0.0459
344 343 0.1058
362 343 0.0041
343 344 0.1058
345 344 0.0224
351 344 0.0159
344 345 0.0224
346 345 0.1124
351 345 0.0034
332 346 0.0199
345 346 0.1124
347 346 0.0081
350 346 0.0031
358 346 0.0352
346 347 0.0081
348 347 0.0068
350 347 0.0058
347 348 0.0068
349 348 0.0225
350 348 0.0085
357 348 0.0051
348 349 0.0225
1065 349 0.0185
1076 349 0.0155
346 350 0.0031
347 350 0.0058
348 350 0.0085
354 350 0.0029
344 351 0.0159
345 351 0.0034
352 351 0.0236
363 351 0.0294
351 352 0.0236
353 352 0.0086
354 352 0.0085
363 352 0.09
352 353 0.0086
371 353 0.0042
1066 353 0.0026
350 354 0.0029
352 354 0.0085
355 354 0.0043
354 355 0.0043
356 355 0.0129
357 355 0.0101
355 356 0.0129
357 356 0.0217
1076 356 0.0203
348 357 0.0051
355 357 0.0101
356 357 0.0217
346 358 0.0352
359 358 0.0152
361 358 0.0066
358 359 0.0152
360 359 0.0489
1065 359 0.0322
359 360 0.0489
1057 360 0.0456
1060 360 0.0386
331 361 0.0142
332 361 0.0119
358 361 0.0066
343 362 0.0041
363 362 0.008
364 362 0.0098
351 363 0.0294
352 363 0.09
362 363 0.008
365 363 0.0074
170 364 0.0086
362 364 0.0098
365 364 0.0158
172 365 0.0188
363 365 0.0074
364 365 0.0158
169 366 0.0155
367 366 0.0075
368 366 0.0093
366 367 0.0075
366 368 0.0093
159 369 0.0114
171 369 0.0218
370 369 0.007
159 370 0.042
369 370 0.007
371 370 0.0083
372 370 0.0418
405 370 0.0027
353 371 0.0042
370 371 0.0083
374 371 0.0025
1077 371 0.0242
370 372 0.0418
373 372 0.0359
1421 372 0.0151
372 373 0.0359
374 373 0.0018
403 373 0.0297
371 374 0.0025
373 374 0.0018
1419 374 0.0018
163 375 0.0258
376 375 0.0466
426 375 0.0342
375 376 0.0466
377 376 0.0621
427 376 0.0641
376 377 0.0621
378 377 0.1032
383 377 0.0152
166 378 0.1151
377 378 0.1032
379 378 0.0194
417 378 0.0032
378 379 0.0194
380 379 0.0086
418 379 0.0358
379 380 0.0086
381 380 0.0065
385 380 0.0835
380 381 0.0065
382 381 0.0205
417 381 0.0093
167 382 0.0154
381 382 0.0205
399 382 0.0048
416 382 0.0091
377 383 0.0152
384 383 0.0035
427 383 0.0143
383 384 0.0035
380 385 0.0835
386 385 0.0589
418 385 0.0475
436 385 0.0165
385 386 0.0589
387 386 0.0124
394 386 0.0384
386 387 0.0124
388 387 0.0141
439 387 0.0206
387 388 0.0141
389 388 0.043
438 388 0.0184
439 388 0.022
388 389 0.043
390 389 0.0173
391 389 0.0402
389 390 0.0173
389 391 0.0402
392 391 0.0111
393 391 0.0362
391 392 0.0111
391 393 0.0362
394 393 0.0182
1418 393 0.0117
386 394 0.0384
393 394 0.0182
395 394 0.0131
968 394 0.0223
394 395 0.0131
1085 395 0.1347
1087 395 0.0507
166 396 0.0651
397 396 0.0062
398 396 0.0218
158 397 0.0016
396 397 0.0062
405 397 0.0021
396 398 0.0218
399 398 0.0558
405 398 0.0033
382 399 0.0048
398 399 0.0558
400 399 0.0589
399 400 0.0589
401 400 0.032
414 400 0.0007
400 401 0.032
402 401 0.0534
1297 401 0.0187
401 402 0.0534
1082 402 0.0099
1091 402 0.005
1297 402 0.074
373 403 0.0297
404 403 0.0266
1421 403 0.087
403 404 0.0266
1079 404 0.0647
1292 404 0.013
1297 404 0.0339
370 405 0.0027
397 405 0.0021
398 405 0.0033
1421 405 0.0127
156 406 0.0527
157 406 0.0135
164 406 0.0093
407 406 0.0051
157 407 0.0035
406 407 0.0051
408 407 0.0064
157 408 0.0192
407 408 0.0064
410 408 0.0069
165 409 0.0048
408 410 0.0069
18 411 0.0126
299 412 0.0579
313 412 0.0349
324 412 0.0165
283 413 0.0105
291 413 0.0035
296 413 0.0036
304 413 0.002
400 414 0.0007
416 414 0.0014
1091 414 0.0087
155 415 0.0027
382 416 0.0091
414 416 0.0014
967 416 0.01
167 417 0.0171
378 417 0.0032
381 417 0.0093
379 418 0.0358
385 418 0.0475
419 418 0.0095
430 418 0.0317
418 419 0.0095
420 419 0.0725
430 419 0.0312
1414 419 0.0317
1416 419 0.0087
419 420 0.0725
421 420 0.0021
422 420 0.0036
420 421 0.0021
420 422 0.0036
149 423 0.0217
162 423 0.0034
424 423 0.0049
423 424 0.0049
161 425 0.0032
160 426 0.0208
375 426 0.0342
427 426 0.006
376 427 0.0641
383 427 0.0143
426 427 0.006
145 428 0.0117
153 428 0.0225
429 428 0.0164
443 428 0.0064
151 429 0.0105
152 429 0.0029
428 429 0.0164
443 429 0.0031
474 429 0.0013
418 430 0.0317
419 430 0.0312
431 430 0.0102
430 431 0.0102
432 431 0.0183
437 431 0.0114
431 432 0.0183
433 432 0.015
434 432 0.0021
435 432 0.0049
432 433 0.015
434 433 0.0053
469 433 0.0117
1415 433 0.0056
432 434 0.0021
433 434 0.0053
467 434 0.0103
468 434 0.0038
469 434 0.0192
432 435 0.0049
438 435 0.0185
1095 435 0.026
1418 435 0.0028
385 436 0.0165
437 436 0.0042
439 436 0.0035
431 437 0.0114
436 437 0.0042
438 437 0.0075
388 438 0.0184
435 438 0.0185
437 438 0.0075
440 438 0.0151
387 439 0.0206
388 439 0.022
436 439 0.0035
438 440 0.0151
143 441 0.0061
442 441 0.0135
445 441 0.0076
446 441 0.0062
441 442 0.0135
143 443 0.0026
428 443 0.0064
429 443 0.0031
446 443 0.0079
475 443 0.0056
137 444 0.01
142 444 0.0143
445 444 0.0022
446 444 0.0021
143 445 0.0081
441 445 0.0076
444 445 0.0022
441 446 0.0062
443 446 0.0079
444 446 0.0021
137 447 0.0689
448 447 0.012
460 447 0.0106
447 448 0.012
449 448 0.0047
460 448 0.026
448 449 0.0047
450 449 0.008
451 449 0.0047
483 449 0.022
449 450 0.008
451 450 0.006
482 450 0.0011
449 451 0.0047
450 451 0.006
452 451 0.058
461 451 0.0049
451 452 0.058
453 452 0.0053
477 452 0.0353
478 452 0.0116
452 453 0.0053
454 453 0.0088
457 453 0.0036
482 453 0.0023
453 454 0.0088
455 454 0.009
509 454 0.0164
454 455 0.009
456 455 0.014
457 455 0.0037
459 455 0.0124
1102 455 0.0026
455 456 0.014
1098 456 0.0054
1571 456 0.0037
1572 456 0.0081
453 457 0.0036
455 457 0.0037
458 457 0.0033
457 458 0.0033
455 459 0.0124
1098 459 0.009
1099 459 0.025
447 460 0.0106
448 460 0.026
461 460 0.0197
475 460 0.0101
451 461 0.0049
460 461 0.0197
462 461 0.0219
475 461 0.0335
461 462 0.0219
463 462 0.0107
470 462 0.0121
474 462 0.0025
475 462 0.0453
462 463 0.0107
464 463 0.0079
477 463 0.0106
463 464 0.0079
465 464 0.0035
1414 464 0.0021
464 465 0.0035
466 465 0.0127
477 465 0.0213
1092 465 0.0051
1417 465 0.0068
465 466 0.0127
467 466 0.015
469 466 0.0183
1415 466 0.0237
434 467 0.0103
466 467 0.015
468 467 0.0086
434 468 0.0038
467 468 0.0086
1093 468 0.0322
433 469 0.0117
434 469 0.0192
466 469 0.0183
1415 469 0.0148
462 470 0.0121
471 470 0.0211
472 470 0.0023
470 471 0.0211
473 471 0.0021
1414 471 0.009
470 472 0.0023
471 473 0.0021
429 474 0.0013
462 474 0.0025
475 474 0.0017
443 475 0.0056
460 475 0.0101
461 475 0.0335
462 475 0.0453
474 475 0.0017
137 476 0.0025
452 477 0.0353
463 477 0.0106
465 477 0.0213
452 478 0.0116
479 478 0.0043
480 478 0.0036
478 479 0.0043
480 479 0.007
1096 479 0.0049
1097 479 0.0038
478 480 0.0036
479 480 0.007
481 480 0.0012
480 481 0.0012
140 482 0.0154
450 482 0.0011
453 482 0.0023
138 483 0.0159
139 483 0.0645
449 483 0.022
133 484 0.0184
141 484 0.0068
485 484 0.0118
484 485 0.0118
486 485 0.0099
500 485 0.0354
530 485 0.0011
485 486 0.0099
487 486 0.0069
547 486 0.0059
486 487 0.0069
488 487 0.0014
505 487 0.0164
506 487 0.0011
487 488 0.0014
489 488 0.0006
543 488 0.0007
488 489 0.0006
506 489 0.0006
534 489 0.0004
140 490 0.0103
491 490 0.002
500 490 0.0006
490 491 0.002
492 491 0.0088
513 491 0.0012
491 492 0.0088
493 492 0.0094
509 492 0.0032
514 492 0.0069
492 493 0.0094
494 493 0.0347
495 493 0.013
496 493 0.0055
493 494 0.0347
497 494 0.022
1106 494 0.0067
493 495 0.013
498 495 0.0188
499 495 0.0086
493 496 0.0055
497 496 0.0102
1111 496 0.0095
1113 496 0.0089
494 497 0.022
496 497 0.0102
1111 497 0.0003
495 498 0.0188
1100 498 0.068
1103 498 0.01
495 499 0.0086
141 500 0.0014
485 500 0.0354
490 500 0.0006
501 500 0.0025
500 501 0.0025
502 501 0.0144
505 501 0.0065
501 502 0.0144
503 502 0.0085
513 502 0.0047
502 503 0.0085
504 503 0.0052
507 503 0.0018
513 503 0.0065
503 504 0.0052
487 505 0.0164
501 505 0.0065
507 505 0.0009
487 506 0.0011
489 506 0.0006
548 506 0.0003
503 507 0.0018
505 507 0.0009
508 507 0.0093
1113 507 0.0018
507 508 0.0093
454 509 0.0164
492 509 0.0032
510 509 0.036
509 510 0.036
511 510 0.027
512 510 0.0225
510 511 0.027
510 512 0.0225
491 513 0.0012
502 513 0.0047
503 513 0.0065
492 514 0.0069
133 515 0.012
516 515 0.0016
530 515 0.0004
515 516 0.0016
122 517 0.0021
518 517 0.005
519 517 0.0051
124 518 0.0013
125 518 0.0008
517 518 0.005
517 519 0.0051
520 519 0.0008
521 519 0.0013
519 520 0.0008
519 521 0.0013
123 522 0.0191
523 522 0.0061
524 522 0.003
522 523 0.0061
522 524 0.003
113 525 0.0019
118 525 0.0017
526 525 0.0018
114 526 0.0018
525 526 0.0018
578 526 0.0012
114 527 0.0026
528 527 0.0037
529 527 0.0007
527 528 0.0037
529 528 0.0004
550 528 0.0003
551 528 0.0004
119 529 0.0008
527 529 0.0007
528 529 0.0004
485 530 0.0011
515 530 0.0004
547 530 0.001
127 531 0.0102
532 531 0.003
536 531 0.0019
531 532 0.003
533 532 0.004
534 532 0.0018
1124 532 0.0004
532 533 0.004
1115 533 0.0108
1116 533 0.0048
1118 533 0.0053
489 534 0.0004
532 534 0.0018
535 534 0.0009
534 535 0.0009
531 536 0.0019
537 536 0.0138
1121 536 0.001
1125 536 0.0011
536 537 0.0138
538 537 0.0009
1127 537 0.0003
537 538 0.0009
539 538 0.0004
1128 538 0.0009
1341 538 0.0005
127 539 0.0041
538 539 0.0004
540 539 0.0004
1129 539 0.0003
539 540 0.0004
129 541 0.0006
127 542 0.0013
543 542 0.0003
544 542 0.0013
488 543 0.0007
542 543 0.0003
545 543 0.0005
126 544 0.0065
127 544 0.0173
542 544 0.0013
545 544 0.0003
543 545 0.0005
544 545 0.0003
546 545 0.0012
547 545 0.0006
545 546 0.0012
486 547 0.0059
530 547 0.001
545 547 0.0006
506 548 0.0003
126 549 0.0012
119 550 0.0015
121 550 0.0017
528 550 0.0003
528 551 0.0004
129 552 0.0015
116 553 0.0004
116 554 0.0079
555 554 0.0114
568 554 0.0028
554 555 0.0114
556 555 0.0039
563 555 0.0018
555 556 0.0039
558 556 0.0055
559 556 0.0007
566 556 0.002
558 557 0.0008
1133 557 0.0019
1136 557 0.0005
556 558 0.0055
557 558 0.0008
1136 558 0.0002
556 559 0.0007
561 559 0.0003
563 559 0.0002
1131 560 0.0007
559 561 0.0003
562 561 0.0011
1131 561 0.0005
561 562 0.0011
555 563 0.0018
559 563 0.0002
564 563 0.0004
1130 563 0.0002
563 564 0.0004
115 565 0.0009
556 566 0.002
567 566 0.0006
568 566 0.0003
1139 566 0.0006
1140 566 0.0004
566 567 0.0006
569 567 0.0003
1141 567 0.0002
554 568 0.0028
566 568 0.0003
569 568 0.0006
567 569 0.0003
568 569 0.0006
1141 569 0.0006
116 570 0.0038
571 570 0.0005
572 570 0.0003
570 571 0.0005
570 572 0.0003
116 573 0.0006
111 574 0.0007
575 574 0.0006
576 574 0.0007
574 575 0.0006
574 576 0.0007
109 577 0.0004
113 578 0.0553
114 578 0.014
526 578 0.0012
111 579 0.0018
114 579 0.0188
115 579 0.0315
102 580 0.004
108 581 0.0005
108 582 0.0035
583 582 0.0025
584 582 0.0016
585 582 0.0006
582 583 0.0025
102 584 0.0035
108 584 0.0027
582 584 0.0016
582 585 0.0006
104 586 0.0021
587 586 0.0005
588 586 0.0051
591 586 0.0007
586 587 0.0005
586 588 0.0051
589 588 0.001
591 588 0.0006
588 589 0.001
590 589 0.001
1144 589 0.0007
1145 589 0.0007
589 590 0.001
1143 590 0.0038
1144 590 0.0001
1366 590 0.0029
586 591 0.0007
588 591 0.0006
1147 591 0.0001
98 592 0.0134
103 592 0.002
104 592 0.0142
98 593 0.005
594 593 0.0117
595 593 0.0012
597 593 0.0004
593 594 0.0117
600 594 0.0069
1148 594 0.0001
593 595 0.0012
95 596 0.0099
99 596 0.0056
597 596 0.01
628 596 0.0005
95 597 0.0033
593 597 0.0004
596 597 0.01
598 597 0.0158
96 598 0.002
597 598 0.0158
599 598 0.0018
608 598 0.0047
598 599 0.0018
600 599 0.0014
640 599 0.0003
594 600 0.0069
599 600 0.0014
601 600 0.0239
600 601 0.0239
602 601 0.0041
640 601 0.0105
601 602 0.0041
608 602 0.0005
614 602 0.0036
640 602 0.0035
96 603 0.021
604 603 0.0098
605 603 0.0197
632 603 0.0011
639 603 0.0014
603 604 0.0098
612 604 0.0016
639 604 0.0017
603 605 0.0197
606 605 0.0068
633 605 0.0005
605 606 0.0068
607 606 0.0107
634 606 0.0007
606 607 0.0107
624 607 0.0181
626 607 0.0004
598 608 0.0047
602 608 0.0005
609 608 0.0014
617 608 0.0004
608 609 0.0014
610 609 0.0046
614 609 0.0009
609 610 0.0046
617 610 0.0002
1159 610 0.0077
618 611 0.0004
619 611 0.0004
1159 611 0.0006
604 612 0.0016
613 612 0.0026
627 612 0.007
612 613 0.0026
622 613 0.0016
970 613 0.0003
602 614 0.0036
609 614 0.0009
615 614 0.0011
616 614 0.0008
949 614 0.0004
1159 614 0.0014
614 615 0.0011
616 615 0.0029
1154 615 0.0001
614 616 0.0008
615 616 0.0029
949 616 0.0033
1153 616 0.0011
1154 616 0.0006
608 617 0.0004
610 617 0.0002
618 617 0.0003
611 618 0.0004
617 618 0.0003
619 618 0.0004
621 618 0.0009
611 619 0.0004
618 619 0.0004
620 619 0.0012
619 620 0.0012
1154 620 0.0002
1373 620 0.0002
618 621 0.0009
613 622 0.0016
623 622 0.0006
1160 622 0.0006
622 623 0.0006
607 624 0.0181
625 624 0.0141
636 624 0.0002
624 625 0.0141
637 625 0.0003
638 625 0.0006
969 625 0.0001
607 626 0.0004
612 627 0.007
596 628 0.0005
84 629 0.0534
87 629 0.01
630 629 0.03
85 630 0.0447
87 630 0.0163
629 630 0.03
87 631 0.0159
88 631 0.0167
89 631 0.0129
85 632 0.025
89 632 0.0178
603 632 0.0011
633 632 0.005
605 633 0.0005
632 633 0.005
976 633 0.0454
606 634 0.0007
635 634 0.0007
646 634 0.0008
634 635 0.0007
636 635 0.0006
646 635 0.0007
624 636 0.0002
635 636 0.0006
645 636 0.0004
625 637 0.0003
625 638 0.0006
603 639 0.0014
604 639 0.0017
1158 639 0.0005
599 640 0.0003
601 640 0.0105
602 640 0.0035
82 641 0.0217
88 641 0.0043
642 641 0.0259
975 641 0.0072
641 642 0.0259
643 642 0.0266
975 642 0.0071
642 643 0.0266
644 643 0.0028
647 643 0.0102
643 644 0.0028
645 644 0.0026
646 644 0.0015
648 644 0.0013
636 645 0.0004
644 645 0.0026
648 645 0.001
634 646 0.0008
635 646 0.0007
644 646 0.0015
643 647 0.0102
648 647 0.0014
657 647 0.0136
969 647 0.0001
644 648 0.0013
645 648 0.001
647 648 0.0014
79 649 0.0166
650 649 0.0146
651 649 0.0081
973 649 0.0033
649 650 0.0146
651 650 0.025
656 650 0.0036
649 651 0.0081
650 651 0.025
652 651 0.0094
672 651 0.0014
651 652 0.0094
653 652 0.0096
659 652 0.0034
652 653 0.0096
654 653 0.0124
671 653 0.0022
951 653 0.0021
1378 653 0.0088
653 654 0.0124
655 654 0.0039
952 654 0.0044
654 655 0.0039
666 655 0.0007
667 655 0.0021
676 655 0.0009
650 656 0.0036
657 656 0.0147
672 656 0.0026
647 657 0.0136
656 657 0.0147
658 657 0.023
671 657 0.0058
657 658 0.023
660 658 0.0002
661 658 0.0063
664 658 0.008
71 659 0.0077
652 659 0.0034
1378 659 0.0026
658 660 0.0002
658 661 0.0063
662 661 0.0076
665 661 0.0005
661 662 0.0076
663 662 0.0038
1164 662 0.0001
662 663 0.0038
678 663 0.0013
1161 663 0.0001
658 664 0.008
665 664 0.0003
666 664 0.0002
667 664 0.0008
661 665 0.0005
664 665 0.0003
666 665 0.0006
655 666 0.0007
664 666 0.0002
665 666 0.0006
667 666 0.0029
678 666 0.001
655 667 0.0021
664 667 0.0008
666 667 0.0029
71 668 0.1504
76 668 0.0293
669 668 0.0106
668 669 0.0106
670 669 0.0064
714 669 0.0141
971 669 0.0006
669 670 0.0064
673 670 0.0089
682 670 0.0081
684 670 0.0079
727 670 0.0361
972 670 0.0055
653 671 0.0022
657 671 0.0058
672 671 0.0009
651 672 0.0014
656 672 0.0026
671 672 0.0009
670 673 0.0089
674 673 0.0104
972 673 0.0037
673 674 0.0104
675 674 0.0042
682 674 0.0106
971 674 0.0013
674 675 0.0042
676 675 0.0049
951 675 0.0011
655 676 0.0009
675 676 0.0049
677 676 0.0017
680 676 0.0071
681 676 0.008
683 676 0.0303
676 677 0.0017
678 677 0.0013
681 677 0.0017
663 678 0.0013
666 678 0.001
677 678 0.0013
679 678 0.0016
678 679 0.0016
680 679 0.0018
1163 679 0.0004
676 680 0.0071
679 680 0.0018
681 680 0.0042
689 680 0.0004
1165 680 0.0003
676 681 0.008
677 681 0.0017
680 681 0.0042
670 682 0.0081
674 682 0.0106
683 682 0.0111
676 683 0.0303
682 683 0.0111
685 683 0.0009
670 684 0.0079
685 684 0.0173
687 684 0.0072
953 684 0.0076
683 685 0.0009
684 685 0.0173
686 685 0.0042
687 685 0.01
685 686 0.0042
687 686 0.0014
690 686 0.0173
692 686 0.0055
1383 686 0.0012
684 687 0.0072
685 687 0.01
686 687 0.0014
688 687 0.0047
690 687 0.0014
687 688 0.0047
691 688 0.001
696 688 0.0016
680 689 0.0004
693 689 0.0008
1168 689 0.0005
1169 689 0.0005
686 690 0.0173
687 690 0.0014
691 690 0.0041
695 690 0.0009
1174 690 0.0016
688 691 0.001
690 691 0.0041
700 691 0.0013
1174 691 0.0047
686 692 0.0055
693 692 0.0041
694 692 0.003
1171 692 0.0011
689 693 0.0008
692 693 0.0041
1169 693 0.0006
1170 693 0.0003
692 694 0.003
690 695 0.0009
1171 695 0.0164
1174 695 0.0257
1384 695 0.0051
688 696 0.0016
697 696 0.0019
698 696 0.0015
699 696 0.0013
700 696 0.002
1179 696 0.0017
696 697 0.0019
696 698 0.0015
1182 698 0.008
1186 698 0.012
696 699 0.0013
691 700 0.0013
696 700 0.002
1176 700 0.0399
76 701 0.0531
702 701 0.0382
703 701 0.1099
711 701 0.0198
714 701 0.0437
701 702 0.0382
714 702 0.0362
715 702 0.0185
701 703 0.1099
704 703 0.0021
705 703 0.0012
706 703 0.002
77 704 0.004
703 704 0.0021
719 704 0.003
703 705 0.0012
703 706 0.002
74 707 0.0114
75 707 0.0164
77 707 0.0014
73 708 0.0109
709 708 0.0035
710 708 0.0032
708 709 0.0035
708 710 0.0032
701 711 0.0198
712 711 0.013
713 711 0.005
711 712 0.013
957 712 0.005
958 712 0.0076
711 713 0.005
715 713 0.0119
716 713 0.0142
957 713 0.0307
669 714 0.0141
701 714 0.0437
702 714 0.0362
715 714 0.0168
727 714 0.0674
702 715 0.0185
713 715 0.0119
714 715 0.0168
954 715 0.0014
713 716 0.0142
717 716 0.0154
718 716 0.0023
716 717 0.0154
718 717 0.0079
720 717 0.0121
721 717 0.0249
716 718 0.0023
717 718 0.0079
1193 718 0.0019
77 719 0.0044
704 719 0.003
720 719 0.0014
737 719 0.0027
717 720 0.0121
719 720 0.0014
721 720 0.0171
743 720 0.0011
957 720 0.0026
717 721 0.0249
720 721 0.0171
722 721 0.0258
721 722 0.0258
723 722 0.0067
729 722 0.002
743 722 0.0016
722 723 0.0067
729 723 0.0014
732 723 0.0199
734 723 0.0104
956 723 0.0067
1187 723 0.0016
68 724 0.0059
725 724 0.008
726 724 0.0083
736 724 0.0176
724 725 0.008
724 726 0.0083
670 727 0.0361
714 727 0.0674
728 727 0.0023
727 728 0.0023
722 729 0.002
723 729 0.0014
730 729 0.0013
729 730 0.0013
731 730 0.0011
1388 730 0.0005
730 731 0.0011
723 732 0.0199
733 732 0.0048
734 732 0.0316
1188 732 0.0043
1388 732 0.0037
732 733 0.0048
1186 733 0.0067
1188 733 0.0061
723 734 0.0104
732 734 0.0316
735 734 0.0014
734 735 0.0014
62 736 0.0364
724 736 0.0176
737 736 0.0287
719 737 0.0027
736 737 0.0287
738 737 0.0255
746 737 0.0038
960 737 0.0075
737 738 0.0255
739 738 0.0116
742 738 0.0038
738 739 0.0116
740 739 0.0026
756 739 0.0016
739 740 0.0026
741 740 0.0032
751 740 0.0115
956 740 0.0007
740 741 0.0032
747 741 0.0021
752 741 0.0045
1190 741 0.0023
738 742 0.0038
743 742 0.0046
744 742 0.0037
720 743 0.0011
722 743 0.0016
742 743 0.0046
745 743 0.0016
746 743 0.0007
742 744 0.0037
743 745 0.0016
737 746 0.0038
743 746 0.0007
959 746 0.0032
741 747 0.0021
748 747 0.0082
752 747 0.0125
955 747 0.0049
1192 747 0.0007
747 748 0.0082
749 748 0.01
1389 748 0.004
748 749 0.01
750 749 0.0101
1189 749 0.0062
749 750 0.0101
758 750 0.0014
955 750 0.0075
740 751 0.0115
752 751 0.0172
756 751 0.0092
741 752 0.0045
747 752 0.0125
751 752 0.0172
60 753 0.0357
754 753 0.0108
783 753 0.0119
1396 753 0.0089
753 754 0.0108
755 754 0.0091
765 754 0.0079
784 754 0.0046
754 755 0.0091
756 755 0.0075
760 755 0.0027
775 755 0.0017
739 756 0.0016
751 756 0.0092
755 756 0.0075
757 756 0.0108
756 757 0.0108
758 757 0.0048
955 757 0.0024
750 758 0.0014
757 758 0.0048
759 758 0.003
758 759 0.003
755 760 0.0027
761 760 0.0033
762 760 0.003
760 761 0.0033
760 762 0.003
763 762 0.0014
764 762 0.0009
762 763 0.0014
762 764 0.0009
754 765 0.0079
766 765 0.0027
773 765 0.0004
785 765 0.0035
765 766 0.0027
767 766 0.0014
770 766 0.0011
766 767 0.0014
768 767 0.0041
769 767 0.0019
767 768 0.0041
767 769 0.0019
766 770 0.0011
771 770 0.0006
772 770 0.0007
770 771 0.0006
770 772 0.0007
765 773 0.0004
62 774 0.0087
775 774 0.0043
777 774 0.0024
779 774 0.005
755 775 0.0017
774 775 0.0043
776 775 0.0038
775 776 0.0038
774 777 0.0024
61 778 0.0183
779 778 0.0036
782 778 0.0051
774 779 0.005
778 779 0.0036
780 779 0.0149
779 780 0.0149
781 780 0.0023
788 780 0.0015
780 781 0.0023
778 782 0.0051
753 783 0.0119
784 783 0.0104
799 783 0.0085
800 783 0.0034
754 784 0.0046
783 784 0.0104
785 784 0.0041
786 784 0.0034
765 785 0.0035
784 785 0.0041
787 785 0.0023
1391 785 0.0004
784 786 0.0034
785 787 0.0023
780 788 0.0015
57 789 0.0025
790 789 0.0038
792 789 0.0059
789 790 0.0038
791 790 0.0151
795 790 0.0134
790 791 0.0151
789 792 0.0059
57 793 0.0021
58 793 0.0386
794 793 0.0173
795 793 0.0284
793 794 0.0173
802 794 0.018
810 794 0.0017
790 795 0.0134
793 795 0.0284
796 795 0.0693
60 796 0.0021
795 796 0.0693
1395 796 0.0207
1396 796 0.0172
798 797 0.0027
1394 797 0.0101
1395 797 0.0162
797 798 0.0027
783 799 0.0085
783 800 0.0034
806 801 0.0023
58 802 0.0048
794 802 0.018
803 802 0.0075
829 802 0.0054
1194 802 0.0049
802 803 0.0075
804 803 0.0103
806 803 0.0067
803 804 0.0103
805 804 0.0126
806 804 0.0178
809 804 0.0004
816 804 0.0058
804 805 0.0126
809 805 0.0005
815 805 0.0022
801 806 0.0023
803 806 0.0067
804 806 0.0178
807 806 0.0029
808 806 0.0033
806 807 0.0029
809 807 0.0017
1391 807 0.0008
1393 807 0.0018
806 808 0.0033
804 809 0.0004
805 809 0.0005
807 809 0.0017
794 810 0.0017
54 811 0.0232
812 811 0.0825
832 811 0.0234
811 812 0.0825
813 812 0.0251
822 812 0.0084
812 813 0.0251
814 813 0.0385
816 813 0.007
1194 813 0.0027
813 814 0.0385
815 814 0.0464
817 814 0.0151
1195 814 0.014
805 815 0.0022
814 815 0.0464
816 815 0.0075
804 816 0.0058
813 816 0.007
815 816 0.0075
814 817 0.0151
818 817 0.0043
821 817 0.0095
824 817 0.0028
817 818 0.0043
819 818 0.0007
820 818 0.0007
984 818 0.0014
818 819 0.0007
818 820 0.0007
817 821 0.0095
812 822 0.0084
823 822 0.0055
1195 822 0.0083
822 823 0.0055
824 823 0.0126
1195 823 0.0144
817 824 0.0028
823 824 0.0126
825 824 0.0116
837 824 0.0009
824 825 0.0116
826 825 0.0039
830 825 0.0018
825 826 0.0039
827 826 0.0005
830 826 0.0027
826 827 0.0005
1194 828 0.004
802 829 0.0054
825 830 0.0018
826 830 0.0027
831 830 0.004
830 831 0.004
811 832 0.0234
833 832 0.0035
835 832 0.0045
832 833 0.0035
838 833 0.0007
1196 833 0.0085
855 834 0.0554
858 834 0.0152
1196 834 0.0146
832 835 0.0045
836 835 0.0013
1563 835 0.0115
835 836 0.0013
824 837 0.0009
833 838 0.0007
50 839 0.0029
52 839 0.0064
840 839 0.0053
51 840 0.0043
839 840 0.0053
841 840 0.0031
840 841 0.0031
842 841 0.0027
844 841 0.0086
51 842 0.0252
841 842 0.0027
843 842 0.0024
1566 842 0.0158
842 843 0.0024
841 844 0.0086
54 845 0.0033
846 845 0.0098
848 845 0.0413
845 846 0.0098
847 846 0.0077
866 846 0.0099
846 847 0.0077
845 848 0.0413
849 848 0.0034
860 848 0.004
848 849 0.0034
850 849 0.0029
852 849 0.0112
849 850 0.0029
851 850 0.0016
862 850 0.002
850 851 0.0016
849 852 0.0112
853 852 0.0042
854 852 0.0046
852 853 0.0042
854 853 0.0101
1196 853 0.0019
852 854 0.0046
853 854 0.0101
858 854 0.0026
834 855 0.0554
856 855 0.0019
857 855 0.0021
987 855 0.0005
988 855 0.0032
855 856 0.0019
855 857 0.0021
834 858 0.0152
854 858 0.0026
859 858 0.0021
994 858 0.0038
858 859 0.0021
848 860 0.004
861 860 0.0442
862 860 0.0076
860 861 0.0442
862 861 0.0013
863 861 0.0197
864 861 0.0028
850 862 0.002
860 862 0.0076
861 862 0.0013
861 863 0.0197
864 863 0.0079
865 863 0.0074
861 864 0.0028
863 864 0.0079
994 864 0.0015
863 865 0.0074
846 866 0.0099
867 866 0.0381
887 866 0.0187
1005 866 0.0073
866 867 0.0381
995 867 0.0236
1002 867 0.0138
41 868 0.0074
49 868 0.0026
869 868 0.0612
906 868 0.0019
1566 868 0.0634
41 869 0.0106
868 869 0.0612
870 869 0.0095
874 869 0.0163
869 870 0.0095
871 870 0.0388
907 870 0.0014
870 871 0.0388
872 871 0.0164
1400 871 0.0038
871 872 0.0164
886 872 0.0048
1397 872 0.0979
1401 872 0.0096
1402 872 0.003
1566 873 0.0022
41 874 0.0042
869 874 0.0163
875 874 0.0019
876 874 0.0022
42 875 0.0103
874 875 0.0019
876 875 0.027
879 875 0.0093
880 875 0.0353
874 876 0.0022
875 876 0.027
877 876 0.0167
880 876 0.0154
876 877 0.0167
878 877 0.0119
1400 877 0.0036
877 878 0.0119
887 878 0.006
909 878 0.0021
1011 878 0.0023
1401 878 0.0236
1402 878 0.0131
875 879 0.0093
43 880 0.0147
875 880 0.0353
876 880 0.0154
881 880 0.0055
880 881 0.0055
882 881 0.0327
902 881 0.0036
881 882 0.0327
883 882 0.0096
888 882 0.009
882 883 0.0096
884 883 0.0044
1012 883 0.0018
883 884 0.0044
885 884 0.0082
911 884 0.0027
884 885 0.0082
918 885 0.0055
919 885 0.007
872 886 0.0048
866 887 0.0187
878 887 0.006
1401 887 0.0371
882 888 0.009
889 888 0.0018
902 888 0.0024
888 889 0.0018
890 889 0.0124
902 889 0.0024
889 890 0.0124
891 890 0.0017
903 890 0.0046
890 891 0.0017
892 891 0.0024
904 891 0.0015
891 892 0.0024
