2 1 0.0121
3 1 0.0095
4 1 0.0102
5 1 0.0114
6 1 0.0133
7 1 0.0101
8 1 0.0112
9 1 0.0114
10 1 0.0088
11 1 0.0086
12 1 0.0088
14 1 0.0102
16 1 0.0083
91 1 0.011
93 1 0.0029
97 1 0.0093
119 1 0.008
123 1 0.0085
127 1 0.0079
133 1 0.0027
139 1 0.0067
148 1 0.0023
187 1 0.0086
196 1 0.0037
197 1 0.0053
1 2 0.0121
13 2 0.0043
14 2 0.0291
1 3 0.0095
20 3 0.0135
62 3 0.038
69 3 0.0005
1 4 0.0102
62 4 0.0316
71 4 0.0138
1 5 0.0114
115 5 0.0148
119 5 0.0622
1 6 0.0133
139 6 0.0124
605 6 0.0079
1 7 0.0101
149 7 0.0169
170 7 0.005
186 7 0.0226
1 8 0.0112
187 8 0.0194
195 8 0.0165
1 9 0.0114
194 9 0.0148
196 9 0.0078
1 10 0.0088
206 10 0.0177
207 10 0.0119
210 10 0.0123
1 11 0.0086
52 11 0.0093
211 11 0.0288
214 11 0.0256
215 11 0.0154
216 11 0.0048
1 12 0.0088
18 12 0.0175
52 12 0.0128
2 13 0.0043
14 13 0.0083
15 13 0.0084
19 13 0.0019
1 14 0.0102
2 14 0.0291
13 14 0.0083
15 14 0.0283
13 15 0.0084
14 15 0.0283
22 15 0.005
1 16 0.0083
17 16 0.0082
18 16 0.0173
16 17 0.0082
12 18 0.0175
16 18 0.0173
19 18 0.006
13 19 0.0019
18 19 0.006
33 19 0.038
3 20 0.0135
21 20 0.0042
70 20 0.0005
20 21 0.0042
22 21 0.0097
28 21 0.0093
31 21 0.0011
32 21 0.0015
15 22 0.005
21 22 0.0097
32 22 0.0354
24 23 0.0163
26 23 0.0215
32 23 0.0133
45 23 0.0032
256 23 0.0598
514 23 0.0044
23 24 0.0163
25 24 0.0103
26 24 0.0311
48 24 0.0246
24 25 0.0103
27 25 0.0311
335 25 0.0134
23 26 0.0215
24 26 0.0311
27 26 0.0222
25 27 0.0311
26 27 0.0222
335 27 0.0063
21 28 0.0093
29 28 0.0108
30 28 0.0049
28 29 0.0108
59 29 0.0105
405 29 0.0008
28 30 0.0049
61 30 0.0019
422 30 0.002
21 31 0.0011
21 32 0.0015
22 32 0.0354
23 32 0.0133
19 33 0.038
34 33 0.0217
36 33 0.0711
33 34 0.0217
35 34 0.0198
42 34 0.0034
34 35 0.0198
36 35 0.1023
39 35 0.0328
33 36 0.0711
35 36 0.1023
37 36 0.0076
36 37 0.0076
39 37 0.041
41 37 0.0168
50 37 0.0745
39 38 0.0109
35 39 0.0328
37 39 0.041
38 39 0.0109
40 39 0.057
39 40 0.057
41 40 0.0684
513 40 0.0169
37 41 0.0168
40 41 0.0684
42 41 0.0102
253 41 0.0334
34 42 0.0034
41 42 0.0102
45 42 0.0326
335 42 0.0072
44 43 0.0166
58 43 0.0045
251 43 0.0115
255 43 0.0479
335 43 0.0108
43 44 0.0166
329 44 0.0007
335 44 0.0107
23 45 0.0032
42 45 0.0326
46 45 0.007
45 46 0.007
47 46 0.0189
49 46 0.0114
46 47 0.0189
48 47 0.0077
49 47 0.0116
24 48 0.0246
47 48 0.0077
49 48 0.0198
335 48 0.0093
46 49 0.0114
47 49 0.0116
48 49 0.0198
335 49 0.0153
37 50 0.0745
51 50 0.007
513 50 0.0604
50 51 0.007
52 51 0.006
54 51 0.0037
240 51 0.0006
11 52 0.0093
12 52 0.0128
51 52 0.006
508 52 0.0011
54 53 0.0377
51 54 0.0037
53 54 0.0377
55 54 0.0513
54 55 0.0513
510 55 0.0145
511 55 0.0044
57 56 0.0433
250 56 0.004
252 56 0.0078
511 56 0.0087
512 56 0.0088
56 57 0.0433
58 57 0.0162
252 57 0.007
257 57 0.0115
43 58 0.0045
57 58 0.0162
252 58 0.0071
257 58 0.0112
258 58 0.0018
259 58 0.0004
29 59 0.0105
336 59 0.0055
418 59 0.0033
336 60 0.0127
30 61 0.0019
3 62 0.038
4 62 0.0316
63 62 0.0075
71 62 0.0149
62 63 0.0075
74 63 0.002
524 63 0.0042
65 64 0.0035
67 64 0.0022
524 64 0.0181
525 64 0.0028
64 65 0.0035
66 65 0.0003
80 65 0.0248
65 66 0.0003
64 67 0.0022
445 67 0.0017
525 67 0.0021
525 68 0.0017
3 69 0.0005
20 70 0.0005
4 71 0.0138
62 71 0.0149
72 71 0.0113
71 72 0.0113
73 72 0.0008
75 72 0.0116
72 73 0.0008
74 73 0.0039
76 73 0.0566
63 74 0.002
73 74 0.0039
78 74 0.004
72 75 0.0116
76 75 0.0075
93 75 0.001
73 76 0.0566
75 76 0.0075
83 76 0.0204
86 77 0.0072
90 77 0.0042
92 77 0.005
93 77 0.002
74 78 0.004
79 78 0.0099
82 78 0.0013
78 79 0.0099
65 80 0.0248
82 80 0.0028
423 80 0.0079
749 81 0.0023
78 82 0.0013
80 82 0.0028
749 82 0.0026
76 83 0.0204
85 83 0.0028
602 83 0.0016
344 84 0.0018
83 85 0.0028
338 85 0.0006
342 85 0.0012
77 86 0.0072
87 86 0.0224
100 86 0.0072
86 87 0.0224
100 87 0.0028
601 87 0.0051
89 88 0.0139
601 88 0.0077
602 88 0.0041
88 89 0.0139
351 89 0.0177
357 89 0.0088
77 90 0.0042
1 91 0.011
92 91 0.0228
94 91 0.0038
77 92 0.005
91 92 0.0228
93 92 0.0153
94 92 0.0306
112 92 0.0051
1 93 0.0029
75 93 0.001
77 93 0.002
92 93 0.0153
91 94 0.0038
92 94 0.0306
95 94 0.0106
111 94 0.0032
94 95 0.0106
96 95 0.008
98 95 0.0033
95 96 0.008
97 96 0.0128
99 96 0.0133
1 97 0.0093
96 97 0.0128
104 97 0.0059
95 98 0.0033
99 98 0.0259
100 98 0.0149
96 99 0.0133
98 99 0.0259
101 99 0.0168
86 100 0.0072
87 100 0.0028
98 100 0.0149
99 101 0.0168
102 101 0.0048
103 101 0.0002
101 102 0.0048
101 103 0.0002
97 104 0.0059
105 104 0.0436
106 104 0.0108
104 105 0.0436
115 105 0.0338
365 105 0.0012
104 106 0.0108
107 106 0.002
108 106 0.0236
106 107 0.002
113 107 0.0007
114 107 0.0006
106 108 0.0236
109 108 0.0034
110 108 0.0028
108 109 0.0034
346 109 0.0008
347 109 0.0015
348 109 0.0036
349 109 0.0027
350 109 0.0009
108 110 0.0028
360 110 0.0013
453 110 0.0014
94 111 0.0032
92 112 0.0051
107 113 0.0007
107 114 0.0006
5 115 0.0148
105 115 0.0338
116 115 0.0083
115 116 0.0083
117 116 0.0211
118 116 0.0107
116 117 0.0211
118 117 0.0202
120 117 0.0042
121 117 0.0255
116 118 0.0107
117 118 0.0202
126 118 0.0121
1 119 0.008
5 119 0.0622
120 119 0.0238
122 119 0.0185
117 120 0.0042
119 120 0.0238
121 120 0.0111
117 121 0.0255
120 121 0.0111
122 121 0.0304
119 122 0.0185
121 122 0.0304
124 122 0.0206
1 123 0.0085
124 123 0.0205
127 123 0.0048
122 124 0.0206
123 124 0.0205
125 124 0.0191
124 125 0.0191
126 125 0.0117
128 125 0.0096
118 126 0.0121
125 126 0.0117
129 126 0.0076
130 126 0.0106
1 127 0.0079
123 127 0.0048
128 127 0.0327
125 128 0.0096
127 128 0.0327
129 128 0.0273
133 128 0.0093
126 129 0.0076
128 129 0.0273
130 129 0.0572
132 129 0.0372
126 130 0.0106
129 130 0.0572
134 130 0.006
132 131 0.0115
135 131 0.0008
136 131 0.0081
129 132 0.0372
131 132 0.0115
133 132 0.0063
1 133 0.0027
128 133 0.0093
132 133 0.0063
130 134 0.006
131 135 0.0008
131 136 0.0081
137 136 0.0141
366 136 0.001
136 137 0.0141
138 137 0.0035
362 137 0.0019
137 138 0.0035
1 139 0.0067
6 139 0.0124
140 139 0.0032
147 139 0.0087
139 140 0.0032
141 140 0.0001
142 140 0.0387
140 141 0.0001
140 142 0.0387
143 142 0.0082
144 142 0.0013
142 143 0.0082
369 143 0.0003
371 143 0.0013
142 144 0.0013
145 144 0.0039
146 144 0.0012
144 145 0.0039
144 146 0.0012
139 147 0.0087
1 148 0.0023
151 148 0.0051
604 148 0.0089
7 149 0.0169
150 149 0.0088
154 149 0.0072
149 150 0.0088
151 150 0.0095
604 150 0.0086
148 151 0.0051
150 151 0.0095
152 151 0.0035
153 151 0.0031
604 151 0.0087
151 152 0.0035
153 152 0.0104
154 152 0.0025
159 152 0.0103
151 153 0.0031
152 153 0.0104
603 153 0.005
149 154 0.0072
152 154 0.0025
155 154 0.0347
154 155 0.0347
156 155 0.0128
171 155 0.0285
155 156 0.0128
157 156 0.0337
606 156 0.0029
156 157 0.0337
158 157 0.0032
161 157 0.0009
157 158 0.0032
162 158 0.0018
165 158 0.0069
152 159 0.0103
160 159 0.0027
376 159 0.0005
159 160 0.0027
373 160 0.0044
376 160 0.0056
157 161 0.0009
158 162 0.0018
163 162 0.0031
164 162 0.0019
162 163 0.0031
167 163 0.0016
283 163 0.0003
162 164 0.0019
289 164 0.0013
290 164 0.0085
158 165 0.0069
166 165 0.0134
379 165 0.0082
381 165 0.0007
165 166 0.0134
168 166 0.0045
169 166 0.0067
163 167 0.0016
166 168 0.0045
166 169 0.0067
378 169 0.0069
379 169 0.0136
7 170 0.005
171 170 0.013
174 170 0.0021
155 171 0.0285
170 171 0.013
172 171 0.0041
171 172 0.0041
174 172 0.0065
180 172 0.0137
180 173 0.0129
184 173 0.0106
185 173 0.0009
170 174 0.0021
172 174 0.0065
185 174 0.0174
188 174 0.0072
237 174 0.0004
176 175 0.0087
179 175 0.0034
184 175 0.0305
175 176 0.0087
177 176 0.0054
178 176 0.006
176 177 0.0054
272 177 0.0015
277 177 0.0018
176 178 0.006
175 179 0.0034
172 180 0.0137
173 180 0.0129
185 180 0.0246
182 181 0.0012
181 182 0.0012
183 182 0.0009
184 182 0.004
283 182 0.0005
182 183 0.0009
173 184 0.0106
175 184 0.0305
182 184 0.004
173 185 0.0009
174 185 0.0174
180 185 0.0246
7 186 0.0226
1 187 0.0086
8 187 0.0194
195 187 0.0156
174 188 0.0072
189 188 0.0031
190 188 0.0046
188 189 0.0031
188 190 0.0046
191 190 0.0059
236 190 0.0009
190 191 0.0059
192 191 0.0078
193 191 0.007
191 192 0.0078
193 192 0.019
607 192 0.0414
191 193 0.007
192 193 0.019
755 193 0.0017
9 194 0.0148
195 194 0.0137
196 194 0.0086
8 195 0.0165
187 195 0.0156
194 195 0.0137
198 195 0.0159
1 196 0.0037
9 196 0.0078
194 196 0.0086
197 196 0.0339
1 197 0.0053
196 197 0.0339
205 197 0.0357
206 197 0.0816
195 198 0.0159
199 198 0.0038
205 198 0.0119
198 199 0.0038
200 199 0.002
205 199 0.0012
199 200 0.002
202 201 0.0128
206 201 0.0165
208 201 0.0089
201 202 0.0128
203 202 0.0027
204 202 0.001
202 203 0.0027
202 204 0.001
197 205 0.0357
198 205 0.0119
199 205 0.0012
10 206 0.0177
197 206 0.0816
201 206 0.0165
10 207 0.0119
208 207 0.0059
210 207 0.0653
201 208 0.0089
207 208 0.0059
209 208 0.0049
210 208 0.0048
211 208 0.0073
208 209 0.0049
212 209 0.0022
213 209 0.0113
10 210 0.0123
207 210 0.0653
208 210 0.0048
211 210 0.0695
11 211 0.0288
208 211 0.0073
210 211 0.0695
209 212 0.0022
213 212 0.0007
234 212 0.0088
209 213 0.0113
212 213 0.0007
215 213 0.0005
11 214 0.0256
216 214 0.0077
217 214 0.0074
11 215 0.0154
213 215 0.0005
267 215 0.0039
11 216 0.0048
214 216 0.0077
217 216 0.0049
244 216 0.002
214 217 0.0074
216 217 0.0049
218 217 0.0229
217 218 0.0229
219 218 0.0106
233 218 0.0032
218 219 0.0106
220 219 0.0353
233 219 0.0057
219 220 0.0353
221 220 0.0205
244 220 0.0054
220 221 0.0205
242 221 0.0084
262 221 0.0002
242 222 0.0073
249 222 0.0043
307 222 0.0018
224 223 0.0036
243 223 0.0026
244 223 0.0155
223 224 0.0036
225 224 0.0171
227 224 0.0057
224 225 0.0171
257 225 0.0008
260 225 0.003
325 225 0.0019
393 225 0.0095
510 226 0.0025
224 227 0.0057
230 228 0.0091
233 228 0.0017
271 228 0.011
230 229 0.6502
228 230 0.0091
229 230 0.6502
263 230 0.0089
232 231 0.0161
263 231 0.0238
756 231 0.0004
231 232 0.0161
296 232 0.0019
298 232 0.0107
299 232 0.0031
218 233 0.0032
219 233 0.0057
228 233 0.0017
212 234 0.0088
235 234 0.0094
237 234 0.0092
234 235 0.0094
236 235 0.0096
282 235 0.002
190 236 0.0009
235 236 0.0096
281 236 0.0025
174 237 0.0004
234 237 0.0092
238 237 0.0008
239 237 0.0015
237 238 0.0008
237 239 0.0015
51 240 0.0006
241 240 0.0043
509 240 0.0015
240 241 0.0043
221 242 0.0084
222 242 0.0073
261 242 0.0038
223 243 0.0026
216 244 0.002
220 244 0.0054
223 244 0.0155
249 245 0.0094
315 245 0.0058
322 245 0.0025
247 246 0.0005
248 246 0.0007
249 246 0.0027
246 247 0.0005
246 248 0.0007
222 249 0.0043
245 249 0.0094
246 249 0.0027
56 250 0.004
43 251 0.0115
252 251 0.027
255 251 0.0209
56 252 0.0078
57 252 0.007
58 252 0.0071
251 252 0.027
253 252 0.021
254 252 0.0397
41 253 0.0334
252 253 0.021
254 253 0.0717
252 254 0.0397
253 254 0.0717
255 254 0.0887
43 255 0.0479
251 255 0.0209
254 255 0.0887
23 256 0.0598
57 257 0.0115
58 257 0.0112
225 257 0.0008
58 258 0.0018
58 259 0.0004
225 260 0.003
320 260 0.0025
321 260 0.0008
242 261 0.0038
221 262 0.0002
266 262 0.0004
756 262 0.0002
757 262 0.0006
230 263 0.0089
231 263 0.0238
264 263 0.0019
265 263 0.0009
263 264 0.0019
263 265 0.0009
293 265 0.0008
295 265 0.0035
262 266 0.0004
215 267 0.0039
268 267 0.0145
271 267 0.0297
267 268 0.0145
269 268 0.001
270 268 0.0241
268 269 0.001
275 269 0.0003
607 269 0.0022
268 270 0.0241
271 270 0.0084
292 270 0.0012
228 271 0.011
267 271 0.0297
270 271 0.0084
291 271 0.0002
177 272 0.0015
275 272 0.003
755 272 0.0011
274 273 0.0009
277 273 0.002
645 273 0.0009
273 274 0.0009
269 275 0.0003
272 275 0.003
276 275 0.0054
755 275 0.0032
275 276 0.0054
607 276 0.0027
755 276 0.0037
177 277 0.0018
273 277 0.002
383 277 0.0028
643 277 0.0235
644 277 0.0074
643 278 0.0029
389 279 0.015
644 279 0.0012
720 279 0.0074
383 280 0.0095
384 280 0.0013
385 280 0.0023
388 280 0.0032
236 281 0.0025
235 282 0.002
163 283 0.0003
182 283 0.0005
284 283 0.0157
285 283 0.0108
283 284 0.0157
285 284 0.0469
287 284 0.0115
283 285 0.0108
284 285 0.0469
286 285 0.0025
287 285 0.0196
285 286 0.0025
284 287 0.0115
285 287 0.0196
288 287 0.0007
717 287 0.0014
287 288 0.0007
164 289 0.0013
164 290 0.0085
271 291 0.0002
292 291 0.0177
293 291 0.0025
391 291 0.0014
270 292 0.0012
291 292 0.0177
390 292 0.0003
265 293 0.0008
291 293 0.0025
294 293 0.0035
293 294 0.0035
295 294 0.0048
392 294 0.0074
265 295 0.0035
294 295 0.0048
296 295 0.0103
232 296 0.0019
295 296 0.0103
297 296 0.0005
306 296 0.0016
392 296 0.0013
296 297 0.0005
232 298 0.0107
299 298 0.0158
300 298 0.0038
301 298 0.0039
756 298 0.0014
232 299 0.0031
298 299 0.0158
302 299 0.0174
305 299 0.0018
298 300 0.0038
298 301 0.0039
299 302 0.0174
303 302 0.0019
304 302 0.0095
302 303 0.0019
302 304 0.0095
474 304 0.0028
477 304 0.0147
479 304 0.0023
495 304 0.0263
500 304 0.0016
503 304 0.002
505 304 0.0005
637 304 0.0008
696 304 0.0005
299 305 0.0018
296 306 0.0016
222 307 0.0018
308 307 0.001
316 307 0.0006
307 308 0.001
310 309 0.0237
311 309 0.0046
757 309 0.0023
309 310 0.0237
314 310 0.0051
480 310 0.0028
309 311 0.0046
312 311 0.0021
313 311 0.0024
311 312 0.0021
311 313 0.0024
310 314 0.0051
245 315 0.0058
316 315 0.0243
317 315 0.006
470 315 0.0062
307 316 0.0006
315 316 0.0243
317 316 0.038
315 317 0.006
316 317 0.038
319 317 0.001
472 317 0.0118
472 318 0.0103
485 318 0.0063
639 318 0.0056
642 318 0.004
317 319 0.001
260 320 0.0025
260 321 0.0008
245 322 0.0025
323 322 0.0009
324 322 0.0006
322 323 0.0009
322 324 0.0006
225 325 0.0019
326 325 0.0058
327 325 0.0006
325 326 0.0058
328 326 0.0049
646 326 0.0059
325 327 0.0006
326 328 0.0049
44 329 0.0007
330 329 0.0153
335 329 0.0109
329 330 0.0153
331 330 0.0209
394 330 0.0123
330 331 0.0209
332 331 0.0068
335 331 0.0027
331 332 0.0068
334 332 0.0097
402 332 0.0321
402 333 0.0225
332 334 0.0097
25 335 0.0134
27 335 0.0063
42 335 0.0072
43 335 0.0108
44 335 0.0107
48 335 0.0093
49 335 0.0153
329 335 0.0109
331 335 0.0027
406 335 0.0037
407 335 0.0107
415 335 0.0026
722 335 0.0121
59 336 0.0055
60 336 0.0127
416 336 0.0125
412 337 0.014
416 337 0.0335
417 337 0.0083
85 338 0.0006
339 338 0.0013
340 338 0.008
341 338 0.0045
442 338 0.0034
338 339 0.0013
338 340 0.008
441 340 0.004
582 340 0.0017
338 341 0.0045
85 342 0.0012
343 342 0.0029
598 342 0.0049
342 343 0.0029
84 344 0.0018
345 344 0.0081
602 344 0.0017
344 345 0.0081
109 346 0.0008
109 347 0.0015
109 348 0.0036
109 349 0.0027
109 350 0.0009
89 351 0.0177
352 351 0.0146
356 351 0.0047
351 352 0.0146
355 352 0.021
451 352 0.0145
354 353 0.0191
451 353 0.002
585 353 0.0021
353 354 0.0191
352 355 0.021
351 356 0.0047
89 357 0.0088
358 357 0.0043
359 357 0.0022
357 358 0.0043
357 359 0.0022
110 360 0.0013
361 360 0.0077
454 360 0.0019
459 360 0.0042
360 361 0.0077
137 362 0.0019
363 362 0.0041
364 362 0.0038
362 363 0.0041
362 364 0.0038
105 365 0.0012
136 366 0.001
367 366 0.0024
368 366 0.004
466 366 0.0048
366 367 0.0024
366 368 0.004
143 369 0.0003
370 369 0.0011
372 369 0.0067
369 370 0.0011
143 371 0.0013
369 372 0.0067
160 373 0.0044
374 373 0.0082
375 373 0.0139
373 374 0.0082
373 375 0.0139
159 376 0.0005
160 376 0.0056
377 376 0.007
376 377 0.007
169 378 0.0069
165 379 0.0082
169 379 0.0136
380 379 0.0014
379 380 0.0014
165 381 0.0007
383 382 0.001
277 383 0.0028
280 383 0.0095
382 383 0.001
280 384 0.0013
280 385 0.0023
386 385 0.0013
387 385 0.0008
385 386 0.0013
387 386 0.0099
391 386 0.0024
608 386 0.004
618 386 0.0058
385 387 0.0008
386 387 0.0099
611 387 0.0019
614 387 0.0146
280 388 0.0032
279 389 0.015
611 389 0.0035
719 389 0.0007
292 390 0.0003
291 391 0.0014
386 391 0.0024
618 391 0.0025
619 391 0.0107
294 392 0.0074
296 392 0.0013
697 392 0.0017
225 393 0.0095
330 394 0.0123
395 394 0.0011
399 394 0.007
394 395 0.0011
396 395 0.0033
397 395 0.0086
398 395 0.0034
395 396 0.0033
395 397 0.0086
395 398 0.0034
394 399 0.007
400 399 0.0082
664 399 0.0002
399 400 0.0082
401 400 0.0084
647 400 0.0004
400 401 0.0084
332 402 0.0321
333 402 0.0225
403 402 0.0277
667 402 0.0002
402 403 0.0277
404 403 0.0019
668 403 0.0028
679 403 0.0008
742 403 0.0007
403 404 0.0019
29 405 0.0008
335 406 0.0037
335 407 0.0107
408 407 0.0031
409 407 0.0046
410 407 0.0042
413 407 0.0013
414 407 0.0062
679 407 0.0033
407 408 0.0031
407 409 0.0046
407 410 0.0042
411 410 0.011
682 410 0.0055
410 411 0.011
337 412 0.014
417 412 0.0099
683 412 0.0026
407 413 0.0013
407 414 0.0062
335 415 0.0026
336 416 0.0125
337 416 0.0335
417 416 0.0054
337 417 0.0083
412 417 0.0099
416 417 0.0054
693 417 0.0035
753 417 0.0013
59 418 0.0033
419 418 0.0177
526 418 0.003
418 419 0.0177
420 419 0.0005
537 419 0.0068
419 420 0.0005
426 421 0.0033
537 421 0.003
538 421 0.0398
542 421 0.0097
543 421 0.0055
30 422 0.002
80 423 0.0079
424 423 0.0075
750 423 0.0031
423 424 0.0075
425 424 0.0183
434 424 0.1122
424 425 0.0183
426 425 0.0048
428 425 0.0136
421 426 0.0033
425 426 0.0048
542 426 0.0097
542 427 0.0085
425 428 0.0136
429 428 0.0072
431 428 0.0018
428 429 0.0072
430 429 0.0016
432 429 0.0036
429 430 0.0016
428 431 0.0018
429 432 0.0036
553 432 0.0871
571 432 0.0021
434 433 0.002
424 434 0.1122
433 434 0.002
435 434 0.0685
440 434 0.0072
434 435 0.0685
436 435 0.0043
438 435 0.0039
580 435 0.0023
435 436 0.0043
437 436 0.0044
553 436 0.0094
436 437 0.0044
435 438 0.0039
439 438 0.0024
576 438 0.0028
438 439 0.0024
434 440 0.0072
340 441 0.004
338 442 0.0034
443 442 0.0028
444 442 0.0049
442 443 0.0028
442 444 0.0049
67 445 0.0017
446 445 0.0031
447 445 0.0008
448 445 0.0017
449 445 0.0036
450 445 0.0011
445 446 0.0031
445 447 0.0008
445 448 0.0017
445 449 0.0036
445 450 0.0011
352 451 0.0145
353 451 0.002
452 451 0.0082
451 452 0.0082
110 453 0.0014
360 454 0.0019
455 454 0.004
458 454 0.0066
454 455 0.004
456 455 0.0041
457 455 0.0033
455 456 0.0041
455 457 0.0033
454 458 0.0066
360 459 0.0042
460 459 0.0033
461 459 0.0084
459 460 0.0033
459 461 0.0084
462 461 0.0006
463 461 0.0045
461 462 0.0006
461 463 0.0045
464 463 0.0058
465 463 0.0033
463 464 0.0058
463 465 0.0033
366 466 0.0048
467 466 0.0046
754 466 0.0016
466 467 0.0046
468 467 0.0087
469 467 0.0057
467 468 0.0087
467 469 0.0057
315 470 0.0062
471 470 0.0023
651 470 0.0042
470 471 0.0023
317 472 0.0118
318 472 0.0103
473 472 0.0012
472 473 0.0012
304 474 0.0028
475 474 0.0037
476 474 0.0025
638 474 0.0024
474 475 0.0037
474 476 0.0025
506 476 0.0032
507 476 0.0032
304 477 0.0147
478 477 0.0042
496 477 0.0035
477 478 0.0042
304 479 0.0023
310 480 0.0028
481 480 0.0017
482 480 0.0021
480 481 0.0017
480 482 0.0021
484 483 0.003
640 483 0.0043
654 483 0.0046
758 483 0.0006
483 484 0.003
661 484 0.0077
758 484 0.0057
318 485 0.0063
492 485 0.0011
642 485 0.0172
487 486 0.0012
488 486 0.0007
642 486 0.0072
486 487 0.0012
658 487 0.003
659 487 0.0045
660 487 0.0013
758 487 0.0023
759 487 0.001
486 488 0.0007
490 489 0.0018
491 489 0.0006
642 489 0.0017
489 490 0.0018
489 491 0.0006
485 492 0.0011
493 492 0.0065
496 492 0.0018
492 493 0.0065
496 494 0.0031
304 495 0.0263
496 495 0.0029
498 495 0.004
477 496 0.0035
492 496 0.0018
494 496 0.0031
495 496 0.0029
498 497 0.0028
495 498 0.004
497 498 0.0028
499 498 0.0022
498 499 0.0022
304 500 0.0016
501 500 0.0067
502 500 0.0084
503 500 0.0038
500 501 0.0067
632 501 0.0049
633 501 0.0058
635 501 0.0033
500 502 0.0084
625 502 0.0048
628 502 0.0104
304 503 0.002
500 503 0.0038
504 503 0.0007
624 503 0.0007
503 504 0.0007
304 505 0.0005
476 506 0.0032
476 507 0.0032
52 508 0.0011
240 509 0.0015
55 510 0.0145
226 510 0.0025
511 510 0.0034
55 511 0.0044
56 511 0.0087
510 511 0.0034
512 511 0.0023
56 512 0.0088
511 512 0.0023
513 512 0.0392
40 513 0.0169
50 513 0.0604
512 513 0.0392
23 514 0.0044
515 514 0.0088
519 514 0.0187
514 515 0.0088
516 515 0.0101
517 515 0.0214
518 515 0.0143
515 516 0.0101
515 517 0.0214
515 518 0.0143
514 519 0.0187
520 519 0.0076
521 519 0.0054
522 519 0.0048
523 519 0.0031
519 520 0.0076
519 521 0.0054
519 522 0.0048
519 523 0.0031
63 524 0.0042
64 524 0.0181
525 524 0.0011
64 525 0.0028
67 525 0.0021
68 525 0.0017
524 525 0.0011
418 526 0.003
527 526 0.025
535 526 0.0057
526 527 0.025
528 527 0.009
532 527 0.002
527 528 0.009
529 528 0.0294
728 528 0.0002
528 529 0.0294
530 529 0.0013
531 529 0.0001
529 530 0.0013
529 531 0.0001
527 532 0.002
533 532 0.002
534 532 0.0011
535 532 0.0146
532 533 0.002
532 534 0.0011
526 535 0.0057
532 535 0.0146
536 535 0.0019
535 536 0.0019
419 537 0.0068
421 537 0.003
538 537 0.0006
421 538 0.0398
537 538 0.0006
541 538 0.0045
546 538 0.0427
540 539 0.0035
543 539 0.0114
546 539 0.0228
539 540 0.0035
538 541 0.0045
421 542 0.0097
426 542 0.0097
427 542 0.0085
421 543 0.0055
539 543 0.0114
544 543 0.0619
546 543 0.0111
543 544 0.0619
545 544 0.0086
547 544 0.0025
548 544 0.0108
544 545 0.0086
551 545 0.0061
552 545 0.009
538 546 0.0427
539 546 0.0228
543 546 0.0111
544 547 0.0025
544 548 0.0108
549 548 0.0062
550 548 0.0049
548 549 0.0062
548 550 0.0049
545 551 0.0061
545 552 0.009
432 553 0.0871
436 553 0.0094
554 553 0.0303
562 553 0.0127
575 553 0.0079
553 554 0.0303
555 554 0.0081
561 554 0.0014
554 555 0.0081
556 555 0.0021
557 555 0.005
558 555 0.0129
555 556 0.0021
555 557 0.005
555 558 0.0129
559 558 0.0018
560 558 0.0035
558 559 0.0018
558 560 0.0035
554 561 0.0014
553 562 0.0127
563 562 0.0031
566 562 0.0085
562 563 0.0031
564 563 0.0001
565 563 0.0001
563 564 0.0001
563 565 0.0001
562 566 0.0085
567 566 0.0011
570 566 0.014
566 567 0.0011
568 567 0.0006
569 567 0.0021
567 568 0.0006
567 569 0.0021
566 570 0.014
432 571 0.0021
572 571 0.002
573 571 0.0024
574 571 0.003
571 572 0.002
571 573 0.0024
571 574 0.003
553 575 0.0079
438 576 0.0028
577 576 0.0013
578 576 0.0032
581 576 0.0035
576 577 0.0013
585 577 0.0011
593 577 0.0025
576 578 0.0032
579 578 0.0028
580 578 0.0017
581 578 0.0021
578 579 0.0028
435 580 0.0023
578 580 0.0017
581 580 0.002
576 581 0.0035
578 581 0.0021
580 581 0.002
340 582 0.0017
583 582 0.0026
584 582 0.0032
582 583 0.0026
582 584 0.0032
353 585 0.0021
577 585 0.0011
586 585 0.0043
587 585 0.0021
588 585 0.004
590 585 0.0038
585 586 0.0043
585 587 0.0021
585 588 0.004
589 588 0.0087
590 588 0.0186
588 589 0.0087
585 590 0.0038
588 590 0.0186
591 590 0.0048
590 591 0.0048
592 591 0.0052
594 591 0.0023
591 592 0.0052
577 593 0.0025
594 593 0.0021
595 593 0.0033
591 594 0.0023
593 594 0.0021
595 594 0.0088
596 594 0.0049
593 595 0.0033
594 595 0.0088
596 595 0.0039
594 596 0.0049
595 596 0.0039
597 596 0.0082
596 597 0.0082
342 598 0.0049
599 598 0.003
600 598 0.0041
598 599 0.003
598 600 0.0041
87 601 0.0051
88 601 0.0077
602 601 0.0148
83 602 0.0016
88 602 0.0041
344 602 0.0017
601 602 0.0148
153 603 0.005
148 604 0.0089
150 604 0.0086
151 604 0.0087
6 605 0.0079
156 606 0.0029
192 607 0.0414
269 607 0.0022
276 607 0.0027
386 608 0.004
609 608 0.0082
617 608 0.0114
608 609 0.0082
610 609 0.0032
714 609 0.0049
609 610 0.0032
387 611 0.0019
389 611 0.0035
612 611 0.0019
613 611 0.0024
611 612 0.0019
611 613 0.0024
387 614 0.0146
615 614 0.0063
616 614 0.0022
614 615 0.0063
614 616 0.0022
608 617 0.0114
701 617 0.0019
715 617 0.0122
386 618 0.0058
391 618 0.0025
699 618 0.0069
391 619 0.0107
620 619 0.0285
622 619 0.0038
619 620 0.0285
621 620 0.0142
697 620 0.0037
620 621 0.0142
619 622 0.0038
698 623 0.0012
699 623 0.0034
702 623 0.0018
703 623 0.0021
503 624 0.0007
625 624 0.0036
704 624 0.0018
502 625 0.0048
624 625 0.0036
626 625 0.0071
625 626 0.0071
627 626 0.0006
701 626 0.0023
626 627 0.0006
502 628 0.0104
629 628 0.0028
630 628 0.0055
631 628 0.004
628 629 0.0028
628 630 0.0055
694 630 0.0074
695 630 0.0097
628 631 0.004
501 632 0.0049
709 632 0.0047
710 632 0.004
501 633 0.0058
634 633 0.0018
635 633 0.0018
633 634 0.0018
501 635 0.0033
633 635 0.0018
636 635 0.003
635 636 0.003
304 637 0.0008
474 638 0.0024
318 639 0.0056
640 639 0.0394
642 639 0.0023
483 640 0.0043
639 640 0.0394
641 640 0.0019
640 641 0.0019
318 642 0.004
485 642 0.0172
486 642 0.0072
489 642 0.0017
639 642 0.0023
277 643 0.0235
278 643 0.0029
644 643 0.0188
277 644 0.0074
279 644 0.0012
643 644 0.0188
273 645 0.0009
326 646 0.0059
647 646 0.004
648 646 0.0058
400 647 0.0004
646 647 0.004
648 647 0.002
663 647 0.0015
664 647 0.0036
646 648 0.0058
647 648 0.002
649 648 0.006
648 649 0.006
650 649 0.0011
656 649 0.0006
649 650 0.0011
470 651 0.0042
652 651 0.0013
653 651 0.0039
651 652 0.0013
655 652 0.0099
656 652 0.0079
651 653 0.0039
654 653 0.0024
655 653 0.0072
483 654 0.0046
653 654 0.0024
655 654 0.0041
652 655 0.0099
653 655 0.0072
654 655 0.0041
649 656 0.0006
652 656 0.0079
657 656 0.0024
656 657 0.0024
763 657 0.0013
764 657 0.002
487 658 0.003
487 659 0.0045
487 660 0.0013
484 661 0.0077
662 661 0.0005
761 661 0.0023
661 662 0.0005
647 663 0.0015
399 664 0.0002
647 664 0.0036
665 664 0.0015
666 664 0.0016
765 664 0.0004
664 665 0.0015
664 666 0.0016
747 666 0.0013
748 666 0.0016
402 667 0.0002
403 668 0.0028
669 668 0.0005
670 668 0.0097
675 668 0.001
676 668 0.0073
677 668 0.0015
678 668 0.0006
741 668 0.0015
668 669 0.0005
668 670 0.0097
671 670 0.0011
672 670 0.0074
670 671 0.0011
670 672 0.0074
673 672 0.0053
674 672 0.0025
672 673 0.0053
672 674 0.0025
668 675 0.001
668 676 0.0073
745 676 0.0014
746 676 0.0007
668 677 0.0015
668 678 0.0006
403 679 0.0008
407 679 0.0033
680 679 0.0146
681 679 0.011
682 679 0.0154
742 679 0.0035
679 680 0.0146
739 680 0.0079
743 680 0.011
679 681 0.011
691 681 0.01
692 681 0.0065
730 681 0.0057
752 681 0.042
410 682 0.0055
679 682 0.0154
684 682 0.0063
752 682 0.0117
412 683 0.0026
684 683 0.0095
686 683 0.0102
687 683 0.0054
688 683 0.006
753 683 0.0153
682 684 0.0063
683 684 0.0095
685 684 0.0333
690 684 0.0045
684 685 0.0333
689 685 0.0112
753 685 0.0053
683 686 0.0102
683 687 0.0054
683 688 0.006
685 689 0.0112
684 690 0.0045
681 691 0.01
735 691 0.0094
738 691 0.0033
681 692 0.0065
729 692 0.0067
731 692 0.0091
417 693 0.0035
725 693 0.0047
726 693 0.0035
727 693 0.0021
630 694 0.0074
630 695 0.0097
304 696 0.0005
697 696 0.0009
705 696 0.0082
392 697 0.0017
620 697 0.0037
696 697 0.0009
698 697 0.0028
623 698 0.0012
697 698 0.0028
699 698 0.0037
618 699 0.0069
623 699 0.0034
698 699 0.0037
701 700 0.0013
617 701 0.0019
626 701 0.0023
700 701 0.0013
623 702 0.0018
623 703 0.0021
624 704 0.0018
696 705 0.0082
706 705 0.0019
707 705 0.0015
708 705 0.0047
705 706 0.0019
705 707 0.0015
705 708 0.0047
632 709 0.0047
632 710 0.004
712 711 0.0096
713 711 0.0053
715 711 0.003
711 712 0.0096
711 713 0.0053
609 714 0.0049
715 714 0.0095
716 714 0.003
617 715 0.0122
711 715 0.003
714 715 0.0095
714 716 0.003
287 717 0.0014
718 717 0.0017
721 717 0.0083
717 718 0.0017
719 718 0.0029
720 718 0.0029
389 719 0.0007
718 719 0.0029
720 719 0.0059
279 720 0.0074
718 720 0.0029
719 720 0.0059
717 721 0.0083
335 722 0.0121
723 722 0.004
724 722 0.0101
722 723 0.004
722 724 0.0101
693 725 0.0047
693 726 0.0035
693 727 0.0021
728 727 0.0084
752 727 0.002
528 728 0.0002
727 728 0.0084
729 728 0.0026
692 729 0.0067
728 729 0.0026
732 729 0.005
681 730 0.0057
731 730 0.0083
734 730 0.0015
692 731 0.0091
730 731 0.0083
733 731 0.0025
729 732 0.005
731 733 0.0025
730 734 0.0015
691 735 0.0094
736 735 0.0026
737 735 0.0022
735 736 0.0026
735 737 0.0022
691 738 0.0033
680 739 0.0079
743 740 0.0015
668 741 0.0015
403 742 0.0007
679 742 0.0035
743 742 0.0058
680 743 0.011
740 743 0.0015
742 743 0.0058
744 743 0.0027
743 744 0.0027
745 744 0.0119
746 744 0.0004
676 745 0.0014
744 745 0.0119
746 745 0.0031
676 746 0.0007
744 746 0.0004
745 746 0.0031
666 747 0.0013
666 748 0.0016
81 749 0.0023
82 749 0.0026
750 749 0.0047
423 750 0.0031
749 750 0.0047
751 750 0.0032
750 751 0.0032
681 752 0.042
682 752 0.0117
727 752 0.002
417 753 0.0013
683 753 0.0153
685 753 0.0053
466 754 0.0016
193 755 0.0017
272 755 0.0011
275 755 0.0032
276 755 0.0037
231 756 0.0004
262 756 0.0002
298 756 0.0014
757 756 0.0116
262 757 0.0006
309 757 0.0023
756 757 0.0116
483 758 0.0006
484 758 0.0057
487 758 0.0023
487 759 0.001
760 759 0.0012
761 759 0.0021
759 760 0.0012
661 761 0.0023
759 761 0.0021
762 761 0.0006
761 762 0.0006
657 763 0.0013
657 764 0.002
664 765 0.0004
