2 1 0.0129
3 1 0.0176
4 1 0.0133
5 1 0.0173
6 1 0.0127
7 1 0.0149
8 1 0.0162
9 1 0.015
10 1 0.0123
11 1 0.0133
12 1 0.0151
15 1 0.0034
16 1 0.0044
31 1 0.0036
33 1 0.0041
34 1 0.0052
97 1 0.0034
107 1 0.0055
108 1 0.0049
1 2 0.0129
13 2 0.0035
14 2 0.0048
97 2 0.0076
1 3 0.0176
19 3 0.0034
20 3 0.0032
22 3 0.0141
31 3 0.0043
1 4 0.0133
37 4 0.0034
39 4 0.033
48 4 0.0051
1 5 0.0173
49 5 0.003
51 5 0.0025
53 5 0.0042
243 5 0.0009
1 6 0.0127
7 6 0.003
55 6 0.0017
57 6 0.0208
214 6 0.0024
1 7 0.0149
6 7 0.003
8 7 0.0043
62 7 0.013
1 8 0.0162
7 8 0.0043
66 8 0.0057
1 9 0.015
67 9 0.0037
68 9 0.0093
1 10 0.0123
69 10 0.0548
85 10 0.0201
94 10 0.001
1 11 0.0133
95 11 0.0119
96 11 0.0078
1 12 0.0151
98 12 0.0337
106 12 0.0035
2 13 0.0035
337 13 0.0059
338 13 0.0051
341 13 0.007
342 13 0.0045
2 14 0.0048
1 15 0.0034
1 16 0.0044
17 16 0.006
19 16 0.0033
16 17 0.006
18 17 0.0046
579 17 0.0016
17 18 0.0046
3 19 0.0034
16 19 0.0033
20 19 0.004
3 20 0.0032
19 20 0.004
21 20 0.0055
20 21 0.0055
3 22 0.0141
23 22 0.004
25 22 0.0126
22 23 0.004
24 23 0.009
579 23 0.0022
23 24 0.009
22 25 0.0126
26 25 0.0083
29 25 0.0111
25 26 0.0083
27 26 0.0188
28 26 0.0093
26 27 0.0188
29 27 0.0207
559 27 0.013
26 28 0.0093
25 29 0.0111
27 29 0.0207
30 29 0.0056
29 30 0.0056
1 31 0.0036
3 31 0.0043
32 31 0.0051
31 32 0.0051
1 33 0.0041
1 34 0.0052
35 34 0.0025
36 34 0.0022
34 35 0.0025
357 35 0.0039
359 35 0.0026
34 36 0.0022
4 37 0.0034
38 37 0.0043
564 37 0.0012
37 38 0.0043
4 39 0.033
42 39 0.013
258 39 0.0062
260 39 0.0023
41 40 0.0013
42 40 0.0311
366 40 0.0013
40 41 0.0013
39 42 0.013
40 42 0.0311
43 42 0.0216
42 43 0.0216
44 43 0.01
46 43 0.007
43 44 0.01
45 44 0.005
362 44 0.0026
44 45 0.005
391 45 0.0097
546 45 0.0099
43 46 0.007
47 46 0.0073
258 46 0.0097
46 47 0.0073
387 47 0.0091
391 47 0.0077
4 48 0.0051
5 49 0.003
50 49 0.0033
52 49 0.0074
49 50 0.0033
261 50 0.0026
262 50 0.0071
5 51 0.0025
54 51 0.0023
264 51 0.0013
49 52 0.0074
263 52 0.0023
369 52 0.0018
5 53 0.0042
51 54 0.0023
6 55 0.0017
56 55 0.0028
224 55 0.0023
55 56 0.0028
238 56 0.0039
241 56 0.0178
242 56 0.0099
6 57 0.0208
58 57 0.0024
61 57 0.0037
173 57 0.0024
57 58 0.0024
59 58 0.0136
60 58 0.019
58 59 0.0136
180 59 0.0379
183 59 0.0114
58 60 0.019
57 61 0.0037
7 62 0.013
63 62 0.0037
65 62 0.0028
62 63 0.0037
64 63 0.0096
171 63 0.0084
63 64 0.0096
62 65 0.0028
71 65 0.0029
156 65 0.0017
166 65 0.0192
8 66 0.0057
9 67 0.0037
9 68 0.0093
10 69 0.0548
70 69 0.0657
82 69 0.028
69 70 0.0657
71 70 0.0293
79 70 0.0126
65 71 0.0029
70 71 0.0293
72 71 0.0343
71 72 0.0343
73 72 0.0053
74 72 0.0139
72 73 0.0053
154 73 0.0059
156 73 0.0032
72 74 0.0139
75 74 0.0048
76 74 0.0024
74 75 0.0048
77 75 0.0037
78 75 0.0055
74 76 0.0024
111 76 0.0202
112 76 0.0148
154 76 0.0239
75 77 0.0037
75 78 0.0055
109 78 0.0077
111 78 0.0045
153 78 0.0026
70 79 0.0126
80 79 0.0041
81 79 0.0298
79 80 0.0041
81 80 0.0034
110 80 0.0141
79 81 0.0298
80 81 0.0034
82 81 0.0618
69 82 0.028
81 82 0.0618
83 82 0.0179
82 83 0.0179
84 83 0.0086
109 83 0.0016
83 84 0.0086
113 84 0.006
125 84 0.0033
10 85 0.0201
86 85 0.0189
87 85 0.0404
85 86 0.0189
90 86 0.0175
93 86 0.0032
85 87 0.0404
88 87 0.0386
138 87 0.0029
87 88 0.0386
89 88 0.0046
90 88 0.0153
88 89 0.0046
136 89 0.0151
137 89 0.0142
86 90 0.0175
88 90 0.0153
91 90 0.0065
92 90 0.0047
90 91 0.0065
90 92 0.0047
93 92 0.0043
267 92 0.0258
294 92 0.001
86 93 0.0032
92 93 0.0043
94 93 0.0049
10 94 0.001
93 94 0.0049
295 94 0.0019
297 94 0.0021
11 95 0.0119
11 96 0.0078
1 97 0.0034
2 97 0.0076
99 97 0.0061
325 97 0.0021
12 98 0.0337
99 98 0.0065
101 98 0.0276
97 99 0.0061
98 99 0.0065
100 99 0.031
99 100 0.031
102 100 0.0058
324 100 0.0018
98 101 0.0276
102 101 0.0037
103 101 0.0078
100 102 0.0058
101 102 0.0037
316 102 0.0107
101 103 0.0078
104 103 0.0073
105 103 0.0059
106 103 0.0034
103 104 0.0073
301 104 0.0076
311 104 0.0038
103 105 0.0059
12 106 0.0035
103 106 0.0034
298 106 0.0022
1 107 0.0055
1 108 0.0049
78 109 0.0077
83 109 0.0016
139 109 0.001
140 109 0.0025
80 110 0.0141
76 111 0.0202
78 111 0.0045
112 111 0.0269
153 111 0.0055
76 112 0.0148
111 112 0.0269
149 112 0.003
84 113 0.006
114 113 0.0021
125 113 0.022
113 114 0.0021
115 114 0.0021
116 114 0.0062
114 115 0.0021
114 116 0.0062
117 116 0.0019
119 116 0.0011
116 117 0.0019
118 117 0.0007
276 117 0.0001
117 118 0.0007
656 118 0.0004
657 118 0.0003
116 119 0.0011
120 119 0.0006
121 119 0.013
119 120 0.0006
123 120 0.0017
124 120 0.0001
119 121 0.013
122 121 0.0067
658 121 0.0007
121 122 0.0067
120 123 0.0017
120 124 0.0001
84 125 0.0033
113 125 0.022
126 125 0.0016
125 126 0.0016
127 126 0.0008
130 126 0.0019
126 127 0.0008
128 127 0.002
129 127 0.0032
127 128 0.002
127 129 0.0032
126 130 0.0019
131 130 0.0028
410 130 0.0001
130 131 0.0028
132 131 0.0017
413 131 0.0002
131 132 0.0017
133 132 0.0066
416 132 0.0007
132 133 0.0066
134 133 0.0004
146 133 0.0005
133 134 0.0004
135 134 0.005
147 134 0.0071
148 134 0.0082
134 135 0.005
89 136 0.0151
89 137 0.0142
87 138 0.0029
109 139 0.001
109 140 0.0025
141 140 0.0063
142 140 0.0036
140 141 0.0063
142 141 0.0036
143 141 0.0057
140 142 0.0036
141 142 0.0036
143 142 0.0052
144 142 0.0018
141 143 0.0057
142 143 0.0052
144 143 0.0055
142 144 0.0018
143 144 0.0055
145 144 0.0025
144 145 0.0025
133 146 0.0005
147 146 0.0009
153 146 0.0029
134 147 0.0071
146 147 0.0009
148 147 0.0172
134 148 0.0082
147 148 0.0172
150 148 0.0019
112 149 0.003
150 149 0.0079
429 149 0.0007
148 150 0.0019
149 150 0.0079
151 150 0.001
152 150 0.0013
150 151 0.001
150 152 0.0013
78 153 0.0026
111 153 0.0055
146 153 0.0029
73 154 0.0059
76 154 0.0239
155 154 0.0364
154 155 0.0364
65 156 0.0017
73 156 0.0032
157 156 0.0036
156 157 0.0036
158 157 0.0027
159 157 0.0035
161 157 0.0038
164 157 0.0005
157 158 0.0027
157 159 0.0035
160 159 0.0049
429 159 0.0048
159 160 0.0049
176 160 0.0022
668 160 0.0031
157 161 0.0038
162 161 0.0031
165 161 0.006
161 162 0.0031
163 162 0.0018
165 162 0.0041
162 163 0.0018
164 163 0.0062
165 163 0.0059
157 164 0.0005
163 164 0.0062
167 164 0.0016
161 165 0.006
162 165 0.0041
163 165 0.0059
65 166 0.0192
167 166 0.0166
169 166 0.0097
164 167 0.0016
166 167 0.0166
168 167 0.0022
167 168 0.0022
166 169 0.0097
170 169 0.0013
171 169 0.0266
169 170 0.0013
63 171 0.0084
169 171 0.0266
172 171 0.0006
173 171 0.0093
171 172 0.0006
57 173 0.0024
171 173 0.0093
174 173 0.0066
183 173 0.0069
173 174 0.0066
175 174 0.0029
176 174 0.0003
177 174 0.0034
174 175 0.0029
176 175 0.0045
179 175 0.0193
668 175 0.0046
160 176 0.0022
174 176 0.0003
175 176 0.0045
668 176 0.0043
174 177 0.0034
178 177 0.01
181 177 0.0049
200 177 0.0028
177 178 0.01
179 178 0.0148
192 178 0.0015
175 179 0.0193
178 179 0.0148
188 179 0.0022
59 180 0.0379
181 180 0.0163
182 180 0.0178
177 181 0.0049
180 181 0.0163
182 181 0.009
180 182 0.0178
181 182 0.009
183 182 0.0124
59 183 0.0114
173 183 0.0069
182 183 0.0124
185 184 0.0071
187 184 0.0026
668 184 0.0074
184 185 0.0071
186 185 0.0111
427 185 0.0053
429 185 0.002
430 185 0.0005
185 186 0.0111
431 186 0.0027
434 186 0.0039
184 187 0.0026
190 187 0.0156
443 187 0.0045
447 187 0.0104
179 188 0.0022
189 188 0.0021
191 188 0.0047
188 189 0.0021
190 189 0.0014
197 189 0.0031
198 189 0.0017
187 190 0.0156
189 190 0.0014
445 190 0.002
446 190 0.0037
188 191 0.0047
178 192 0.0015
193 192 0.0127
483 192 0.0007
192 193 0.0127
194 193 0.0062
196 193 0.0308
193 194 0.0062
195 194 0.0063
465 194 0.0021
194 195 0.0063
467 195 0.0032
475 195 0.0023
479 195 0.0011
193 196 0.0308
197 196 0.0042
199 196 0.0018
189 197 0.0031
196 197 0.0042
198 197 0.0088
458 197 0.0019
189 198 0.0017
197 198 0.0088
445 198 0.0089
452 198 0.0052
196 199 0.0018
463 199 0.0048
464 199 0.0009
177 200 0.0028
201 200 0.0075
218 200 0.0026
200 201 0.0075
202 201 0.0041
218 201 0.0029
201 202 0.0041
203 202 0.0078
216 202 0.0014
202 203 0.0078
204 203 0.0217
209 203 0.0265
203 204 0.0217
205 204 0.0028
206 204 0.0097
481 204 0.0015
204 205 0.0028
204 206 0.0097
207 206 0.0024
208 206 0.0055
206 207 0.0024
206 208 0.0055
481 208 0.0028
482 208 0.0038
203 209 0.0265
210 209 0.0022
211 209 0.0035
209 210 0.0022
212 210 0.0057
221 210 0.0027
209 211 0.0035
212 211 0.0073
213 211 0.0023
210 212 0.0057
211 212 0.0073
228 212 0.0197
211 213 0.0023
6 214 0.0024
215 214 0.0147
230 214 0.0019
214 215 0.0147
216 215 0.0199
220 215 0.003
202 216 0.0014
215 216 0.0199
217 216 0.0304
216 217 0.0304
218 217 0.0027
219 217 0.008
200 218 0.0026
201 218 0.0029
217 218 0.0027
217 219 0.008
215 220 0.003
221 220 0.0032
223 220 0.0049
229 220 0.0033
234 220 0.0037
210 221 0.0027
220 221 0.0032
222 221 0.0065
228 221 0.0017
221 222 0.0065
220 223 0.0049
55 224 0.0023
225 224 0.01
669 224 0.0056
224 225 0.01
230 225 0.0045
235 225 0.015
237 226 0.0174
251 226 0.0039
669 226 0.0094
671 226 0.0073
228 227 0.0124
229 227 0.0042
670 227 0.0029
671 227 0.0039
212 228 0.0197
221 228 0.0017
227 228 0.0124
220 229 0.0033
227 229 0.0042
234 229 0.0067
214 230 0.0019
225 230 0.0045
231 230 0.0085
230 231 0.0085
232 231 0.01
235 231 0.0152
231 232 0.01
233 232 0.0125
236 232 0.0198
232 233 0.0125
234 233 0.0108
237 233 0.0116
220 234 0.0037
229 234 0.0067
233 234 0.0108
225 235 0.015
231 235 0.0152
236 235 0.0204
232 236 0.0198
235 236 0.0204
237 236 0.0221
226 237 0.0174
233 237 0.0116
236 237 0.0221
56 238 0.0039
239 238 0.0059
246 238 0.0015
247 238 0.0037
238 239 0.0059
240 239 0.0089
241 239 0.0173
239 240 0.0089
241 240 0.0217
242 240 0.0174
56 241 0.0178
239 241 0.0173
240 241 0.0217
56 242 0.0099
240 242 0.0174
243 242 0.0098
5 243 0.0009
242 243 0.0098
244 243 0.0237
264 243 0.0062
243 244 0.0237
245 244 0.0022
246 244 0.0134
257 244 0.0128
265 244 0.0076
244 245 0.0022
238 246 0.0015
244 246 0.0134
248 246 0.0033
249 246 0.002
252 246 0.0142
238 247 0.0037
248 247 0.0045
250 247 0.002
669 247 0.0192
246 248 0.0033
247 248 0.0045
249 248 0.0033
246 249 0.002
248 249 0.0033
250 249 0.0085
247 250 0.002
249 250 0.0085
251 250 0.0026
398 250 0.0021
226 251 0.0039
250 251 0.0026
670 251 0.0015
246 252 0.0142
253 252 0.0089
257 252 0.0148
252 253 0.0089
254 253 0.0015
534 253 0.0027
253 254 0.0015
255 254 0.0024
399 254 0.0016
400 254 0.004
254 255 0.0024
402 255 0.0045
505 255 0.0016
403 256 0.0167
406 256 0.002
522 256 0.0045
533 256 0.0031
534 256 0.0049
244 257 0.0128
252 257 0.0148
533 257 0.0017
39 258 0.0062
46 258 0.0097
259 258 0.0026
258 259 0.0026
39 260 0.0023
50 261 0.0026
392 261 0.0044
393 261 0.008
50 262 0.0071
52 263 0.0023
264 263 0.0224
266 263 0.0072
51 264 0.0013
243 264 0.0062
263 264 0.0224
265 264 0.0081
244 265 0.0076
264 265 0.0081
266 265 0.012
263 266 0.0072
265 266 0.012
394 266 0.0038
92 267 0.0258
268 267 0.0343
278 267 0.0026
267 268 0.0343
269 268 0.0018
665 268 0.0012
268 269 0.0018
270 269 0.0086
282 269 0.0323
283 269 0.0037
269 270 0.0086
271 270 0.0039
275 270 0.0019
270 271 0.0039
272 271 0.0006
273 271 0.0009
271 272 0.0006
271 273 0.0009
274 273 0.0027
637 273 0.0006
273 274 0.0027
270 275 0.0019
276 275 0.0046
639 275 0.0008
117 276 0.0001
275 276 0.0046
277 276 0.0028
646 276 0.0017
651 276 0.0029
276 277 0.0028
643 277 0.0014
647 277 0.0049
267 278 0.0026
279 278 0.0009
281 278 0.0141
278 279 0.0009
280 279 0.007
281 279 0.0043
279 280 0.007
278 281 0.0141
279 281 0.0043
282 281 0.0217
269 282 0.0323
281 282 0.0217
283 282 0.0017
269 283 0.0037
282 283 0.0017
284 283 0.0056
283 284 0.0056
285 284 0.0124
287 284 0.0046
284 285 0.0124
286 285 0.004
289 285 0.0033
285 286 0.004
284 287 0.0046
288 287 0.0032
290 287 0.0089
287 288 0.0032
631 288 0.0043
633 288 0.0043
637 288 0.0017
285 289 0.0033
293 289 0.0024
615 289 0.0021
287 290 0.0089
291 290 0.0116
620 290 0.0012
290 291 0.0116
292 291 0.0088
631 291 0.0052
291 292 0.0088
620 292 0.0023
626 292 0.0027
289 293 0.0024
92 294 0.001
94 295 0.0019
296 295 0.0031
667 295 0.0016
295 296 0.0031
94 297 0.0021
106 298 0.0022
299 298 0.0046
300 298 0.0039
298 299 0.0046
298 300 0.0039
104 301 0.0076
302 301 0.0073
305 301 0.0145
301 302 0.0073
303 302 0.0019
304 302 0.0013
302 303 0.0019
302 304 0.0013
301 305 0.0145
306 305 0.0019
309 305 0.0009
305 306 0.0019
307 306 0.0083
600 306 0.0015
306 307 0.0083
308 307 0.0021
666 307 0.0008
307 308 0.0021
608 308 0.001
609 308 0.0016
305 309 0.0009
310 309 0.003
315 309 0.0087
309 310 0.003
602 310 0.0027
607 310 0.0029
104 311 0.0038
312 311 0.0063
315 311 0.0015
311 312 0.0063
313 312 0.0054
314 312 0.0046
312 313 0.0054
312 314 0.0046
309 315 0.0087
311 315 0.0015
598 315 0.0077
102 316 0.0107
317 316 0.0476
324 316 0.0018
316 317 0.0476
318 317 0.012
322 317 0.0012
317 318 0.012
319 318 0.003
320 318 0.0111
323 318 0.0011
318 319 0.003
320 319 0.0042
598 319 0.0037
318 320 0.0111
319 320 0.0042
321 320 0.0048
320 321 0.0048
317 322 0.0012
323 322 0.0018
326 322 0.0015
327 322 0.0058
318 323 0.0011
322 323 0.0018
326 323 0.0035
596 323 0.0018
100 324 0.0018
316 324 0.0018
330 324 0.0013
97 325 0.0021
331 325 0.0049
595 325 0.0009
322 326 0.0015
323 326 0.0035
596 326 0.0028
322 327 0.0058
328 327 0.0031
329 327 0.0025
327 328 0.0031
327 329 0.0025
324 330 0.0013
325 331 0.0049
332 331 0.0049
336 331 0.0018
331 332 0.0049
333 332 0.0035
338 332 0.0033
590 332 0.0033
332 333 0.0035
334 333 0.0153
590 333 0.0128
333 334 0.0153
335 334 0.002
593 334 0.0056
334 335 0.002
331 336 0.0018
13 337 0.0059
13 338 0.0051
332 338 0.0033
339 338 0.0197
338 339 0.0197
340 339 0.0054
346 339 0.0042
347 339 0.0031
339 340 0.0054
346 340 0.0029
347 340 0.0086
592 340 0.0284
13 341 0.007
13 342 0.0045
343 342 0.0069
584 342 0.0011
342 343 0.0069
344 343 0.0049
345 343 0.0038
343 344 0.0049
345 344 0.0051
346 344 0.023
343 345 0.0038
344 345 0.0051
353 345 0.0032
339 346 0.0042
340 346 0.0029
344 346 0.023
352 346 0.0014
339 347 0.0031
340 347 0.0086
590 347 0.0089
349 348 0.0213
591 348 0.004
592 348 0.0442
348 349 0.0213
350 349 0.0026
351 349 0.0028
349 350 0.0026
349 351 0.0028
346 352 0.0014
585 352 0.0056
586 352 0.0052
345 353 0.0032
354 353 0.0097
584 353 0.0034
353 354 0.0097
356 355 0.01
359 355 0.0031
556 355 0.0162
355 356 0.01
35 357 0.0039
358 357 0.0127
361 357 0.0105
357 358 0.0127
359 358 0.0109
360 358 0.0128
35 359 0.0026
355 359 0.0031
358 359 0.0109
358 360 0.0128
361 360 0.006
555 360 0.0068
357 361 0.0105
360 361 0.006
561 361 0.0047
44 362 0.0026
363 362 0.0022
551 362 0.0028
362 363 0.0022
364 363 0.0141
365 363 0.0089
363 364 0.0141
551 364 0.0019
553 364 0.001
554 364 0.0041
565 364 0.0042
363 365 0.0089
40 366 0.0013
368 367 0.0155
546 367 0.0026
567 367 0.0008
367 368 0.0155
52 369 0.0018
370 369 0.0105
392 369 0.0023
369 370 0.0105
371 370 0.0035
373 370 0.0016
370 371 0.0035
372 371 0.009
374 371 0.0008
371 372 0.009
373 372 0.0148
379 372 0.0025
370 373 0.0016
372 373 0.0148
384 373 0.0015
392 373 0.002
371 374 0.0008
375 374 0.0025
376 374 0.0093
374 375 0.0025
374 376 0.0093
377 376 0.0043
378 376 0.0052
376 377 0.0043
376 378 0.0052
372 379 0.0025
380 379 0.003
381 379 0.0166
383 379 0.0034
379 380 0.003
379 381 0.0166
382 381 0.0016
527 381 0.0008
381 382 0.0016
379 383 0.0034
535 383 0.01
538 383 0.005
373 384 0.0015
385 384 0.0042
386 384 0.0012
384 385 0.0042
384 386 0.0012
390 386 0.0037
539 386 0.0035
540 386 0.0029
47 387 0.0091
388 387 0.0016
391 387 0.0049
547 387 0.006
387 388 0.0016
389 388 0.0013
549 388 0.005
388 389 0.0013
386 390 0.0037
539 390 0.016
549 390 0.0015
550 390 0.0029
45 391 0.0097
47 391 0.0077
387 391 0.0049
261 392 0.0044
369 392 0.0023
373 392 0.002
261 393 0.008
266 394 0.0038
395 394 0.0014
397 394 0.001
522 394 0.0017
533 394 0.0056
394 395 0.0014
396 395 0.0018
523 395 0.0019
395 396 0.0018
524 396 0.0022
525 396 0.0123
394 397 0.001
250 398 0.0021
491 398 0.001
494 398 0.0029
670 398 0.0053
254 399 0.0016
401 399 0.0026
499 399 0.0007
254 400 0.004
401 400 0.004
508 400 0.0013
399 401 0.0026
400 401 0.004
500 401 0.0067
255 402 0.0045
505 402 0.0031
506 402 0.0199
256 403 0.0167
404 403 0.0061
405 403 0.0144
407 403 0.0023
403 404 0.0061
403 405 0.0144
406 405 0.0041
520 405 0.0034
256 406 0.002
405 406 0.0041
516 406 0.0004
524 406 0.0009
403 407 0.0023
408 407 0.0136
409 407 0.0118
506 407 0.0327
520 407 0.003
407 408 0.0136
513 408 0.0016
516 408 0.0136
407 409 0.0118
130 410 0.0001
411 410 0.0085
412 410 0.0038
413 410 0.0011
410 411 0.0085
410 412 0.0038
131 413 0.0002
410 413 0.0011
414 413 0.0048
413 414 0.0048
415 414 0.0011
417 414 0.003
414 415 0.0011
132 416 0.0007
417 416 0.0093
419 416 0.0023
414 417 0.003
416 417 0.0093
418 417 0.0005
417 418 0.0005
416 419 0.0023
420 419 0.0013
421 419 0.0014
419 420 0.0013
419 421 0.0014
422 421 0.0002
423 421 0.0007
421 422 0.0002
421 423 0.0007
424 423 0.0005
425 423 0.0004
423 424 0.0005
423 425 0.0004
426 425 0.0033
427 425 0.0003
425 426 0.0033
185 427 0.0053
425 427 0.0003
428 427 0.0023
427 428 0.0023
149 429 0.0007
159 429 0.0048
185 429 0.002
185 430 0.0005
186 431 0.0027
432 431 0.0003
433 431 0.0016
431 432 0.0003
431 433 0.0016
434 433 0.0013
435 433 0.0025
186 434 0.0039
433 434 0.0013
438 434 0.0016
433 435 0.0025
436 435 0.0014
437 435 0.0008
435 436 0.0014
435 437 0.0008
434 438 0.0016
439 438 0.0146
440 438 0.0068
438 439 0.0146
440 439 0.0078
443 439 0.002
438 440 0.0068
439 440 0.0078
441 440 0.0016
442 440 0.0012
440 441 0.0016
440 442 0.0012
187 443 0.0045
439 443 0.002
444 443 0.0006
443 444 0.0006
190 445 0.002
198 445 0.0089
449 445 0.0051
190 446 0.0037
447 446 0.0072
449 446 0.0043
187 447 0.0104
446 447 0.0072
448 447 0.0018
447 448 0.0018
445 449 0.0051
446 449 0.0043
450 449 0.0102
449 450 0.0102
451 450 0.0048
453 450 0.0062
450 451 0.0048
452 451 0.0034
454 451 0.0022
198 452 0.0052
451 452 0.0034
455 452 0.0047
450 453 0.0062
451 454 0.0022
452 455 0.0047
456 455 0.0024
457 455 0.0018
455 456 0.0024
455 457 0.0018
197 458 0.0019
459 458 0.0005
460 458 0.0144
458 459 0.0005
458 460 0.0144
461 460 0.0012
462 460 0.001
460 461 0.0012
460 462 0.001
199 463 0.0048
199 464 0.0009
194 465 0.0021
466 465 0.0026
467 465 0.0044
465 466 0.0026
195 467 0.0032
465 467 0.0044
468 467 0.0037
467 468 0.0037
469 468 0.0086
472 468 0.0056
468 469 0.0086
470 469 0.0019
471 469 0.0015
469 470 0.0019
469 471 0.0015
468 472 0.0056
473 472 0.0049
474 472 0.0028
472 473 0.0049
472 474 0.0028
195 475 0.0023
476 475 0.0035
477 475 0.0058
478 475 0.0056
475 476 0.0035
475 477 0.0058
475 478 0.0056
195 479 0.0011
480 479 0.0067
481 479 0.0012
479 480 0.0067
204 481 0.0015
208 481 0.0028
479 481 0.0012
208 482 0.0038
483 482 0.0041
484 482 0.0058
192 483 0.0007
482 483 0.0041
484 483 0.0058
488 483 0.0033
482 484 0.0058
483 484 0.0058
485 484 0.0062
484 485 0.0062
486 485 0.0029
487 485 0.0024
485 486 0.0029
485 487 0.0024
483 488 0.0033
489 488 0.0068
490 488 0.0073
488 489 0.0068
488 490 0.0073
398 491 0.001
492 491 0.0029
493 491 0.0023
491 492 0.0029
491 493 0.0023
398 494 0.0029
495 494 0.0026
496 494 0.0012
494 495 0.0026
494 496 0.0012
497 496 0.0026
498 496 0.0035
496 497 0.0026
496 498 0.0035
399 499 0.0007
401 500 0.0067
501 500 0.0033
504 500 0.0022
500 501 0.0033
502 501 0.0045
503 501 0.0039
501 502 0.0045
501 503 0.0039
500 504 0.0022
255 505 0.0016
402 505 0.0031
507 505 0.0061
402 506 0.0199
407 506 0.0327
507 506 0.0043
505 507 0.0061
506 507 0.0043
508 507 0.021
513 507 0.0058
400 508 0.0013
507 508 0.021
509 508 0.0041
512 508 0.0051
508 509 0.0041
510 509 0.0134
511 509 0.0012
509 510 0.0134
509 511 0.0012
508 512 0.0051
408 513 0.0016
507 513 0.0058
514 513 0.0036
515 513 0.0022
513 514 0.0036
513 515 0.0022
406 516 0.0004
408 516 0.0136
517 516 0.0027
516 517 0.0027
518 517 0.01
519 517 0.002
517 518 0.01
517 519 0.002
405 520 0.0034
407 520 0.003
521 520 0.0014
520 521 0.0014
256 522 0.0045
394 522 0.0017
523 522 0.0026
395 523 0.0019
522 523 0.0026
524 523 0.0024
396 524 0.0022
406 524 0.0009
523 524 0.0024
396 525 0.0123
526 525 0.0058
531 525 0.0046
525 526 0.0058
527 526 0.0036
528 526 0.0087
531 526 0.01
381 527 0.0008
526 527 0.0036
528 527 0.0154
529 527 0.0119
526 528 0.0087
527 528 0.0154
529 528 0.0067
527 529 0.0119
528 529 0.0067
530 529 0.0046
529 530 0.0046
531 530 0.0075
532 530 0.0011
525 531 0.0046
526 531 0.01
530 531 0.0075
530 532 0.0011
256 533 0.0031
257 533 0.0017
394 533 0.0056
534 533 0.0059
253 534 0.0027
256 534 0.0049
533 534 0.0059
383 535 0.01
536 535 0.0045
537 535 0.0083
535 536 0.0045
535 537 0.0083
383 538 0.005
386 539 0.0035
390 539 0.016
540 539 0.0191
542 539 0.0018
567 539 0.0018
386 540 0.0029
539 540 0.0191
541 540 0.0101
540 541 0.0101
539 542 0.0018
543 542 0.0169
567 542 0.0124
542 543 0.0169
544 543 0.0052
545 543 0.0101
543 544 0.0052
543 545 0.0101
45 546 0.0099
367 546 0.0026
547 546 0.0075
387 547 0.006
546 547 0.0075
548 547 0.0027
547 548 0.0027
549 548 0.0052
569 548 0.0019
388 549 0.005
390 549 0.0015
548 549 0.0052
390 550 0.0029
568 550 0.0031
569 550 0.0056
362 551 0.0028
364 551 0.0019
552 551 0.004
551 552 0.004
553 552 0.0058
554 552 0.0062
364 553 0.001
552 553 0.0058
554 553 0.0077
364 554 0.0041
552 554 0.0062
553 554 0.0077
360 555 0.0068
556 555 0.0031
557 555 0.0021
355 556 0.0162
555 556 0.0031
557 556 0.0058
558 556 0.0057
555 557 0.0021
556 557 0.0058
572 557 0.0077
556 558 0.0057
572 558 0.0059
575 558 0.0042
27 559 0.013
560 559 0.0185
575 559 0.0014
559 560 0.0185
361 561 0.0047
562 561 0.0052
563 561 0.0052
561 562 0.0052
561 563 0.0052
37 564 0.0012
565 564 0.0211
570 564 0.0012
364 565 0.0042
564 565 0.0211
566 565 0.0017
570 565 0.0019
565 566 0.0017
367 567 0.0008
539 567 0.0018
542 567 0.0124
568 567 0.0016
550 568 0.0031
567 568 0.0016
569 568 0.0009
548 569 0.0019
550 569 0.0056
568 569 0.0009
564 570 0.0012
565 570 0.0019
571 570 0.0026
570 571 0.0026
557 572 0.0077
558 572 0.0059
573 572 0.0031
574 572 0.0037
572 573 0.0031
572 574 0.0037
558 575 0.0042
559 575 0.0014
576 575 0.0041
575 576 0.0041
577 576 0.0078
578 576 0.0052
576 577 0.0078
576 578 0.0052
17 579 0.0016
23 579 0.0022
580 579 0.0234
582 579 0.0016
579 580 0.0234
581 580 0.0102
582 580 0.0043
580 581 0.0102
582 581 0.0069
583 581 0.0032
579 582 0.0016
580 582 0.0043
581 582 0.0069
581 583 0.0032
342 584 0.0011
353 584 0.0034
585 584 0.0039
352 585 0.0056
584 585 0.0039
586 585 0.0029
352 586 0.0052
585 586 0.0029
587 586 0.014
586 587 0.014
588 587 0.0052
589 587 0.0118
587 588 0.0052
587 589 0.0118
332 590 0.0033
333 590 0.0128
347 590 0.0089
591 590 0.0133
593 590 0.0096
348 591 0.004
590 591 0.0133
592 591 0.0097
593 591 0.0133
340 592 0.0284
348 592 0.0442
591 592 0.0097
334 593 0.0056
590 593 0.0096
591 593 0.0133
594 593 0.0229
593 594 0.0229
325 595 0.0009
323 596 0.0018
326 596 0.0028
597 596 0.0006
596 597 0.0006
315 598 0.0077
319 598 0.0037
599 598 0.0015
598 599 0.0015
306 600 0.0015
601 600 0.0054
607 600 0.0024
600 601 0.0054
310 602 0.0027
603 602 0.0039
605 602 0.0022
606 602 0.004
602 603 0.0039
604 603 0.0022
607 603 0.0028
603 604 0.0022
602 605 0.0022
602 606 0.004
310 607 0.0029
600 607 0.0024
603 607 0.0028
308 608 0.001
308 609 0.0016
610 609 0.0041
613 609 0.0038
609 610 0.0041
611 610 0.0018
612 610 0.0015
610 611 0.0018
610 612 0.0015
609 613 0.0038
614 613 0.0031
615 613 0.0011
613 614 0.0031
289 615 0.0021
613 615 0.0011
616 615 0.0087
615 616 0.0087
617 616 0.0009
618 616 0.0031
619 616 0.0021
616 617 0.0009
616 618 0.0031
616 619 0.0021
290 620 0.0012
292 620 0.0023
621 620 0.0016
622 620 0.0028
623 620 0.0026
626 620 0.0007
620 621 0.0016
620 622 0.0028
623 622 0.0042
626 622 0.0069
620 623 0.0026
622 623 0.0042
624 623 0.0049
625 623 0.0053
623 624 0.0049
623 625 0.0053
292 626 0.0027
620 626 0.0007
622 626 0.0069
627 626 0.0037
630 626 0.0013
626 627 0.0037
628 627 0.0022
629 627 0.0018
627 628 0.0022
627 629 0.0018
626 630 0.0013
288 631 0.0043
291 631 0.0052
632 631 0.0005
633 631 0.0112
631 632 0.0005
288 633 0.0043
631 633 0.0112
634 633 0.0009
633 634 0.0009
635 634 0.0034
636 634 0.0037
634 635 0.0034
634 636 0.0037
273 637 0.0006
288 637 0.0017
638 637 0.0004
637 638 0.0004
275 639 0.0008
641 640 0.0008
642 640 0.0013
646 640 0.0017
640 641 0.0008
640 642 0.0013
277 643 0.0014
644 643 0.0061
645 643 0.0053
646 643 0.0008
643 644 0.0061
643 645 0.0053
276 646 0.0017
640 646 0.0017
643 646 0.0008
277 647 0.0049
648 647 0.0046
652 647 0.0003
647 648 0.0046
649 648 0.0009
650 648 0.0012
648 649 0.0009
648 650 0.0012
276 651 0.0029
652 651 0.0024
655 651 0.0008
647 652 0.0003
651 652 0.0024
653 652 0.001
654 652 0.0012
652 653 0.001
652 654 0.0012
651 655 0.0008
118 656 0.0004
118 657 0.0003
121 658 0.0007
659 658 0.0016
662 658 0.0011
658 659 0.0016
660 659 0.0003
661 659 0.0003
659 660 0.0003
659 661 0.0003
658 662 0.0011
663 662 0.0003
664 662 0.0006
662 663 0.0003
662 664 0.0006
268 665 0.0012
307 666 0.0008
295 667 0.0016
160 668 0.0031
175 668 0.0046
176 668 0.0043
184 668 0.0074
224 669 0.0056
226 669 0.0094
247 669 0.0192
227 670 0.0029
251 670 0.0015
398 670 0.0053
671 670 0.0023
226 671 0.0073
227 671 0.0039
670 671 0.0023
