2 1 0.0147
57 1 0.0038
58 1 0.0036
70 1 0.0108
99 1 0.004
104 1 0.0063
196 1 0.0049
197 1 0.0017
211 1 0.0157
212 1 0.0035
242 1 0.0138
285 1 0.0134
391 1 0.0075
395 1 0.0123
400 1 0.0037
402 1 0.0077
448 1 0.0098
457 1 0.0032
459 1 0.0033
466 1 0.0151
472 1 0.0025
473 1 0.0022
498 1 0.0048
506 1 0.0035
558 1 0.0073
692 1 0.0122
715 1 0.0034
716 1 0.0131
728 1 0.0073
733 1 0.0039
788 1 0.0115
795 1 0.0058
809 1 0.0065
812 1 0.0053
818 1 0.0071
821 1 0.0145
876 1 0.0047
967 1 0.0052
968 1 0.0046
969 1 0.0051
1645 1 0.0121
1646 1 0.0081
1648 1 0.0104
1 2 0.0147
3 2 0.0053
491 2 0.0146
2 3 0.0053
4 3 0.0139
819 3 0.0048
3 4 0.0139
5 4 0.0181
474 4 0.0027
4 5 0.0181
6 5 0.0111
27 5 0.0217
5 6 0.0111
7 6 0.0265
17 6 0.0284
647 6 0.0051
6 7 0.0265
8 7 0.0032
497 7 0.0158
655 7 0.0223
7 8 0.0032
9 8 0.0105
186 8 0.0059
951 8 0.0077
8 9 0.0105
10 9 0.006
11 9 0.0076
9 10 0.006
9 11 0.0076
190 12 0.0021
647 12 0.0737
649 12 0.0904
653 13 0.0534
937 13 0.0021
938 13 0.0248
1054 13 0.0037
15 14 0.0116
938 14 0.0223
943 14 0.0044
14 15 0.0116
16 15 0.0274
1093 15 0.0026
15 16 0.0274
1072 16 0.0062
1088 16 0.0077
1120 16 0.0077
6 17 0.0284
18 17 0.0055
484 17 0.0044
17 18 0.0055
19 18 0.0013
22 18 0.0042
18 19 0.0013
20 19 0.0049
21 19 0.0065
19 20 0.0049
19 21 0.0065
18 22 0.0042
23 22 0.0019
25 22 0.002
22 23 0.0019
24 23 0.0067
26 23 0.0033
23 24 0.0067
22 25 0.002
26 25 0.0186
1118 25 0.0028
23 26 0.0033
25 26 0.0186
1121 26 0.005
5 27 0.0217
28 27 0.0043
475 27 0.0094
27 28 0.0043
29 28 0.0102
991 28 0.0089
28 29 0.0102
30 29 0.0158
143 29 0.0093
481 29 0.0401
29 30 0.0158
35 30 0.0052
1053 30 0.0015
32 31 0.0077
35 31 0.0762
39 31 0.003
31 32 0.0077
33 32 0.0123
141 32 0.0056
32 33 0.0123
34 33 0.0237
1171 33 0.0023
33 34 0.0237
1177 34 0.0025
1182 34 0.003
30 35 0.0052
31 35 0.0762
36 35 0.0038
140 35 0.0028
35 36 0.0038
37 36 0.0025
1051 36 0.0201
36 37 0.0025
38 37 0.0032
39 37 0.0083
37 38 0.0032
1166 38 0.0011
1168 38 0.0018
31 39 0.003
37 39 0.0083
40 39 0.0245
39 40 0.0245
1132 40 0.0063
1172 40 0.0375
1171 41 0.0068
1172 41 0.008
1173 41 0.0176
43 42 0.024
57 42 0.0079
130 42 0.0377
459 42 0.0093
42 43 0.024
44 43 0.0399
458 43 0.0123
43 44 0.0399
45 44 0.0171
458 44 0.0064
44 45 0.0171
46 45 0.0253
669 45 0.0079
45 46 0.0253
47 46 0.0032
936 46 0.0006
46 47 0.0032
48 47 0.0205
927 47 0.0578
47 48 0.0205
49 48 0.0144
931 48 0.0173
48 49 0.0144
50 49 0.0389
930 49 0.0014
49 50 0.0389
51 50 0.0313
147 50 0.0009
50 51 0.0313
52 51 0.0207
550 51 0.0007
51 52 0.0207
53 52 0.0221
547 52 0.0242
52 53 0.0221
54 53 0.0866
1228 53 0.0008
53 54 0.0866
55 54 0.015
546 54 0.0009
54 55 0.015
56 55 0.0052
546 55 0.0018
55 56 0.0052
516 56 0.0007
1218 56 0.0045
1219 56 0.0046
1 57 0.0038
42 57 0.0079
988 57 0.008
1 58 0.0036
59 58 0.0096
987 58 0.0032
58 59 0.0096
60 59 0.0171
987 59 0.0033
59 60 0.0171
61 60 0.0053
452 60 0.0075
60 61 0.0053
62 61 0.0055
911 61 0.0227
61 62 0.0055
63 62 0.0236
138 62 0.0025
904 62 0.0158
62 63 0.0236
64 63 0.0227
124 63 0.0034
63 64 0.0227
118 64 0.0039
509 64 0.0286
66 65 0.0012
67 65 0.0018
509 65 0.059
65 66 0.0012
65 67 0.0018
68 67 0.003
1232 67 0.0051
67 68 0.003
69 68 0.0004
1231 68 0.0013
68 69 0.0004
1 70 0.0108
71 70 0.0456
1639 70 0.0163
70 71 0.0456
445 71 0.0931
446 71 0.1102
448 71 0.0177
73 72 0.0081
390 72 0.013
444 72 0.0381
445 72 0.1556
72 73 0.0081
74 73 0.0371
680 73 0.0064
73 74 0.0371
75 74 0.0308
91 74 0.0112
1047 74 0.0089
74 75 0.0308
76 75 0.0241
1048 75 0.01
75 76 0.0241
77 76 0.0126
423 76 0.0142
76 77 0.0126
78 77 0.0311
129 77 0.0156
77 78 0.0311
425 78 0.061
977 78 0.0028
80 79 0.0427
425 79 0.0242
519 79 0.0005
79 80 0.0427
81 80 0.0224
534 80 0.0021
80 81 0.0224
535 81 0.0029
536 81 0.0183
83 82 0.0145
527 82 0.015
536 82 0.0181
538 82 0.0009
82 83 0.0145
84 83 0.0188
523 83 0.001
539 83 0.0009
83 84 0.0188
85 84 0.0172
520 84 0.0012
84 85 0.0172
86 85 0.0192
519 85 0.0016
540 85 0.0018
85 86 0.0192
526 86 0.0018
542 86 0.0596
88 87 0.019
90 87 0.006
544 87 0.0121
87 88 0.019
89 88 0.0091
1240 88 0.0011
88 89 0.0091
87 90 0.006
74 91 0.0112
420 91 0.0155
680 91 0.0065
93 92 0.0041
114 92 0.0063
420 92 0.0115
92 93 0.0041
94 93 0.0025
98 93 0.0016
93 94 0.0025
913 94 0.0011
916 94 0.0398
96 95 0.0201
917 95 0.0276
920 95 0.0033
95 96 0.0201
97 96 0.0196
98 96 0.001
96 97 0.0196
93 98 0.0016
96 98 0.001
914 98 0.0012
1 99 0.004
100 99 0.007
673 99 0.0052
99 100 0.007
910 100 0.0096
911 100 0.0131
102 101 0.0058
103 101 0.0026
910 101 0.013
911 101 0.0029
101 102 0.0058
101 103 0.0026
1 104 0.0063
105 104 0.1719
447 104 0.0532
104 105 0.1719
106 105 0.0907
676 105 0.0106
105 106 0.0907
107 106 0.0071
444 106 0.0428
106 107 0.0071
108 107 0.0079
449 107 0.0065
107 108 0.0079
109 108 0.0407
909 108 0.0022
108 109 0.0407
110 109 0.0147
908 109 0.0024
109 110 0.0147
111 110 0.0206
901 110 0.0024
110 111 0.0206
112 111 0.02
433 111 0.0042
442 111 0.0127
111 112 0.02
113 112 0.0095
441 112 0.0086
112 113 0.0095
114 113 0.0073
422 113 0.0075
433 113 0.0037
92 114 0.0063
113 114 0.0073
115 114 0.003
429 114 0.0084
114 115 0.003
116 115 0.0056
915 115 0.0012
115 116 0.0056
117 116 0.0023
912 116 0.0016
116 117 0.0023
64 118 0.0039
119 118 0.0029
121 118 0.0019
124 118 0.0068
118 119 0.0029
120 119 0.0037
122 119 0.0019
119 120 0.0037
118 121 0.0019
1280 121 0.0177
1281 121 0.0082
119 122 0.0019
124 123 0.022
125 123 0.0016
903 123 0.0274
904 123 0.0034
63 124 0.0034
118 124 0.0068
123 124 0.022
921 124 0.0012
123 125 0.0016
127 126 0.0466
390 126 0.0364
406 126 0.0033
1642 126 0.0388
126 127 0.0466
128 127 0.0212
150 127 0.0194
390 127 0.0104
1046 127 0.0249
127 128 0.0212
129 128 0.0397
169 128 0.0038
77 129 0.0156
128 129 0.0397
1043 129 0.0261
42 130 0.0377
131 130 0.001
132 130 0.0028
130 131 0.001
923 131 0.0123
984 131 0.004
130 132 0.0028
133 132 0.0026
137 132 0.0011
979 132 0.01
132 133 0.0026
134 133 0.0031
1277 133 0.0011
133 134 0.0031
135 134 0.0063
139 134 0.0032
134 135 0.0063
136 135 0.0098
509 135 0.0014
135 136 0.0098
132 137 0.0011
62 138 0.0025
134 139 0.0032
35 140 0.0028
141 140 0.0037
669 140 0.002
32 141 0.0056
140 141 0.0037
142 141 0.0019
141 142 0.0019
29 143 0.0093
144 143 0.0016
145 143 0.0068
143 144 0.0016
143 145 0.0068
146 145 0.0059
1052 145 0.0078
145 146 0.0059
50 147 0.0009
148 147 0.0018
1237 147 0.0008
147 148 0.0018
1233 148 0.0026
1236 148 0.0049
1237 149 0.0073
127 150 0.0194
677 150 0.0019
678 150 0.0113
152 151 0.0336
163 151 0.0222
678 151 0.0205
151 152 0.0336
153 152 0.0102
416 152 0.0009
681 152 0.0016
152 153 0.0102
207 153 0.0021
1038 153 0.0125
155 154 0.0089
415 154 0.0019
1037 154 0.0037
1039 154 0.0139
154 155 0.0089
156 155 0.0065
414 155 0.0012
155 156 0.0065
157 156 0.0049
631 156 0.0103
1035 156 0.0053
156 157 0.0049
158 157 0.0022
160 157 0.0037
888 157 0.0058
157 158 0.0022
159 158 0.0075
168 158 0.0013
1249 158 0.0071
158 159 0.0075
1250 159 0.0045
1254 159 0.0013
157 160 0.0037
161 160 0.0032
890 160 0.0006
160 161 0.0032
891 161 0.0032
1268 161 0.0035
1272 161 0.0184
1272 162 0.0018
1283 162 0.059
1288 162 0.0001
151 163 0.0222
164 163 0.0128
417 163 0.0186
163 164 0.0128
165 164 0.0027
419 164 0.0021
164 165 0.0027
530 165 0.0024
1041 165 0.0074
167 166 0.0017
168 166 0.0022
1041 166 0.0043
166 167 0.0017
1245 167 0.0222
1256 167 0.0015
158 168 0.0013
166 168 0.0022
1266 168 0.0142
128 169 0.0038
419 169 0.0128
682 169 0.0175
171 170 0.0053
174 170 0.003
682 170 0.0018
170 171 0.0053
172 171 0.003
175 171 0.0035
176 171 0.0025
171 172 0.003
173 172 0.0048
175 172 0.001
1049 172 0.0011
172 173 0.0048
170 174 0.003
175 174 0.0063
977 174 0.0209
171 175 0.0035
172 175 0.001
174 175 0.0063
171 176 0.0025
177 176 0.0026
533 176 0.0023
176 177 0.0026
179 178 0.0736
185 178 0.0105
793 178 0.0983
800 178 0.0114
178 179 0.0736
791 179 0.0245
823 179 0.0326
181 180 0.006
353 180 0.0042
824 180 0.0075
180 181 0.006
182 181 0.0021
183 181 0.0037
950 181 0.0116
181 182 0.0021
190 182 0.0095
1054 182 0.0138
1599 182 0.0435
181 183 0.0037
184 183 0.0013
355 183 0.0136
183 184 0.0013
1594 184 0.0411
1636 184 0.0788
178 185 0.0105
186 185 0.0018
187 185 0.0054
8 186 0.0059
185 186 0.0018
660 186 0.004
185 187 0.0054
188 187 0.0094
948 187 0.0032
187 188 0.0094
191 188 0.0058
662 188 0.0573
663 188 0.0317
663 189 0.043
946 189 0.0197
947 189 0.0282
12 190 0.0021
182 190 0.0095
1054 190 0.0144
188 191 0.0058
799 191 0.0041
800 191 0.0081
352 192 0.0077
636 192 0.0038
826 192 0.0873
636 193 0.0662
639 193 0.0092
1587 193 0.0013
195 194 0.0148
350 194 0.0977
641 194 0.0801
642 194 0.0107
194 195 0.0148
1 196 0.0049
583 196 0.0036
613 196 0.0095
1 197 0.0017
198 197 0.0032
613 197 0.0309
619 197 0.0284
197 198 0.0032
618 198 0.0016
892 198 0.0005
974 198 0.0035
617 199 0.0367
880 199 0.0227
1030 199 0.0095
591 200 0.0008
880 200 0.0514
1028 200 0.0118
206 201 0.001
604 201 0.0527
1028 201 0.0065
203 202 0.0104
608 202 0.0069
1027 202 0.0002
1331 202 0.0161
202 203 0.0104
204 203 0.0017
611 203 0.0007
203 204 0.0017
205 204 0.0021
1026 204 0.0002
1329 204 0.0011
204 205 0.0021
201 206 0.001
1302 206 0.0016
1305 206 0.0057
153 207 0.0021
208 207 0.0016
897 207 0.0043
1042 207 0.0016
207 208 0.0016
209 208 0.0015
210 208 0.0016
208 209 0.0015
208 210 0.0016
1 211 0.0157
212 211 0.0077
223 211 0.0019
1 212 0.0035
211 212 0.0077
223 212 0.0033
687 212 0.0335
214 213 0.0026
220 213 0.0018
688 213 0.0037
213 214 0.0026
215 214 0.0018
217 214 0.0033
581 214 0.0015
589 214 0.0069
214 215 0.0018
216 215 0.0007
1333 215 0.0023
215 216 0.0007
1341 216 0.0023
1344 216 0.0013
214 217 0.0033
218 217 0.0091
1327 217 0.0023
217 218 0.0091
1324 218 0.0045
1328 218 0.0017
1022 219 0.0079
1324 219 0.0049
1344 219 0.0004
213 220 0.0018
221 220 0.0028
1337 220 0.0008
220 221 0.0028
222 221 0.0055
1338 221 0.0013
221 222 0.0055
226 222 0.0017
227 222 0.0107
1340 222 0.003
211 223 0.0019
212 223 0.0033
231 223 0.0024
235 223 0.0215
580 223 0.0105
225 224 0.0035
235 224 0.0077
687 224 0.0035
224 225 0.0035
226 225 0.0024
1019 225 0.0047
222 226 0.0017
225 226 0.0024
227 226 0.0037
229 226 0.0036
222 227 0.0107
226 227 0.0037
228 227 0.0025
227 228 0.0025
1352 228 0.0246
1361 228 0.0005
1372 228 0.0076
226 229 0.0036
230 229 0.0058
239 229 0.0007
229 230 0.0058
240 230 0.0018
1356 230 0.0064
223 231 0.0024
316 231 0.0074
1013 231 0.0168
240 232 0.0036
312 232 0.0145
316 232 0.0214
1013 232 0.0563
234 233 0.0084
313 233 0.0028
870 233 0.0093
233 234 0.0084
863 234 0.0008
865 234 0.0101
1371 234 0.0011
1379 234 0.0015
223 235 0.0215
224 235 0.0077
236 235 0.0091
235 236 0.0091
238 237 0.0042
237 238 0.0042
239 238 0.041
1011 238 0.02
229 239 0.0007
238 239 0.041
240 239 0.0027
230 240 0.0018
232 240 0.0036
239 240 0.0027
241 240 0.0021
862 240 0.0034
240 241 0.0021
1 242 0.0138
286 242 0.019
1648 242 0.0299
244 243 0.0478
288 243 0.0292
831 243 0.0137
1648 243 0.0191
243 244 0.0478
700 244 0.0804
829 244 0.0152
1648 244 0.0142
246 245 0.0057
272 245 0.0108
695 245 0.0204
701 245 0.0318
245 246 0.0057
247 246 0.0071
266 246 0.001
842 246 0.0029
1055 246 0.007
246 247 0.0071
248 247 0.0114
842 247 0.0088
247 248 0.0114
249 248 0.0124
844 248 0.0051
248 249 0.0124
250 249 0.0076
849 249 0.0007
249 250 0.0076
268 250 0.0021
271 250 0.001
252 251 0.0202
258 251 0.0382
259 251 0.0245
696 251 0.0369
697 251 0.0655
251 252 0.0202
258 252 0.026
568 252 0.0107
570 252 0.0065
709 252 0.0249
317 253 0.007
712 253 0.0249
962 253 0.0309
255 254 0.019
314 254 0.0291
963 254 0.0363
254 255 0.019
307 255 0.0066
1015 255 0.0048
1018 255 0.0432
257 256 0.0132
1009 256 0.005
1018 256 0.0304
256 257 0.0132
298 257 0.0749
305 257 0.0032
871 257 0.021
251 258 0.0382
252 258 0.026
717 258 0.0244
251 259 0.0245
698 259 0.0184
699 259 0.0256
261 260 0.0134
846 260 0.003
1055 260 0.0198
260 261 0.0134
262 261 0.0094
318 261 0.0035
261 262 0.0094
263 262 0.0151
265 262 0.0011
262 263 0.0151
264 263 0.0049
850 263 0.0011
263 264 0.0049
1390 264 0.0056
1432 264 0.0208
1435 264 0.0052
262 265 0.0011
246 266 0.001
267 266 0.0011
851 266 0.0039
266 267 0.0011
250 268 0.0021
269 268 0.0037
270 268 0.004
268 269 0.0037
1478 269 0.0047
1487 269 0.0074
268 270 0.004
1430 270 0.0115
1437 270 0.0026
250 271 0.001
1003 271 0.0102
1530 271 0.0003
245 272 0.0108
273 272 0.0112
361 272 0.0133
272 273 0.0112
277 273 0.0184
1000 273 0.0002
993 274 0.0012
999 274 0.0129
1534 274 0.0039
276 275 0.007
1534 275 0.0168
1535 275 0.0063
275 276 0.007
1533 276 0.0017
1540 276 0.0014
273 277 0.0184
278 277 0.0105
841 277 0.0022
277 278 0.0105
837 278 0.0053
1005 278 0.0075
1006 278 0.0374
280 279 0.0063
833 279 0.0023
1008 279 0.0185
279 280 0.0063
281 280 0.0067
375 280 0.0023
280 281 0.0067
282 281 0.002
1004 281 0.0046
281 282 0.002
283 282 0.0053
994 282 0.0092
995 282 0.003
282 283 0.0053
284 283 0.0078
997 283 0.0106
283 284 0.0078
322 284 0.001
996 284 0.0175
1 285 0.0134
286 285 0.0225
292 285 0.0216
242 286 0.019
285 286 0.0225
1650 286 0.0747
288 287 0.1404
702 287 0.095
1649 287 0.0695
243 288 0.0292
287 288 0.1404
289 288 0.0112
831 288 0.051
288 289 0.0112
290 289 0.0081
707 289 0.0077
832 289 0.0596
289 290 0.0081
291 290 0.0069
1643 290 0.0105
290 291 0.0069
319 291 0.0055
766 291 0.0177
769 291 0.0028
285 292 0.0216
293 292 0.0189
783 292 0.0133
292 293 0.0189
294 293 0.0092
783 293 0.0701
293 294 0.0092
565 294 0.0109
782 294 0.0048
1643 294 0.0129
296 295 0.0173
295 296 0.0173
297 296 0.0463
749 296 0.0045
296 297 0.0463
749 297 0.0043
763 297 0.031
257 298 0.0749
299 298 0.0279
305 298 0.0087
863 298 0.0043
298 299 0.0279
300 299 0.0103
1379 299 0.0021
299 300 0.0103
301 300 0.0041
302 300 0.0301
866 300 0.0115
300 301 0.0041
1384 301 0.0062
1392 301 0.0063
300 302 0.0301
303 302 0.0148
1387 302 0.0007
302 303 0.0148
304 303 0.0031
1389 303 0.0006
303 304 0.0031
1411 304 0.0132
1412 304 0.0036
257 305 0.0032
298 305 0.0087
306 305 0.0008
1387 305 0.0009
305 306 0.0008
255 307 0.0066
308 307 0.007
855 307 0.0021
307 308 0.007
309 308 0.0049
311 308 0.0056
308 309 0.0049
310 309 0.0137
312 309 0.0035
856 309 0.0055
309 310 0.0137
308 311 0.0056
232 312 0.0145
309 312 0.0035
313 312 0.0169
233 313 0.0028
312 313 0.0169
859 313 0.004
254 314 0.0291
315 314 0.0147
580 314 0.0015
314 315 0.0147
316 315 0.0032
1010 315 0.0025
231 316 0.0074
232 316 0.0214
315 316 0.0032
1013 316 0.008
253 317 0.007
318 317 0.0024
966 317 0.0024
261 318 0.0035
317 318 0.0024
1538 318 0.0022
291 319 0.0055
320 319 0.0012
1066 319 0.0011
319 320 0.0012
378 320 0.0737
1064 320 0.0124
322 321 0.0482
367 321 0.0024
1064 321 0.0453
284 322 0.001
321 322 0.0482
323 322 0.0132
322 323 0.0132
380 323 0.0026
381 323 0.0025
325 324 0.0173
381 324 0.0018
998 324 0.0117
324 325 0.0173
326 325 0.0224
1550 325 0.0383
325 326 0.0224
1549 326 0.0148
1563 326 0.016
328 327 0.0416
774 327 0.0597
1057 327 0.0918
1060 327 0.0033
1067 327 0.0276
327 328 0.0416
329 328 0.0342
1061 328 0.0042
328 329 0.0342
330 329 0.0078
332 329 0.0057
335 329 0.0153
1652 329 0.0377
329 330 0.0078
331 330 0.0043
1070 330 0.0043
330 331 0.0043
329 332 0.0057
333 332 0.0561
334 332 0.0508
332 333 0.0561
332 334 0.0508
329 335 0.0153
336 335 0.0096
338 335 0.0033
335 336 0.0096
337 336 0.0085
1655 336 0.0123
336 337 0.0085
335 338 0.0033
340 339 0.0279
552 339 0.0026
553 339 0.0441
811 339 0.0402
339 340 0.0279
341 340 0.0128
1651 340 0.0706
340 341 0.0128
342 341 0.0103
634 341 0.0112
1651 341 0.0221
341 342 0.0103
344 343 0.0421
635 343 0.0021
739 343 0.046
343 344 0.0421
345 344 0.036
347 344 0.0067
344 345 0.036
389 345 0.0052
741 345 0.0212
644 346 0.0033
645 346 0.015
741 346 0.0202
344 347 0.0067
348 347 0.0104
351 347 0.0151
389 347 0.0051
347 348 0.0104
349 348 0.0077
389 348 0.0025
1576 348 0.0113
348 349 0.0077
350 349 0.0097
1578 349 0.0238
194 350 0.0977
349 350 0.0097
351 350 0.0062
347 351 0.0151
350 351 0.0062
352 351 0.0024
192 352 0.0077
351 352 0.0024
827 352 0.1057
180 353 0.0042
354 353 0.0027
355 353 0.0022
353 354 0.0027
183 355 0.0136
353 355 0.0022
356 355 0.0183
355 356 0.0183
358 357 0.0525
359 357 0.0181
360 357 0.0278
645 357 0.0061
357 358 0.0525
1568 358 0.088
1577 358 0.0337
357 359 0.0181
357 360 0.0278
1572 360 0.0191
1573 360 0.0458
272 361 0.0133
363 362 0.0021
362 363 0.0021
364 363 0.0044
786 363 0.0059
840 363 0.0059
363 364 0.0044
365 364 0.0122
369 364 0.0146
364 365 0.0122
366 365 0.0188
1539 365 0.0434
365 366 0.0188
321 367 0.0024
368 367 0.0021
1064 367 0.0006
367 368 0.0021
364 369 0.0146
370 369 0.0455
786 369 0.0037
369 370 0.0455
371 370 0.0379
836 370 0.0019
370 371 0.0379
372 371 0.0032
839 371 0.0024
371 372 0.0032
373 372 0.0178
375 372 0.0022
376 372 0.0111
372 373 0.0178
374 373 0.0088
375 373 0.0067
377 373 0.0184
373 374 0.0088
280 375 0.0023
372 375 0.0022
373 375 0.0067
372 376 0.0111
373 377 0.0184
320 378 0.0737
379 378 0.0031
1065 378 0.0007
378 379 0.0031
323 380 0.0026
323 381 0.0025
324 381 0.0018
382 381 0.0133
381 382 0.0133
383 382 0.0087
385 382 0.0422
382 383 0.0087
384 383 0.0132
1547 383 0.0045
383 384 0.0132
382 385 0.0422
386 385 0.0073
388 385 0.0104
385 386 0.0073
387 386 0.0444
998 386 0.0105
386 387 0.0444
388 387 0.0093
1541 387 0.0777
385 388 0.0104
387 388 0.0093
1546 388 0.0037
345 389 0.0052
347 389 0.0051
348 389 0.0025
72 390 0.013
126 390 0.0364
127 390 0.0104
1 391 0.0075
392 391 0.0262
968 391 0.0033
391 392 0.0262
393 392 0.0213
972 392 0.0022
392 393 0.0213
394 393 0.0015
684 393 0.005
393 394 0.0015
1 395 0.0123
396 395 0.0065
400 395 0.006
395 396 0.0065
397 396 0.0034
464 396 0.0476
396 397 0.0034
894 397 0.0056
895 397 0.0219
895 398 0.0285
400 399 0.0161
402 399 0.006
403 399 0.0152
407 399 0.0049
1 400 0.0037
395 400 0.006
399 400 0.0161
401 400 0.0629
400 401 0.0629
1 402 0.0077
399 402 0.006
468 402 0.019
399 403 0.0152
404 403 0.0399
462 403 0.012
403 404 0.0399
405 404 0.0105
1644 404 0.0066
404 405 0.0105
126 406 0.0033
407 406 0.0126
460 406 0.0033
399 407 0.0049
406 407 0.0126
408 407 0.0094
407 408 0.0094
409 408 0.0382
463 408 0.028
408 409 0.0382
410 409 0.0118
463 409 0.0307
409 410 0.0118
411 410 0.0078
412 410 0.0113
410 411 0.0078
410 412 0.0113
413 412 0.0132
461 412 0.0067
412 413 0.0132
155 414 0.0012
154 415 0.0019
152 416 0.0009
163 417 0.0186
418 417 0.004
419 417 0.0054
417 418 0.004
164 419 0.0021
169 419 0.0128
417 419 0.0054
91 420 0.0155
92 420 0.0115
421 420 0.0013
422 420 0.0295
420 421 0.0013
424 421 0.0041
426 421 0.0036
113 422 0.0075
420 422 0.0295
441 422 0.0049
76 423 0.0142
424 423 0.0043
975 423 0.0014
421 424 0.0041
423 424 0.0043
425 424 0.0226
976 424 0.0056
78 425 0.061
79 425 0.0242
424 425 0.0226
421 426 0.0036
427 426 0.0051
428 426 0.0037
426 427 0.0051
426 428 0.0037
114 429 0.0084
430 429 0.0034
900 429 0.0032
429 430 0.0034
431 430 0.0056
898 430 0.0028
430 431 0.0056
432 431 0.005
898 431 0.0042
431 432 0.005
111 433 0.0042
113 433 0.0037
434 433 0.004
433 434 0.004
435 434 0.0052
922 434 0.0019
434 435 0.0052
436 435 0.0053
439 435 0.0058
435 436 0.0053
437 436 0.0032
1239 436 0.0019
436 437 0.0032
438 437 0.0058
1238 437 0.0058
437 438 0.0058
435 439 0.0058
440 439 0.0015
907 439 0.0027
439 440 0.0015
112 441 0.0086
422 441 0.0049
442 441 0.019
111 442 0.0127
441 442 0.019
443 442 0.0254
442 443 0.0254
444 443 0.0059
680 443 0.0045
72 444 0.0381
106 444 0.0428
443 444 0.0059
446 444 0.0203
447 444 0.0153
71 445 0.0931
72 445 0.1556
446 445 0.184
71 446 0.1102
444 446 0.0203
445 446 0.184
447 446 0.021
104 447 0.0532
444 447 0.0153
446 447 0.021
448 447 0.0602
1 448 0.0098
71 448 0.0177
447 448 0.0602
107 449 0.0065
450 449 0.0057
451 449 0.0034
449 450 0.0057
449 451 0.0034
60 452 0.0075
453 452 0.0048
455 452 0.0085
452 453 0.0048
454 453 0.0037
471 453 0.0024
453 454 0.0037
452 455 0.0085
456 455 0.0039
987 455 0.0056
455 456 0.0039
1 457 0.0032
458 457 0.0077
934 457 0.0019
43 458 0.0123
44 458 0.0064
457 458 0.0077
459 458 0.0036
667 458 0.0063
1 459 0.0033
42 459 0.0093
458 459 0.0036
406 460 0.0033
461 460 0.011
1038 460 0.0025
412 461 0.0067
460 461 0.011
1039 461 0.0027
403 462 0.012
463 462 0.0057
464 462 0.0054
408 463 0.028
409 463 0.0307
462 463 0.0057
396 464 0.0476
462 464 0.0054
465 464 0.0091
464 465 0.0091
1 466 0.0151
1641 466 0.0197
1645 466 0.0533
468 467 0.0084
470 467 0.0025
1645 467 0.0351
402 468 0.019
467 468 0.0084
469 468 0.0053
468 469 0.0053
467 470 0.0025
453 471 0.0024
1 472 0.0025
473 472 0.0436
672 472 0.0057
1 473 0.0022
472 473 0.0436
474 473 0.0108
4 474 0.0027
473 474 0.0108
475 474 0.0033
476 474 0.0028
1646 474 0.0036
27 475 0.0094
474 475 0.0033
477 475 0.0729
991 475 0.0432
474 476 0.0028
475 477 0.0729
478 477 0.0203
935 477 0.0087
477 478 0.0203
479 478 0.0053
481 478 0.0125
478 479 0.0053
480 479 0.0152
483 479 0.0026
479 480 0.0152
29 481 0.0401
478 481 0.0125
482 481 0.0051
481 482 0.0051
479 483 0.0026
17 484 0.0044
485 484 0.0238
489 484 0.0308
484 485 0.0238
486 485 0.0048
487 485 0.0037
485 486 0.0048
485 487 0.0037
489 488 0.0138
484 489 0.0308
488 489 0.0138
490 489 0.0075
489 490 0.0075
2 491 0.0146
492 491 0.0111
821 491 0.0233
491 492 0.0111
493 492 0.0137
821 492 0.0087
492 493 0.0137
494 493 0.0038
819 493 0.0034
493 494 0.0038
495 494 0.008
822 494 0.0027
494 495 0.008
496 495 0.024
664 495 0.0073
495 496 0.024
497 496 0.0663
666 496 0.0138
7 497 0.0158
496 497 0.0663
658 497 0.0987
1 498 0.0048
499 498 0.0015
794 498 0.0027
498 499 0.0015
500 499 0.0045
507 499 0.0018
499 500 0.0045
501 500 0.0234
504 500 0.0034
798 500 0.0293
500 501 0.0234
502 501 0.0092
804 501 0.0135
501 502 0.0092
503 502 0.0057
662 502 0.0072
502 503 0.0057
504 503 0.0039
661 503 0.0037
500 504 0.0034
503 504 0.0039
508 504 0.0335
664 504 0.0115
506 505 0.009
508 505 0.0144
822 505 0.0046
1 506 0.0035
505 506 0.009
507 506 0.0068
499 507 0.0018
506 507 0.0068
508 507 0.001
504 508 0.0335
505 508 0.0144
507 508 0.001
64 509 0.0286
65 509 0.059
135 509 0.0014
510 509 0.004
509 510 0.004
511 510 0.0142
518 510 0.0011
1233 510 0.0012
510 511 0.0142
512 511 0.0026
513 511 0.0042
511 512 0.0026
517 512 0.0035
1222 512 0.001
511 513 0.0042
514 513 0.0033
516 513 0.0008
513 514 0.0033
515 514 0.0042
1220 514 0.0003
514 515 0.0042
1219 515 0.0021
1227 515 0.0011
56 516 0.0007
513 516 0.0008
1229 516 0.0018
512 517 0.0035
510 518 0.0011
79 519 0.0005
85 519 0.0016
541 519 0.0038
84 520 0.0012
521 520 0.0033
522 520 0.0028
520 521 0.0033
520 522 0.0028
83 523 0.001
524 523 0.0011
525 523 0.0062
523 524 0.0011
523 525 0.0062
86 526 0.0018
82 527 0.015
528 527 0.0007
529 527 0.0014
527 528 0.0007
527 529 0.0014
165 530 0.0024
531 530 0.0023
1040 530 0.0023
1041 530 0.0034
530 531 0.0023
532 531 0.0079
1242 531 0.0024
531 532 0.0079
1241 532 0.0009
1242 532 0.0044
1244 532 0.0006
176 533 0.0023
80 534 0.0021
81 535 0.0029
81 536 0.0183
82 536 0.0181
537 536 0.0034
536 537 0.0034
82 538 0.0009
83 539 0.0009
85 540 0.0018
519 541 0.0038
86 542 0.0596
543 542 0.001
544 542 0.0269
542 543 0.001
87 544 0.0121
542 544 0.0269
545 544 0.0008
544 545 0.0008
54 546 0.0009
55 546 0.0018
1187 546 0.0013
52 547 0.0242
548 547 0.0018
1184 547 0.0009
547 548 0.0018
549 548 0.0039
1204 548 0.0004
548 549 0.0039
51 550 0.0007
551 550 0.0009
1184 550 0.0019
550 551 0.0009
339 552 0.0026
339 553 0.0441
554 553 0.0066
1651 553 0.0385
553 554 0.0066
746 554 0.0025
747 554 0.0686
556 555 0.0157
557 555 0.0078
747 555 0.0073
756 555 0.0037
555 556 0.0157
555 557 0.0078
1 558 0.0073
559 558 0.0021
563 558 0.0191
558 559 0.0021
560 559 0.0021
566 559 0.006
559 560 0.0021
561 560 0.0157
562 560 0.0323
560 561 0.0157
560 562 0.0323
558 563 0.0191
564 563 0.0149
783 563 0.0402
563 564 0.0149
565 564 0.016
783 564 0.087
294 565 0.0109
564 565 0.016
566 565 0.0295
559 566 0.006
565 566 0.0295
567 566 0.0051
566 567 0.0051
252 568 0.0107
569 568 0.003
1056 568 0.0041
568 569 0.003
575 569 0.005
953 569 0.0111
954 569 0.0176
252 570 0.0065
571 570 0.0022
574 570 0.0403
570 571 0.0022
572 571 0.0377
960 571 0.0132
571 572 0.0377
573 572 0.0141
960 572 0.0192
572 573 0.0141
570 574 0.0403
575 574 0.0039
579 574 0.004
569 575 0.005
574 575 0.0039
576 575 0.0114
575 576 0.0114
577 576 0.011
954 576 0.0061
576 577 0.011
578 577 0.0177
955 577 0.0084
956 577 0.0072
960 577 0.0156
961 577 0.0025
577 578 0.0177
956 578 0.0068
959 578 0.0086
574 579 0.004
223 580 0.0105
314 580 0.0015
967 580 0.0022
214 581 0.0015
582 581 0.0031
1337 581 0.0102
581 582 0.0031
196 583 0.0036
584 583 0.005
586 583 0.0059
1031 583 0.0059
583 584 0.005
585 584 0.0023
596 584 0.0055
584 585 0.0023
583 586 0.0059
587 586 0.0154
597 586 0.0036
586 587 0.0154
588 587 0.0048
590 587 0.0112
587 588 0.0048
589 588 0.0072
590 588 0.0071
214 589 0.0069
588 589 0.0072
601 589 0.0048
587 590 0.0112
588 590 0.0071
591 590 0.0053
200 591 0.0008
590 591 0.0053
597 591 0.0111
600 591 0.0012
594 592 0.013
594 593 0.0157
592 594 0.013
593 594 0.0157
595 594 0.0039
594 595 0.0039
584 596 0.0055
597 596 0.0222
599 596 0.0046
586 597 0.0036
591 597 0.0111
596 597 0.0222
598 597 0.003
597 598 0.003
596 599 0.0046
591 600 0.0012
589 601 0.0048
602 601 0.0041
607 601 0.0033
601 602 0.0041
603 602 0.003
1020 602 0.0016
1021 602 0.0036
602 603 0.003
201 604 0.0527
605 604 0.0114
1331 604 0.0063
604 605 0.0114
606 605 0.0013
1025 605 0.0027
605 606 0.0013
601 607 0.0033
202 608 0.0069
609 608 0.0051
610 608 0.0009
608 609 0.0051
608 610 0.0009
1022 610 0.0007
1323 610 0.0008
203 611 0.0007
612 611 0.0014
1322 611 0.0004
611 612 0.0014
196 613 0.0095
197 613 0.0309
614 613 0.006
613 614 0.006
615 614 0.0045
1031 614 0.0125
614 615 0.0045
617 616 0.0206
619 616 0.0085
879 616 0.0029
199 617 0.0367
616 617 0.0206
1320 617 0.0005
198 618 0.0016
197 619 0.0284
616 619 0.0085
620 619 0.0036
619 620 0.0036
621 620 0.0125
628 620 0.0047
620 621 0.0125
622 621 0.0058
884 621 0.0024
621 622 0.0058
623 622 0.0103
630 622 0.0119
622 623 0.0103
624 623 0.0082
884 623 0.0067
623 624 0.0082
625 624 0.0067
626 624 0.0032
624 625 0.0067
626 625 0.0071
881 625 0.0156
624 626 0.0032
625 626 0.0071
627 626 0.0057
626 627 0.0057
1315 627 0.0032
1316 627 0.0018
620 628 0.0047
629 628 0.0031
630 628 0.0086
628 629 0.0031
622 630 0.0119
628 630 0.0086
1320 630 0.0011
156 631 0.0103
632 631 0.0005
886 631 0.0022
631 632 0.0005
1033 633 0.001
341 634 0.0112
635 634 0.0494
790 634 0.0492
343 635 0.0021
634 635 0.0494
790 635 0.0308
192 636 0.0038
193 636 0.0662
637 636 0.0022
636 637 0.0022
638 637 0.0089
1587 637 0.0046
637 638 0.0089
193 639 0.0092
640 639 0.0037
641 639 0.0599
639 640 0.0037
194 641 0.0801
639 641 0.0599
643 641 0.0071
1585 641 0.0038
194 642 0.0107
1581 642 0.0529
1597 642 0.0167
641 643 0.0071
1584 643 0.0145
1590 643 0.0976
1593 643 0.0105
346 644 0.0033
346 645 0.015
357 645 0.0061
646 645 0.0047
645 646 0.0047
6 647 0.0051
12 647 0.0737
648 647 0.0026
647 648 0.0026
12 649 0.0904
650 649 0.002
651 649 0.0211
649 650 0.002
649 651 0.0211
652 651 0.0033
653 651 0.1041
651 652 0.0033
13 653 0.0534
651 653 0.1041
654 653 0.0026
653 654 0.0026
7 655 0.0223
656 655 0.0057
657 655 0.0059
655 656 0.0057
655 657 0.0059
497 658 0.0987
659 658 0.0226
945 658 0.0142
658 659 0.0226
945 659 0.009
946 659 0.0076
947 659 0.0072
186 660 0.004
503 661 0.0037
662 661 0.0079
663 661 0.0041
188 662 0.0573
502 662 0.0072
661 662 0.0079
188 663 0.0317
189 663 0.043
661 663 0.0041
495 664 0.0073
504 664 0.0115
665 664 0.0262
664 665 0.0262
666 665 0.0215
946 665 0.0021
496 666 0.0138
665 666 0.0215
945 666 0.0098
458 667 0.0063
668 667 0.0131
671 667 0.0033
667 668 0.0131
669 668 0.0051
670 668 0.0098
45 669 0.0079
140 669 0.002
668 669 0.0051
668 670 0.0098
667 671 0.0033
472 672 0.0057
99 673 0.0052
674 673 0.0137
675 673 0.0069
673 674 0.0137
673 675 0.0069
105 676 0.0106
150 677 0.0019
150 678 0.0113
151 678 0.0205
679 678 0.0027
678 679 0.0027
73 680 0.0064
91 680 0.0065
443 680 0.0045
152 681 0.0016
169 682 0.0175
170 682 0.0018
683 682 0.0054
682 683 0.0054
393 684 0.005
685 684 0.0021
686 684 0.0026
684 685 0.0021
684 686 0.0026
212 687 0.0335
224 687 0.0035
688 687 0.0196
213 688 0.0037
687 688 0.0196
689 688 0.0078
688 689 0.0078
690 689 0.0027
691 689 0.0083
689 690 0.0027
689 691 0.0083
1 692 0.0122
693 692 0.0864
696 692 0.04
692 693 0.0864
694 693 0.0238
829 693 0.0329
693 694 0.0238
695 694 0.0415
830 694 0.0352
245 695 0.0204
694 695 0.0415
696 695 0.0186
251 696 0.0369
692 696 0.04
695 696 0.0186
697 696 0.0299
251 697 0.0655
696 697 0.0299
698 697 0.0553
259 698 0.0184
697 698 0.0553
699 698 0.0099
259 699 0.0256
698 699 0.0099
952 699 0.0194
244 700 0.0804
701 700 0.1279
830 700 0.0443
832 700 0.0291
245 701 0.0318
700 701 0.1279
784 701 0.0038
830 701 0.0441
287 702 0.095
703 702 0.0308
705 702 0.0075
702 703 0.0308
704 703 0.0315
706 703 0.0036
703 704 0.0315
702 705 0.0075
1643 705 0.0041
1650 705 0.0057
703 706 0.0036
289 707 0.0077
708 707 0.0021
784 707 0.0046
707 708 0.0021
252 709 0.0249
710 709 0.0028
712 709 0.0399
709 710 0.0028
720 710 0.0115
723 710 0.0176
713 711 0.0092
715 711 0.0386
723 711 0.0135
253 712 0.0249
709 712 0.0399
713 712 0.0039
711 713 0.0092
712 713 0.0039
714 713 0.0061
713 714 0.0061
1 715 0.0034
711 715 0.0386
721 715 0.0303
1 716 0.0131
717 716 0.0119
718 716 0.025
258 717 0.0244
716 717 0.0119
718 717 0.0124
716 718 0.025
717 718 0.0124
719 718 0.0937
718 719 0.0937
720 719 0.0037
722 719 0.0085
710 720 0.0115
719 720 0.0037
721 720 0.0511
715 721 0.0303
720 721 0.0511
723 721 0.0126
719 722 0.0085
710 723 0.0176
711 723 0.0135
721 723 0.0126
725 724 0.0024
733 724 0.0063
967 724 0.0073
724 725 0.0024
726 725 0.0086
727 725 0.0023
725 726 0.0086
725 727 0.0023
1 728 0.0073
729 728 0.0032
732 728 0.0013
728 729 0.0032
730 729 0.0638
731 729 0.0294
729 730 0.0638
729 731 0.0294
728 732 0.0013
1 733 0.0039
724 733 0.0063
734 733 0.0011
733 734 0.0011
736 735 0.0549
735 736 0.0549
743 736 0.03
745 736 0.0129
743 737 0.0018
744 738 0.0688
343 739 0.046
740 739 0.0061
744 739 0.032
739 740 0.0061
345 741 0.0212
346 741 0.0202
742 741 0.0076
741 742 0.0076
736 743 0.03
737 743 0.0018
744 743 0.0454
738 744 0.0688
739 744 0.032
743 744 0.0454
736 745 0.0129
554 746 0.0025
760 746 0.0032
762 746 0.005
554 747 0.0686
555 747 0.0073
748 747 0.0035
747 748 0.0035
296 749 0.0045
297 749 0.0043
750 749 0.0049
753 749 0.0093
749 750 0.0049
751 750 0.0028
776 750 0.0013
750 751 0.0028
752 751 0.0031
779 751 0.0071
751 752 0.0031
749 753 0.0093
754 753 0.0572
756 753 0.0206
753 754 0.0572
755 754 0.003
756 754 0.0128
757 754 0.004
754 755 0.003
555 756 0.0037
753 756 0.0206
754 756 0.0128
754 757 0.004
758 757 0.0031
760 757 0.0116
757 758 0.0031
759 758 0.0033
1579 758 0.0073
758 759 0.0033
746 760 0.0032
757 760 0.0116
761 760 0.0046
760 761 0.0046
746 762 0.005
297 763 0.031
764 763 0.006
765 763 0.0183
763 764 0.006
763 765 0.0183
291 766 0.0177
767 766 0.0173
1071 766 0.0188
766 767 0.0173
768 767 0.0035
772 767 0.0413
1580 767 0.0018
767 768 0.0035
291 769 0.0028
770 769 0.0026
771 769 0.0028
769 770 0.0026
769 771 0.0028
767 772 0.0413
773 772 0.0119
774 772 0.0105
772 773 0.0119
327 774 0.0597
772 774 0.0105
775 774 0.0018
1057 774 0.0595
774 775 0.0018
776 775 0.0062
777 775 0.0152
750 776 0.0013
775 776 0.0062
781 776 0.0084
775 777 0.0152
779 777 0.0026
781 777 0.0211
781 778 0.0032
751 779 0.0071
777 779 0.0026
780 779 0.0359
779 780 0.0359
776 781 0.0084
777 781 0.0211
778 781 0.0032
294 782 0.0048
292 783 0.0133
293 783 0.0701
563 783 0.0402
564 783 0.087
701 784 0.0038
707 784 0.0046
785 784 0.0042
784 785 0.0042
363 786 0.0059
369 786 0.0037
787 786 0.0126
786 787 0.0126
1 788 0.0115
791 788 0.0062
805 788 0.0081
790 789 0.0248
805 789 0.0057
808 789 0.0204
634 790 0.0492
635 790 0.0308
789 790 0.0248
808 790 0.0094
179 791 0.0245
788 791 0.0062
793 791 0.0347
793 792 0.0051
178 793 0.0983
791 793 0.0347
792 793 0.0051
794 793 0.0154
795 793 0.0397
498 794 0.0027
793 794 0.0154
797 794 0.0104
1 795 0.0058
793 795 0.0397
796 795 0.0538
795 796 0.0538
794 797 0.0104
500 798 0.0293
799 798 0.0396
801 798 0.0062
802 798 0.0225
803 798 0.0141
191 799 0.0041
798 799 0.0396
800 799 0.0055
178 800 0.0114
191 800 0.0081
799 800 0.0055
798 801 0.0062
798 802 0.0225
798 803 0.0141
501 804 0.0135
788 805 0.0081
789 805 0.0057
806 805 0.0175
805 806 0.0175
807 806 0.0102
810 806 0.0818
806 807 0.0102
808 807 0.0102
810 807 0.0208
789 808 0.0204
790 808 0.0094
807 808 0.0102
1 809 0.0065
810 809 0.0092
811 809 0.0758
806 810 0.0818
807 810 0.0208
809 810 0.0092
339 811 0.0402
809 811 0.0758
812 811 0.1299
818 811 0.0466
1 812 0.0053
811 812 0.1299
813 812 0.0077
818 812 0.0436
812 813 0.0077
814 813 0.0107
815 813 0.03
813 814 0.0107
813 815 0.03
816 815 0.0035
817 815 0.0118
815 816 0.0035
815 817 0.0118
1 818 0.0071
811 818 0.0466
812 818 0.0436
3 819 0.0048
493 819 0.0034
820 819 0.0014
819 820 0.0014
1 821 0.0145
491 821 0.0233
492 821 0.0087
822 821 0.0011
494 822 0.0027
505 822 0.0046
821 822 0.0011
179 823 0.0326
824 823 0.0685
826 823 0.0508
180 824 0.0075
823 824 0.0685
825 824 0.0018
824 825 0.0018
192 826 0.0873
823 826 0.0508
827 826 0.0027
352 827 0.1057
826 827 0.0027
828 827 0.0208
827 828 0.0208
244 829 0.0152
693 829 0.0329
830 829 0.015
694 830 0.0352
700 830 0.0443
701 830 0.0441
829 830 0.015
243 831 0.0137
288 831 0.051
832 831 0.1597
289 832 0.0596
700 832 0.0291
831 832 0.1597
279 833 0.0023
834 833 0.0041
836 833 0.0039
833 834 0.0041
835 834 0.0013
836 834 0.002
834 835 0.0013
370 836 0.0019
833 836 0.0039
834 836 0.002
278 837 0.0053
838 837 0.001
1008 837 0.0118
837 838 0.001
371 839 0.0024
363 840 0.0059
277 841 0.0022
246 842 0.0029
247 842 0.0088
843 842 0.005
848 842 0.0066
842 843 0.005
844 843 0.0178
846 843 0.0112
248 844 0.0051
843 844 0.0178
845 844 0.0217
854 844 0.0031
844 845 0.0217
260 846 0.003
843 846 0.0112
847 846 0.0033
846 847 0.0033
842 848 0.0066
249 849 0.0007
263 850 0.0011
266 851 0.0039
852 851 0.0008
853 851 0.0022
851 852 0.0008
851 853 0.0022
844 854 0.0031
307 855 0.0021
309 856 0.0055
857 856 0.0052
858 856 0.0056
856 857 0.0052
856 858 0.0056
313 859 0.004
860 859 0.0017
861 859 0.0031
859 860 0.0017
859 861 0.0031
240 862 0.0034
234 863 0.0008
298 863 0.0043
864 863 0.0043
863 864 0.0043
234 865 0.0101
870 865 0.004
1365 865 0.0038
1371 865 0.0015
300 866 0.0115
867 866 0.0032
869 866 0.0017
866 867 0.0032
868 867 0.0039
869 867 0.008
867 868 0.0039
866 869 0.0017
867 869 0.008
1373 869 0.0064
233 870 0.0093
865 870 0.004
1364 870 0.0052
257 871 0.021
873 871 0.0011
874 871 0.0036
874 872 0.0029
871 873 0.0011
871 874 0.0036
872 874 0.0029
875 874 0.0022
874 875 0.0022
1 876 0.0047
877 876 0.0027
878 876 0.0056
876 877 0.0027
876 878 0.0056
616 879 0.0029
199 880 0.0227
200 880 0.0514
1303 880 0.0007
625 881 0.0156
882 881 0.0017
883 881 0.0042
881 882 0.0017
892 882 0.0006
1310 882 0.0093
881 883 0.0042
621 884 0.0024
623 884 0.0067
885 884 0.0042
884 885 0.0042
631 886 0.0022
887 886 0.0012
888 886 0.0085
886 887 0.0012
157 888 0.0058
886 888 0.0085
889 888 0.0019
888 889 0.0019
160 890 0.0006
161 891 0.0032
198 892 0.0005
882 892 0.0006
893 892 0.0089
892 893 0.0089
397 894 0.0056
397 895 0.0219
398 895 0.0285
896 895 0.0057
895 896 0.0057
207 897 0.0043
430 898 0.0028
431 898 0.0042
899 898 0.0094
898 899 0.0094
429 900 0.0032
110 901 0.0024
902 901 0.0416
905 901 0.0044
901 902 0.0416
903 902 0.0153
906 902 0.0026
123 903 0.0274
902 903 0.0153
904 903 0.0074
62 904 0.0158
123 904 0.0034
903 904 0.0074
901 905 0.0044
902 906 0.0026
439 907 0.0027
109 908 0.0024
108 909 0.0022
100 910 0.0096
101 910 0.013
1050 910 0.011
61 911 0.0227
100 911 0.0131
101 911 0.0029
116 912 0.0016
94 913 0.0011
98 914 0.0012
115 915 0.0012
94 916 0.0398
917 916 0.0206
918 916 0.0026
95 917 0.0276
916 917 0.0206
919 917 0.001
916 918 0.0026
917 919 0.001
95 920 0.0033
124 921 0.0012
434 922 0.0019
131 923 0.0123
924 923 0.0021
927 923 0.0139
923 924 0.0021
925 924 0.0054
929 924 0.0123
924 925 0.0054
926 925 0.0069
929 925 0.004
925 926 0.0069
47 927 0.0578
923 927 0.0139
928 927 0.0013
927 928 0.0013
924 929 0.0123
925 929 0.004
1237 929 0.0005
49 930 0.0014
48 931 0.0173
932 931 0.0007
933 931 0.0021
931 932 0.0007
931 933 0.0021
457 934 0.0019
477 935 0.0087
46 936 0.0006
13 937 0.0021
13 938 0.0248
14 938 0.0223
939 938 0.0074
938 939 0.0074
940 939 0.0043
943 939 0.0047
939 940 0.0043
941 940 0.002
942 940 0.0021
940 941 0.002
940 942 0.0021
14 943 0.0044
939 943 0.0047
944 943 0.012
943 944 0.012
1107 944 0.0016
1119 944 0.0054
658 945 0.0142
659 945 0.009
666 945 0.0098
189 946 0.0197
659 946 0.0076
665 946 0.0021
189 947 0.0282
659 947 0.0072
948 947 0.0078
187 948 0.0032
947 948 0.0078
949 948 0.0124
948 949 0.0124
181 950 0.0116
8 951 0.0077
699 952 0.0194
953 952 0.014
1055 952 0.0104
569 953 0.0111
952 953 0.014
957 953 0.0046
569 954 0.0176
576 954 0.0061
955 954 0.0202
577 955 0.0084
954 955 0.0202
956 955 0.0181
577 956 0.0072
578 956 0.0068
955 956 0.0181
957 956 0.0349
953 957 0.0046
956 957 0.0349
958 957 0.0057
957 958 0.0057
578 959 0.0086
571 960 0.0132
572 960 0.0192
577 960 0.0156
577 961 0.0025
253 962 0.0309
963 962 0.0765
964 962 0.0017
254 963 0.0363
962 963 0.0765
965 963 0.0032
962 964 0.0017
963 965 0.0032
317 966 0.0024
1 967 0.0052
580 967 0.0022
724 967 0.0073
1 968 0.0046
391 968 0.0033
969 968 0.0164
1 969 0.0051
968 969 0.0164
970 969 0.0119
969 970 0.0119
971 970 0.0027
972 970 0.0184
970 971 0.0027
392 972 0.0022
970 972 0.0184
973 972 0.0092
972 973 0.0092
198 974 0.0035
423 975 0.0014
424 976 0.0056
78 977 0.0028
174 977 0.0209
978 977 0.0023
977 978 0.0023
132 979 0.01
980 979 0.0012
982 979 0.0049
979 980 0.0012
981 980 0.0082
984 980 0.0026
980 981 0.0082
979 982 0.0049
983 982 0.0031
986 982 0.0062
982 983 0.0031
131 984 0.004
980 984 0.0026
985 984 0.0019
984 985 0.0019
982 986 0.0062
58 987 0.0032
59 987 0.0033
455 987 0.0056
57 988 0.008
989 988 0.0034
990 988 0.0053
988 989 0.0034
988 990 0.0053
28 991 0.0089
475 991 0.0432
992 991 0.005
991 992 0.005
274 993 0.0012
282 994 0.0092
282 995 0.003
284 996 0.0175
283 997 0.0106
324 998 0.0117
386 998 0.0105
1541 998 0.0086
1550 998 0.0113
1553 998 0.0027
274 999 0.0129
273 1000 0.0002
1001 1000 0.0017
1002 1000 0.002
1000 1001 0.0017
1000 1002 0.002
271 1003 0.0102
281 1004 0.0046
278 1005 0.0075
278 1006 0.0374
1007 1006 0.007
1008 1006 0.0845
1006 1007 0.007
279 1008 0.0185
837 1008 0.0118
1006 1008 0.0845
256 1009 0.005
315 1010 0.0025
238 1011 0.02
1012 1011 0.003
1013 1011 0.0025
1014 1011 0.0024
1011 1012 0.003
231 1013 0.0168
232 1013 0.0563
316 1013 0.008
1011 1013 0.0025
1011 1014 0.0024
255 1015 0.0048
1016 1015 0.0072
1017 1015 0.0097
1015 1016 0.0072
1015 1017 0.0097
255 1018 0.0432
256 1018 0.0304
1537 1018 0.0015
225 1019 0.0047
602 1020 0.0016
602 1021 0.0036
1022 1021 0.0018
1024 1021 0.0027
219 1022 0.0079
610 1022 0.0007
1021 1022 0.0018
1023 1022 0.0014
1022 1023 0.0014
1021 1024 0.0027
605 1025 0.0027
204 1026 0.0002
202 1027 0.0002
200 1028 0.0118
201 1028 0.0065
1029 1028 0.0056
1028 1029 0.0056
199 1030 0.0095
583 1031 0.0059
614 1031 0.0125
1032 1031 0.0041
1031 1032 0.0041
633 1033 0.001
1034 1033 0.0045
1036 1033 0.0063
1033 1034 0.0045
156 1035 0.0053
1033 1036 0.0063
154 1037 0.0037
153 1038 0.0125
460 1038 0.0025
1039 1038 0.0326
154 1039 0.0139
461 1039 0.0027
1038 1039 0.0326
530 1040 0.0023
165 1041 0.0074
166 1041 0.0043
530 1041 0.0034
207 1042 0.0016
129 1043 0.0261
1044 1043 0.0041
1045 1043 0.0101
1043 1044 0.0041
1043 1045 0.0101
127 1046 0.0249
1047 1046 0.0157
1048 1046 0.0103
74 1047 0.0089
1046 1047 0.0157
1048 1047 0.0133
75 1048 0.01
1046 1048 0.0103
1047 1048 0.0133
172 1049 0.0011
910 1050 0.011
36 1051 0.0201
145 1052 0.0078
30 1053 0.0015
13 1054 0.0037
182 1054 0.0138
190 1054 0.0144
1599 1054 0.0137
246 1055 0.007
260 1055 0.0198
952 1055 0.0104
568 1056 0.0041
327 1057 0.0918
774 1057 0.0595
1058 1057 0.004
1059 1057 0.0071
1057 1058 0.004
1057 1059 0.0071
327 1060 0.0033
328 1061 0.0042
1062 1061 0.0037
1063 1061 0.0106
1061 1062 0.0037
1061 1063 0.0106
320 1064 0.0124
321 1064 0.0453
367 1064 0.0006
378 1065 0.0007
319 1066 0.0011
327 1067 0.0276
1068 1067 0.0021
1069 1067 0.0036
