2 1 0.0128
3 1 0.0119
4 1 0.0115
5 1 0.0111
7 1 0.0088
16 1 0.0097
33 1 0.0101
36 1 0.0059
116 1 0.0042
150 1 0.0079
152 1 0.0085
153 1 0.0108
155 1 0.0114
159 1 0.002
168 1 0.0011
169 1 0.0066
175 1 0.0022
387 1 0.0003
483 1 0.0044
579 1 0.0141
674 1 0.007
1 2 0.0128
22 2 0.0148
33 2 0.035
38 2 0.0069
1 3 0.0119
40 3 0.0327
41 3 0.0084
1 4 0.0115
1 5 0.0111
11 5 0.0579
19 5 0.068
593 5 0.004
9 6 0.0083
113 6 0.0071
672 6 0.0417
1 7 0.0088
8 7 0.0053
9 7 0.0137
7 8 0.0053
115 8 0.1145
671 8 0.0363
6 9 0.0083
7 9 0.0137
196 9 0.002
91 10 0.0021
196 10 0.0014
506 10 0.0017
5 11 0.0579
17 11 0.0067
18 11 0.0235
13 12 0.0142
14 12 0.008
15 12 0.1411
16 12 0.018
12 13 0.0142
14 13 0.0111
17 13 0.0206
18 13 0.0375
12 14 0.008
13 14 0.0111
42 14 0.0019
12 15 0.1411
55 15 0.0021
483 15 0.0212
1 16 0.0097
12 16 0.018
19 16 0.1069
11 17 0.0067
13 17 0.0206
42 17 0.0017
11 18 0.0235
13 18 0.0375
19 18 0.0656
5 19 0.068
16 19 0.1069
18 19 0.0656
672 20 0.0035
22 21 0.0697
23 21 0.0104
33 21 0.0465
2 22 0.0148
21 22 0.0697
23 22 0.0534
21 23 0.0104
22 23 0.0534
24 23 0.0326
28 23 0.012
23 24 0.0326
29 24 0.0115
30 24 0.0065
681 24 0.0273
26 25 0.0226
181 25 0.0077
681 25 0.0544
25 26 0.0226
27 26 0.0652
184 26 0.0029
26 27 0.0652
29 27 0.0374
30 27 0.0344
31 27 0.0521
23 28 0.012
181 28 0.0026
681 28 0.0064
24 29 0.0115
27 29 0.0374
681 29 0.0271
24 30 0.0065
27 30 0.0344
31 30 0.0322
32 30 0.0151
190 30 0.0068
27 31 0.0521
30 31 0.0322
32 31 0.0171
30 32 0.0151
31 32 0.0171
74 32 0.0337
1 33 0.0101
2 33 0.035
21 33 0.0465
593 34 0.0554
595 34 0.0414
596 34 0.0329
89 35 0.0116
102 35 0.003
103 35 0.0201
253 35 0.0243
594 35 0.0045
1 36 0.0059
37 36 0.0412
40 36 0.0178
36 37 0.0412
38 37 0.0071
41 37 0.0174
2 38 0.0069
37 38 0.0071
39 38 0.0244
38 39 0.0244
3 40 0.0327
36 40 0.0178
41 40 0.0103
3 41 0.0084
37 41 0.0174
40 41 0.0103
72 41 0.0026
14 42 0.0019
17 42 0.0017
43 42 0.0022
46 42 0.0048
191 42 0.0036
42 43 0.0022
44 43 0.0041
45 43 0.0018
593 43 0.0024
43 44 0.0041
43 45 0.0018
42 46 0.0048
47 46 0.0062
48 46 0.0034
46 47 0.0062
87 47 0.008
88 47 0.0016
395 47 0.0113
46 48 0.0034
50 48 0.0018
592 48 0.0013
89 49 0.0012
484 49 0.0028
600 49 0.0024
48 50 0.0018
484 50 0.0111
597 50 0.0045
597 51 0.009
592 52 0.0013
592 53 0.0041
592 54 0.0189
15 55 0.0021
58 55 0.002
197 55 0.0102
198 55 0.0057
197 56 0.0149
198 56 0.0553
401 56 0.003
624 56 0.0034
61 57 0.0006
62 57 0.0038
192 57 0.0062
55 58 0.002
59 58 0.0036
60 58 0.0019
279 58 0.0012
283 58 0.0017
58 59 0.0036
58 60 0.0019
57 61 0.0006
57 62 0.0038
63 62 0.0159
283 62 0.0145
62 63 0.0159
69 63 0.0227
282 63 0.0076
65 64 0.0042
282 64 0.0101
606 64 0.001
64 65 0.0042
531 65 0.003
532 65 0.0033
69 66 0.0403
287 66 0.0016
670 66 0.0042
69 67 0.0028
588 68 0.0017
63 69 0.0227
66 69 0.0403
67 69 0.0028
71 69 0.0042
590 70 0.0034
591 70 0.0014
670 70 0.0106
69 71 0.0042
294 71 0.002
670 71 0.0185
41 72 0.0026
73 72 0.0112
94 72 0.0025
72 73 0.0112
94 73 0.0157
226 73 0.0528
32 74 0.0337
75 74 0.0196
83 74 0.0284
221 74 0.0103
222 74 0.0151
74 75 0.0196
76 75 0.0801
222 75 0.0182
75 76 0.0801
77 76 0.0162
82 76 0.0197
98 76 0.005
76 77 0.0162
81 77 0.0238
235 77 0.004
79 78 0.0033
80 78 0.0091
101 78 0.0078
235 78 0.0301
78 79 0.0033
78 80 0.0091
81 80 0.0237
264 80 0.0208
510 80 0.0044
604 80 0.0156
77 81 0.0238
80 81 0.0237
82 81 0.0281
602 81 0.0019
76 82 0.0197
81 82 0.0281
83 82 0.0294
74 83 0.0284
82 83 0.0294
187 83 0.0067
220 84 0.0064
221 85 0.0031
223 85 0.002
258 85 0.0033
225 86 0.0207
226 86 0.0116
595 86 0.0039
47 87 0.008
395 87 0.009
596 87 0.074
47 88 0.0016
35 89 0.0116
49 89 0.0012
395 89 0.0087
594 89 0.0071
596 89 0.0227
254 90 0.0129
263 90 0.1074
594 90 0.0313
10 91 0.0021
92 91 0.0012
93 91 0.0026
91 92 0.0012
302 92 0.0015
304 92 0.0077
658 92 0.0018
664 92 0.0013
667 92 0.001
91 93 0.0026
72 94 0.0025
73 94 0.0157
95 94 0.0177
223 94 0.0086
94 95 0.0177
96 95 0.0231
248 95 0.0149
252 95 0.0017
95 96 0.0231
242 96 0.0163
246 96 0.0035
99 97 0.007
248 97 0.0281
255 97 0.0125
76 98 0.005
222 98 0.0143
235 98 0.0099
236 98 0.0601
239 98 0.0776
243 98 0.078
97 99 0.007
238 99 0.0519
242 99 0.0374
244 99 0.019
249 99 0.0073
250 100 0.0228
78 101 0.0078
236 101 0.0282
244 101 0.0055
510 101 0.0065
35 102 0.003
103 102 0.0039
225 102 0.0071
35 103 0.0201
102 103 0.0039
596 103 0.0074
401 104 0.015
506 104 0.0043
666 104 0.0537
506 105 0.0045
306 106 0.0089
309 106 0.007
628 106 0.0124
646 106 0.0199
216 107 0.0053
301 107 0.0049
630 107 0.007
637 107 0.0051
639 107 0.0065
631 108 0.0038
637 108 0.0044
638 108 0.0155
630 109 0.0085
634 109 0.0019
652 109 0.0037
639 110 0.0065
668 110 0.0165
669 110 0.0124
112 111 0.009
401 111 0.0064
402 111 0.0074
111 112 0.009
402 112 0.0127
637 112 0.0034
638 112 0.004
6 113 0.0071
195 113 0.0051
196 113 0.033
116 114 0.005
125 114 0.0058
128 114 0.0196
8 115 0.1145
116 115 0.104
118 115 0.0048
1 116 0.0042
114 116 0.005
115 116 0.104
320 116 0.0257
147 117 0.0331
148 117 0.0098
320 117 0.0313
675 117 0.0025
115 118 0.0048
145 118 0.0014
146 118 0.0117
120 119 0.0083
130 119 0.0023
132 119 0.0028
146 119 0.0716
119 120 0.0083
135 120 0.0033
139 120 0.001
143 121 0.0057
144 121 0.0161
312 121 0.0004
123 122 0.0026
124 122 0.0026
130 122 0.0052
122 123 0.0026
122 124 0.0026
114 125 0.0058
126 125 0.0018
131 125 0.0024
125 126 0.0018
127 126 0.0094
321 126 0.0012
126 127 0.0094
114 128 0.0196
130 129 0.0043
119 130 0.0023
122 130 0.0052
129 130 0.0043
125 131 0.0024
334 131 0.0022
335 131 0.0018
336 131 0.0023
119 132 0.0028
133 132 0.0129
134 132 0.0056
132 133 0.0129
132 134 0.0056
120 135 0.0033
136 135 0.0044
212 135 0.0013
135 136 0.0044
137 136 0.0034
138 136 0.0042
136 137 0.0034
136 138 0.0042
120 139 0.001
662 140 0.0007
142 141 0.0433
143 141 0.0077
671 141 0.0033
141 142 0.0433
144 142 0.004
145 142 0.0048
121 143 0.0057
141 143 0.0077
144 143 0.0167
121 144 0.0161
142 144 0.004
143 144 0.0167
316 144 0.002
118 145 0.0014
142 145 0.0048
146 145 0.0027
118 146 0.0117
119 146 0.0716
145 146 0.0027
117 147 0.0331
148 147 0.0302
675 147 0.0017
117 148 0.0098
147 148 0.0302
328 148 0.004
322 149 0.0017
326 149 0.0082
328 149 0.0148
329 149 0.0023
1 150 0.0079
204 151 0.0052
205 151 0.0043
320 151 0.006
674 151 0.0073
1 152 0.0085
155 152 0.0217
207 152 0.0038
211 152 0.0119
1 153 0.0108
154 153 0.0139
673 153 0.0464
153 154 0.0139
206 154 0.0077
673 154 0.0398
1 155 0.0114
152 155 0.0217
156 155 0.016
155 156 0.016
208 156 0.0044
211 156 0.0017
580 157 0.0006
164 158 0.0126
1 159 0.002
160 159 0.0137
505 159 0.0067
159 160 0.0137
364 160 0.0002
366 160 0.0002
367 160 0.0049
505 160 0.0067
162 161 0.0048
165 161 0.0039
367 161 0.0104
161 162 0.0048
167 162 0.0003
367 162 0.0149
164 163 0.0016
375 163 0.0009
505 163 0.0038
158 164 0.0126
163 164 0.0016
376 164 0.0005
580 164 0.0013
161 165 0.0039
373 165 0.0007
374 165 0.0015
370 166 0.0007
371 166 0.001
373 166 0.0018
162 167 0.0003
368 167 0.0023
369 167 0.0014
459 167 0.0007
1 168 0.0011
1 169 0.0066
170 169 0.0009
171 169 0.0471
169 170 0.0009
169 171 0.0471
172 171 0.0018
175 171 0.0046
171 172 0.0018
173 172 0.0196
176 172 0.0066
183 172 0.0018
172 173 0.0196
174 173 0.0144
182 173 0.0456
173 174 0.0144
175 174 0.0501
182 174 0.0222
1 175 0.0022
171 175 0.0046
174 175 0.0501
172 176 0.0066
177 176 0.0003
180 176 0.0063
176 177 0.0003
363 177 0.0001
365 177 0.0004
179 178 0.0032
344 178 0.0019
357 178 0.0238
359 178 0.0006
178 179 0.0032
344 179 0.0022
357 179 0.0009
176 180 0.0063
347 180 0.0049
348 180 0.0021
349 180 0.0071
25 181 0.0077
28 181 0.0026
182 181 0.0195
338 181 0.0025
173 182 0.0456
174 182 0.0222
181 182 0.0195
337 182 0.0632
172 183 0.0018
26 184 0.0029
185 184 0.0159
186 184 0.0011
228 184 0.0036
184 185 0.0159
228 185 0.0088
229 185 0.0097
230 185 0.0247
184 186 0.0011
83 187 0.0067
189 187 0.0025
602 187 0.0112
189 188 0.0017
234 188 0.0073
510 188 0.0131
603 188 0.0141
604 188 0.003
187 189 0.0025
188 189 0.0017
602 189 0.0106
603 189 0.0151
30 190 0.0068
42 191 0.0036
280 191 0.0015
281 191 0.0026
57 192 0.0062
193 192 0.0027
198 192 0.0249
192 193 0.0027
625 194 0.0105
629 194 0.0059
667 194 0.0032
113 195 0.0051
9 196 0.002
10 196 0.0014
113 196 0.033
55 197 0.0102
56 197 0.0149
199 197 0.0029
483 197 0.0041
55 198 0.0057
56 198 0.0553
192 198 0.0249
197 199 0.0029
624 200 0.0183
506 201 0.0018
624 202 0.01
675 203 0.0051
151 204 0.0052
151 205 0.0043
154 206 0.0077
152 207 0.0038
379 207 0.003
576 207 0.0009
156 208 0.0044
211 208 0.0589
486 208 0.0022
211 209 0.0031
381 209 0.0093
382 209 0.0101
382 210 0.003
392 210 0.0053
486 210 0.0159
152 211 0.0119
156 211 0.0017
208 211 0.0589
209 211 0.0031
135 212 0.0013
220 213 0.0103
221 213 0.0094
223 213 0.0126
671 214 0.0092
671 215 0.0077
107 216 0.0053
625 216 0.0183
666 216 0.0084
505 217 0.004
263 218 0.0387
275 218 0.0129
599 218 0.0175
220 219 0.0607
84 220 0.0064
213 220 0.0103
219 220 0.0607
221 220 0.0422
74 221 0.0103
85 221 0.0031
213 221 0.0094
220 221 0.0422
222 221 0.0143
74 222 0.0151
75 222 0.0182
98 222 0.0143
221 222 0.0143
85 223 0.002
94 223 0.0086
213 223 0.0126
224 223 0.009
258 223 0.0064
223 224 0.009
225 224 0.0663
247 224 0.0055
86 225 0.0207
102 225 0.0071
224 225 0.0663
226 225 0.0197
73 226 0.0528
86 226 0.0116
225 226 0.0197
593 226 0.0036
261 227 0.0731
275 227 0.0156
510 227 0.0142
184 228 0.0036
185 228 0.0088
229 228 0.0083
185 229 0.0097
228 229 0.0083
230 229 0.0302
232 229 0.0021
185 230 0.0247
229 230 0.0302
268 230 0.002
265 231 0.0022
270 231 0.0107
680 231 0.0
229 232 0.0021
233 232 0.0125
266 232 0.0026
267 232 0.0038
232 233 0.0125
234 233 0.0003
267 233 0.0121
188 234 0.0073
233 234 0.0003
510 234 0.0131
77 235 0.004
78 235 0.0301
98 235 0.0099
98 236 0.0601
101 236 0.0282
237 236 0.0179
236 237 0.0179
238 237 0.0227
244 237 0.0249
99 238 0.0519
237 238 0.0227
239 238 0.0072
98 239 0.0776
238 239 0.0072
240 239 0.0455
239 240 0.0455
241 240 0.0191
243 240 0.0169
240 241 0.0191
242 241 0.0727
246 241 0.0173
96 242 0.0163
99 242 0.0374
241 242 0.0727
248 242 0.015
98 243 0.078
240 243 0.0169
245 243 0.0501
99 244 0.019
101 244 0.0055
237 244 0.0249
257 244 0.0099
243 245 0.0501
246 245 0.0114
258 245 0.0046
259 245 0.0041
96 246 0.0035
241 246 0.0173
245 246 0.0114
259 246 0.0023
224 247 0.0055
258 247 0.0062
259 247 0.0145
95 248 0.0149
97 248 0.0281
242 248 0.015
249 248 0.006
99 249 0.0073
248 249 0.006
255 249 0.038
256 249 0.0228
100 250 0.0228
251 250 0.1055
252 250 0.0141
255 250 0.0108
250 251 0.1055
254 251 0.0221
260 251 0.0654
95 252 0.0017
250 252 0.0141
253 252 0.114
35 253 0.0243
252 253 0.114
254 253 0.0221
90 254 0.0129
251 254 0.0221
253 254 0.0221
97 255 0.0125
249 255 0.038
250 255 0.0108
256 255 0.041
249 256 0.0228
255 256 0.041
257 256 0.0346
244 257 0.0099
256 257 0.0346
510 257 0.0021
85 258 0.0033
223 258 0.0064
245 258 0.0046
247 258 0.0062
259 258 0.012
245 259 0.0041
246 259 0.0023
247 259 0.0145
258 259 0.012
251 260 0.0654
261 260 0.126
262 260 0.0212
227 261 0.0731
260 261 0.126
262 261 0.021
260 262 0.0212
261 262 0.021
263 262 0.1796
90 263 0.1074
218 263 0.0387
262 263 0.1796
80 264 0.0208
231 265 0.0022
268 265 0.0123
269 265 0.0057
232 266 0.0026
432 266 0.0044
437 266 0.0054
232 267 0.0038
233 267 0.0121
429 267 0.0007
230 268 0.002
265 268 0.0123
269 268 0.0048
265 269 0.0057
268 269 0.0048
270 269 0.0069
231 270 0.0107
269 270 0.0069
437 270 0.0006
601 271 0.0027
600 272 0.0039
600 273 0.0038
601 274 0.0026
218 275 0.0129
227 275 0.0156
510 275 0.0164
278 276 0.0012
278 277 0.0031
276 278 0.0012
277 278 0.0031
597 278 0.0049
58 279 0.0012
191 280 0.0015
191 281 0.0026
63 282 0.0076
64 282 0.0101
283 282 0.0073
58 283 0.0017
62 283 0.0145
282 283 0.0073
605 284 0.0036
531 285 0.0035
532 286 0.0058
533 286 0.0074
534 286 0.0053
66 287 0.0016
588 287 0.0518
589 287 0.0049
590 287 0.0047
289 288 0.0026
292 288 0.0031
293 288 0.0023
588 288 0.0113
288 289 0.0026
291 290 0.004
607 290 0.0058
608 290 0.0053
290 291 0.004
605 291 0.0038
607 291 0.018
288 292 0.0031
288 293 0.0023
71 294 0.002
296 294 0.0008
591 294 0.008
591 295 0.0028
294 296 0.0008
297 296 0.0068
402 296 0.0064
296 297 0.0068
403 297 0.0359
621 297 0.0237
650 298 0.0039
635 299 0.0068
403 300 0.0094
417 300 0.0139
425 300 0.0001
107 301 0.0049
627 301 0.0034
640 301 0.0031
92 302 0.0015
629 302 0.0079
657 302 0.0082
658 303 0.0036
664 303 0.0039
665 303 0.0086
92 304 0.0077
418 305 0.0037
423 305 0.0123
645 305 0.0015
106 306 0.0089
307 306 0.0031
646 306 0.0102
656 306 0.0148
306 307 0.0031
309 307 0.0028
310 307 0.0019
656 308 0.0005
106 309 0.007
307 309 0.0028
659 309 0.0018
661 309 0.004
307 310 0.0019
654 311 0.0021
121 312 0.0004
313 312 0.0036
664 312 0.0007
312 313 0.0036
314 313 0.0079
315 313 0.0104
313 314 0.0079
659 314 0.0007
660 314 0.002
313 315 0.0104
318 315 0.0024
660 315 0.002
144 316 0.002
318 316 0.0009
319 316 0.0028
319 317 0.001
315 318 0.0024
316 318 0.0009
663 318 0.0101
316 319 0.0028
317 319 0.001
662 319 0.0015
116 320 0.0257
117 320 0.0313
151 320 0.006
126 321 0.0012
149 322 0.0017
323 322 0.0084
574 322 0.0075
322 323 0.0084
325 323 0.0027
574 323 0.0241
574 324 0.0015
323 325 0.0027
149 326 0.0082
327 326 0.0029
332 326 0.0003
326 327 0.0029
330 327 0.0041
331 327 0.003
148 328 0.004
149 328 0.0148
573 328 0.0011
149 329 0.0023
327 330 0.0041
327 331 0.003
326 332 0.0003
333 332 0.0039
575 332 0.0017
332 333 0.0039
131 334 0.0022
131 335 0.0018
131 336 0.0023
182 337 0.0632
338 337 0.0151
339 337 0.0058
181 338 0.0025
337 338 0.0151
342 338 0.0025
337 339 0.0058
340 339 0.0155
341 339 0.0172
339 340 0.0155
339 341 0.0172
338 342 0.0025
343 342 0.0007
350 342 0.0006
342 343 0.0007
350 343 0.0026
351 343 0.0025
352 343 0.0076
178 344 0.0019
179 344 0.0022
345 344 0.0008
344 345 0.0008
346 345 0.001
348 345 0.003
349 345 0.0351
345 346 0.001
347 346 0.0041
356 346 0.0007
180 347 0.0049
346 347 0.0041
348 347 0.0096
350 347 0.0017
351 347 0.0029
180 348 0.0021
345 348 0.003
347 348 0.0096
349 348 0.0111
180 349 0.0071
345 349 0.0351
348 349 0.0111
342 350 0.0006
343 350 0.0026
347 350 0.0017
343 351 0.0025
347 351 0.0029
352 351 0.006
343 352 0.0076
351 352 0.006
353 352 0.0077
352 353 0.0077
354 353 0.0011
355 353 0.0001
353 354 0.0011
353 355 0.0001
346 356 0.0007
178 357 0.0238
179 357 0.0009
475 357 0.0014
475 358 0.0013
178 359 0.0006
360 359 0.0
467 359 0.0012
359 360 0.0
361 360 0.0013
466 360 0.0015
467 360 0.0016
360 361 0.0013
467 362 0.0024
468 362 0.0008
473 362 0.0002
177 363 0.0001
160 364 0.0002
177 365 0.0004
160 366 0.0002
160 367 0.0049
161 367 0.0104
162 367 0.0149
167 368 0.0023
462 368 0.0037
465 368 0.0048
167 369 0.0014
166 370 0.0007
166 371 0.001
373 372 0.0017
165 373 0.0007
166 373 0.0018
372 373 0.0017
165 374 0.0015
163 375 0.0009
164 376 0.0005
580 377 0.0023
580 378 0.0046
207 379 0.003
380 379 0.0027
387 379 0.003
379 380 0.0027
384 380 0.002
386 380 0.0119
387 380 0.0022
209 381 0.0093
382 381 0.0204
383 381 0.0029
209 382 0.0101
210 382 0.003
381 382 0.0204
383 382 0.0059
381 383 0.0029
382 383 0.0059
676 383 0.0046
380 384 0.002
677 385 0.0028
380 386 0.0119
426 386 0.0037
485 386 0.0271
1 387 0.0003
379 387 0.003
380 387 0.0022
389 388 0.0071
392 388 0.0201
678 388 0.0304
388 389 0.0071
390 389 0.0189
391 389 0.0007
389 390 0.0189
389 391 0.0007
210 392 0.0053
388 392 0.0201
393 392 0.0036
392 393 0.0036
394 393 0.0105
486 393 0.001
678 393 0.0064
393 394 0.0105
573 394 0.0037
678 394 0.0057
47 395 0.0113
87 395 0.009
89 395 0.0087
484 395 0.0018
596 395 0.0097
397 396 0.001
398 396 0.0013
475 396 0.0076
396 397 0.001
396 398 0.0013
534 399 0.0111
533 400 0.004
56 401 0.003
104 401 0.015
111 401 0.0064
624 401 0.0049
111 402 0.0074
112 402 0.0127
296 402 0.0064
297 403 0.0359
300 403 0.0094
404 403 0.0259
621 403 0.073
403 404 0.0259
405 404 0.0017
407 404 0.0077
622 404 0.0091
623 404 0.008
404 405 0.0017
621 406 0.0043
404 407 0.0077
408 407 0.0504
414 407 0.0053
407 408 0.0504
409 408 0.0111
415 408 0.0213
408 409 0.0111
410 409 0.0026
413 409 0.001
409 410 0.0026
411 410 0.0011
412 410 0.0018
410 411 0.0011
410 412 0.0018
409 413 0.001
407 414 0.0053
408 415 0.0213
417 416 0.0049
300 417 0.0139
416 417 0.0049
425 417 0.0003
305 418 0.0037
419 418 0.0024
422 418 0.0023
418 419 0.0024
420 419 0.0053
421 419 0.0083
419 420 0.0053
419 421 0.0083
418 422 0.0023
305 423 0.0123
424 423 0.0077
425 423 0.0035
656 423 0.0011
423 424 0.0077
300 425 0.0001
417 425 0.0003
423 425 0.0035
386 426 0.0037
427 426 0.0024
428 426 0.0022
426 427 0.0024
426 428 0.0022
267 429 0.0007
430 429 0.002
431 429 0.0013
429 430 0.002
429 431 0.0013
266 432 0.0044
433 432 0.0262
445 432 0.0013
432 433 0.0262
434 433 0.0105
457 433 0.0015
433 434 0.0105
435 434 0.0114
436 434 0.0036
434 435 0.0114
476 435 0.0006
553 435 0.0006
434 436 0.0036
266 437 0.0054
270 437 0.0006
438 437 0.0001
437 438 0.0001
439 438 0.0008
440 438 0.0054
438 439 0.0008
438 440 0.0054
441 440 0.0001
442 440 0.0005
440 441 0.0001
440 442 0.0005
443 442 0.0005
444 442 0.0005
442 443 0.0005
442 444 0.0005
432 445 0.0013
446 445 0.0091
456 445 0.0003
445 446 0.0091
447 446 0.0055
455 446 0.0003
446 447 0.0055
448 447 0.0007
451 447 0.0005
447 448 0.0007
449 448 0.0003
450 448 0.001
448 449 0.0003
448 450 0.001
447 451 0.0005
452 451 0.0007
453 451 0.0006
454 451 0.0003
451 452 0.0007
451 453 0.0006
451 454 0.0003
446 455 0.0003
445 456 0.0003
433 457 0.0015
458 457 0.0006
581 457 0.001
457 458 0.0006
167 459 0.0007
460 459 0.0064
461 459 0.0012
459 460 0.0064
459 461 0.0012
368 462 0.0037
463 462 0.0018
464 462 0.0024
462 463 0.0018
462 464 0.0024
368 465 0.0048
360 466 0.0015
473 466 0.0005
474 466 0.0005
359 467 0.0012
360 467 0.0016
362 467 0.0024
362 468 0.0008
469 468 0.0008
472 468 0.0008
468 469 0.0008
471 469 0.0007
679 469 0.0014
679 470 0.0006
469 471 0.0007
468 472 0.0008
362 473 0.0002
466 473 0.0005
679 473 0.0025
466 474 0.0005
357 475 0.0014
358 475 0.0013
396 475 0.0076
435 476 0.0006
477 476 0.0048
562 476 0.0004
476 477 0.0048
478 477 0.0029
480 477 0.0019
477 478 0.0029
482 478 0.0003
581 478 0.0025
581 479 0.0017
477 480 0.0019
481 480 0.0027
612 480 0.0017
480 481 0.0027
586 481 0.002
611 481 0.0017
478 482 0.0003
1 483 0.0044
15 483 0.0212
197 483 0.0041
672 483 0.0248
49 484 0.0028
50 484 0.0111
395 484 0.0018
597 484 0.0074
386 485 0.0271
676 485 0.0046
677 485 0.0063
208 486 0.0022
210 486 0.0159
393 486 0.001
488 487 0.0143
490 487 0.0048
573 487 0.0042
487 488 0.0143
489 488 0.0046
494 488 0.0038
499 488 0.0031
502 488 0.0043
488 489 0.0046
490 489 0.0161
491 489 0.0074
487 490 0.0048
489 490 0.0161
575 490 0.0008
489 491 0.0074
492 491 0.0083
493 491 0.0145
491 492 0.0083
491 493 0.0145
488 494 0.0038
495 494 0.0136
496 494 0.0136
497 494 0.0131
498 494 0.0079
494 495 0.0136
494 496 0.0136
494 497 0.0131
494 498 0.0079
488 499 0.0031
500 499 0.0057
501 499 0.0103
499 500 0.0057
499 501 0.0103
488 502 0.0043
503 502 0.0011
504 502 0.0053
502 503 0.0011
502 504 0.0053
159 505 0.0067
160 505 0.0067
163 505 0.0038
217 505 0.004
10 506 0.0017
104 506 0.0043
105 506 0.0045
201 506 0.0018
667 506 0.0274
510 507 0.0166
512 507 0.001
513 507 0.0128
510 508 0.0149
516 508 0.0089
523 508 0.0092
510 509 0.0138
526 509 0.0007
527 509 0.0003
528 509 0.0027
80 510 0.0044
101 510 0.0065
188 510 0.0131
227 510 0.0142
234 510 0.0131
257 510 0.0021
275 510 0.0164
507 510 0.0166
508 510 0.0149
509 510 0.0138
511 510 0.0005
604 510 0.0144
510 511 0.0005
507 512 0.001
507 513 0.0128
514 513 0.0039
515 513 0.0026
513 514 0.0039
513 515 0.0026
508 516 0.0089
517 516 0.0017
518 516 0.0183
516 517 0.0017
516 518 0.0183
519 518 0.0008
520 518 0.009
518 519 0.0008
518 520 0.009
521 520 0.0014
522 520 0.0015
523 520 0.0333
520 521 0.0014
520 522 0.0015
539 522 0.0041
542 522 0.0016
546 522 0.0058
508 523 0.0092
520 523 0.0333
524 523 0.005
523 524 0.005
525 524 0.0034
539 524 0.0018
524 525 0.0034
535 525 0.0049
538 525 0.0045
539 525 0.0154
540 525 0.0033
509 526 0.0007
509 527 0.0003
509 528 0.0027
529 528 0.0134
530 528 0.0027
528 529 0.0134
528 530 0.0027
531 530 0.0014
534 530 0.0013
65 531 0.003
285 531 0.0035
530 531 0.0014
532 531 0.0036
65 532 0.0033
286 532 0.0058
531 532 0.0036
286 533 0.0074
400 533 0.004
534 533 0.0028
286 534 0.0053
399 534 0.0111
530 534 0.0013
533 534 0.0028
525 535 0.0049
536 535 0.0062
537 535 0.0019
535 536 0.0062
535 537 0.0019
525 538 0.0045
619 538 0.0031
620 538 0.0037
522 539 0.0041
524 539 0.0018
525 539 0.0154
540 539 0.005
545 539 0.0017
525 540 0.0033
539 540 0.005
541 540 0.0027
540 541 0.0027
522 542 0.0016
543 542 0.001
544 542 0.0008
542 543 0.001
542 544 0.0008
539 545 0.0017
522 546 0.0058
547 546 0.008
552 546 0.0016
546 547 0.008
548 547 0.0062
613 547 0.0014
547 548 0.0062
549 548 0.0011
550 548 0.0015
614 548 0.0005
617 548 0.0013
548 549 0.0011
548 550 0.0015
569 551 0.0004
587 551 0.006
613 551 0.0024
546 552 0.0016
583 552 0.0046
617 552 0.0013
435 553 0.0006
554 553 0.0004
555 553 0.0027
556 553 0.0035
561 553 0.0055
553 554 0.0004
553 555 0.0027
553 556 0.0035
557 556 0.003
561 556 0.013
565 556 0.0014
571 556 0.0003
556 557 0.003
558 557 0.0012
572 557 0.0011
613 557 0.0003
557 558 0.0012
559 558 0.0016
560 558 0.0021
558 559 0.0016
558 560 0.0021
553 561 0.0055
556 561 0.013
562 561 0.0013
564 561 0.0016
476 562 0.0004
561 562 0.0013
563 562 0.0014
564 562 0.0056
562 563 0.0014
561 564 0.0016
562 564 0.0056
616 564 0.0015
556 565 0.0014
566 565 0.0043
569 565 0.0018
565 566 0.0043
567 566 0.0012
568 566 0.0021
566 567 0.0012
566 568 0.0021
551 569 0.0004
565 569 0.0018
570 569 0.0005
569 570 0.0005
556 571 0.0003
557 572 0.0011
328 573 0.0011
394 573 0.0037
487 573 0.0042
322 574 0.0075
323 574 0.0241
324 574 0.0015
575 574 0.0018
332 575 0.0017
490 575 0.0008
574 575 0.0018
207 576 0.0009
577 576 0.0011
578 576 0.0011
576 577 0.0011
576 578 0.0011
1 579 0.0141
157 580 0.0006
164 580 0.0013
377 580 0.0023
378 580 0.0046
457 581 0.001
478 581 0.0025
479 581 0.0017
582 581 0.0013
581 582 0.0013
552 583 0.0046
584 583 0.0021
585 583 0.0021
583 584 0.0021
583 585 0.0021
481 586 0.002
551 587 0.006
68 588 0.0017
287 588 0.0518
288 588 0.0113
589 588 0.0075
605 588 0.0008
287 589 0.0049
588 589 0.0075
590 589 0.005
70 590 0.0034
287 590 0.0047
589 590 0.005
70 591 0.0014
294 591 0.008
295 591 0.0028
48 592 0.0013
52 592 0.0013
53 592 0.0041
54 592 0.0189
5 593 0.004
34 593 0.0554
43 593 0.0024
226 593 0.0036
35 594 0.0045
89 594 0.0071
90 594 0.0313
598 594 0.0077
34 595 0.0414
86 595 0.0039
596 595 0.0506
34 596 0.0329
87 596 0.074
89 596 0.0227
103 596 0.0074
395 596 0.0097
595 596 0.0506
50 597 0.0045
51 597 0.009
278 597 0.0049
484 597 0.0074
594 598 0.0077
599 598 0.0107
600 598 0.0154
601 598 0.0057
218 599 0.0175
598 599 0.0107
601 599 0.0382
49 600 0.0024
272 600 0.0039
273 600 0.0038
598 600 0.0154
271 601 0.0027
274 601 0.0026
598 601 0.0057
599 601 0.0382
81 602 0.0019
187 602 0.0112
189 602 0.0106
603 602 0.0074
188 603 0.0141
189 603 0.0151
602 603 0.0074
80 604 0.0156
188 604 0.003
510 604 0.0144
284 605 0.0036
291 605 0.0038
588 605 0.0008
64 606 0.001
290 607 0.0058
291 607 0.018
609 607 0.0019
610 607 0.0033
290 608 0.0053
607 609 0.0019
607 610 0.0033
481 611 0.0017
480 612 0.0017
547 613 0.0014
551 613 0.0024
557 613 0.0003
614 613 0.0011
548 614 0.0005
613 614 0.0011
615 614 0.0013
614 615 0.0013
564 616 0.0015
548 617 0.0013
552 617 0.0013
618 617 0.001
617 618 0.001
538 619 0.0031
538 620 0.0037
297 621 0.0237
403 621 0.073
406 621 0.0043
404 622 0.0091
404 623 0.008
56 624 0.0034
200 624 0.0183
202 624 0.01
401 624 0.0049
194 625 0.0105
216 625 0.0183
626 625 0.0059
625 626 0.0059
627 626 0.0152
629 626 0.0374
301 627 0.0034
626 627 0.0152
628 627 0.0078
106 628 0.0124
627 628 0.0078
641 628 0.007
194 629 0.0059
302 629 0.0079
626 629 0.0374
107 630 0.007
109 630 0.0085
631 630 0.0043
108 631 0.0038
630 631 0.0043
632 631 0.01
631 632 0.01
633 632 0.0065
650 632 0.009
632 633 0.0065
635 633 0.0054
649 633 0.0037
650 633 0.0121
109 634 0.0019
635 634 0.0055
636 634 0.0034
299 635 0.0068
633 635 0.0054
634 635 0.0055
647 635 0.0019
648 635 0.0018
634 636 0.0034
107 637 0.0051
108 637 0.0044
112 637 0.0034
638 637 0.0055
108 638 0.0155
112 638 0.004
637 638 0.0055
107 639 0.0065
110 639 0.0065
640 639 0.0002
301 640 0.0031
639 640 0.0002
641 640 0.0146
643 640 0.0046
628 641 0.007
640 641 0.0146
642 641 0.0029
641 642 0.0029
643 642 0.008
644 642 0.0032
640 643 0.0046
642 643 0.008
644 643 0.0037
642 644 0.0032
643 644 0.0037
645 644 0.0092
305 645 0.0015
644 645 0.0092
646 645 0.0203
655 645 0.0039
106 646 0.0199
306 646 0.0102
645 646 0.0203
635 647 0.0019
635 648 0.0018
633 649 0.0037
298 650 0.0039
632 650 0.009
633 650 0.0121
651 650 0.0039
650 651 0.0039
109 652 0.0037
653 652 0.0031
668 652 0.0097
652 653 0.0031
654 653 0.0041
655 653 0.0078
311 654 0.0021
653 654 0.0041
655 654 0.0082
645 655 0.0039
653 655 0.0078
654 655 0.0082
668 655 0.0045
306 656 0.0148
308 656 0.0005
423 656 0.0011
302 657 0.0082
658 657 0.0026
659 657 0.0026
92 658 0.0018
303 658 0.0036
657 658 0.0026
659 658 0.0031
309 659 0.0018
314 659 0.0007
657 659 0.0026
658 659 0.0031
314 660 0.002
315 660 0.002
661 660 0.0067
309 661 0.004
660 661 0.0067
663 661 0.0025
140 662 0.0007
319 662 0.0015
663 662 0.0022
318 663 0.0101
661 663 0.0025
662 663 0.0022
92 664 0.0013
303 664 0.0039
312 664 0.0007
303 665 0.0086
104 666 0.0537
216 666 0.0084
667 666 0.0038
92 667 0.001
194 667 0.0032
506 667 0.0274
666 667 0.0038
110 668 0.0165
652 668 0.0097
655 668 0.0045
110 669 0.0124
66 670 0.0042
70 670 0.0106
71 670 0.0185
8 671 0.0363
141 671 0.0033
214 671 0.0092
215 671 0.0077
6 672 0.0417
20 672 0.0035
483 672 0.0248
153 673 0.0464
154 673 0.0398
674 673 0.0656
1 674 0.007
151 674 0.0073
673 674 0.0656
117 675 0.0025
147 675 0.0017
203 675 0.0051
383 676 0.0046
485 676 0.0046
677 676 0.0039
385 677 0.0028
485 677 0.0063
676 677 0.0039
388 678 0.0304
393 678 0.0064
394 678 0.0057
469 679 0.0014
470 679 0.0006
473 679 0.0025
231 680 0.0
24 681 0.0273
25 681 0.0544
28 681 0.0064
29 681 0.0271
