2 1 0.0029
7 1 0.0132
19 1 0.0021
1 2 0.0029
3 2 0.0051
72 2 0.0036
2 3 0.0051
4 3 0.0035
5 3 0.0086
3 4 0.0035
233 4 0.007
1694 4 0.0087
3 5 0.0086
6 5 0.0079
11 5 0.0073
5 6 0.0079
1 7 0.0132
8 7 0.01
10 7 0.0049
19 7 0.0026
7 8 0.01
9 8 0.0015
10 8 0.0082
12 8 0.0071
8 9 0.0015
7 10 0.0049
8 10 0.0082
11 10 0.0036
5 11 0.0073
10 11 0.0036
1694 11 0.0026
8 12 0.0071
13 12 0.008
17 12 0.0176
1710 12 0.0794
12 13 0.008
70 13 0.0026
1704 13 0.0042
373 14 0.01
374 14 0.0221
1703 14 0.0672
17 15 0.0157
19 15 0.0121
20 15 0.0021
19 16 0.0484
26 16 0.0623
43 16 0.0487
12 17 0.0176
15 17 0.0157
1710 17 0.0165
31 18 0.003
34 18 0.0074
373 18 0.0222
1702 18 0.0342
1 19 0.0021
7 19 0.0026
15 19 0.0121
16 19 0.0484
87 19 0.0552
15 20 0.0021
21 20 0.0111
24 20 0.0167
20 21 0.0111
22 21 0.0098
1710 21 0.0131
21 22 0.0098
23 22 0.0032
24 22 0.002
22 23 0.0032
20 24 0.0167
22 24 0.002
25 24 0.0101
24 25 0.0101
16 26 0.0623
43 26 0.0457
45 26 0.0086
1706 26 0.0157
28 27 0.0147
32 27 0.0028
1706 27 0.0674
1707 27 0.0532
27 28 0.0147
29 28 0.0552
1670 28 0.0055
1707 28 0.0947
28 29 0.0552
30 29 0.0551
46 29 0.0591
29 30 0.0551
31 30 0.0453
46 30 0.0169
1670 30 0.0348
1708 30 0.0705
1709 30 0.0766
18 31 0.003
30 31 0.0453
32 31 0.0065
33 31 0.007
1670 31 0.0409
27 32 0.0028
31 32 0.0065
33 32 0.0071
31 33 0.007
32 33 0.0071
34 33 0.0071
18 34 0.0074
33 34 0.0071
373 34 0.0168
387 34 0.0081
389 34 0.0568
54 35 0.0133
266 35 0.0103
1672 35 0.0056
51 36 0.0065
264 36 0.0152
1672 36 0.0066
38 37 0.0101
43 37 0.0049
264 37 0.0048
37 38 0.0101
39 38 0.016
44 38 0.0113
1711 38 0.0084
38 39 0.016
40 39 0.0071
46 39 0.0025
39 40 0.0071
41 40 0.0042
45 40 0.0046
49 40 0.0083
1711 40 0.009
40 41 0.0042
42 41 0.0039
47 41 0.0026
41 42 0.0039
46 42 0.0087
1708 42 0.0073
16 43 0.0487
26 43 0.0457
37 43 0.0049
44 43 0.0029
38 44 0.0113
43 44 0.0029
45 44 0.0186
26 45 0.0086
40 45 0.0046
44 45 0.0186
29 46 0.0591
30 46 0.0169
39 46 0.0025
42 46 0.0087
41 47 0.0026
48 47 0.0148
50 47 0.0123
881 47 0.0173
47 48 0.0148
40 49 0.0083
50 49 0.002
52 49 0.0141
47 50 0.0123
49 50 0.002
60 50 0.0104
61 50 0.0106
879 50 0.0147
36 51 0.0065
52 51 0.0701
59 51 0.0275
1711 51 0.0317
49 52 0.0141
51 52 0.0701
53 52 0.0045
52 53 0.0045
859 53 0.0145
863 53 0.032
880 53 0.0622
35 54 0.0133
55 54 0.0031
58 54 0.0037
54 55 0.0031
56 55 0.0041
62 55 0.0068
55 56 0.0041
57 56 0.0037
62 56 0.0084
56 57 0.0037
54 58 0.0037
59 58 0.0056
64 58 0.0157
51 59 0.0275
58 59 0.0056
60 59 0.0091
50 60 0.0104
59 60 0.0091
61 60 0.0308
50 61 0.0106
60 61 0.0308
880 61 0.0368
55 62 0.0068
56 62 0.0084
63 62 0.0042
62 63 0.0042
861 63 0.0057
862 63 0.0036
58 64 0.0157
65 64 0.0025
859 64 0.0013
64 65 0.0025
250 66 0.002
1688 66 0.0581
1696 66 0.1059
1698 66 0.0152
68 67 0.0067
375 67 0.0049
381 67 0.0088
1703 67 0.0084
1704 67 0.0262
67 68 0.0067
69 68 0.0013
381 68 0.0259
68 69 0.0013
253 69 0.0045
370 69 0.0069
377 69 0.0015
13 70 0.0026
71 70 0.0542
1700 70 0.0139
1701 70 0.0213
1704 70 0.153
70 71 0.0542
253 71 0.0032
1705 71 0.0445
2 72 0.0036
73 72 0.0048
76 72 0.0027
72 73 0.0048
74 73 0.0335
82 73 0.0103
233 73 0.0384
73 74 0.0335
77 74 0.0321
236 74 0.002
1680 74 0.0343
76 75 0.006
79 75 0.0084
264 75 0.0026
72 76 0.0027
75 76 0.006
77 76 0.0025
74 77 0.0321
76 77 0.0025
78 77 0.0334
82 77 0.1268
83 77 0.0329
77 78 0.0334
220 78 0.0041
236 78 0.0033
75 79 0.0084
80 79 0.0039
84 79 0.0036
79 80 0.0039
81 80 0.0047
82 80 0.0073
80 81 0.0047
73 82 0.0103
77 82 0.1268
80 82 0.0073
77 83 0.0329
218 83 0.0047
232 83 0.0197
248 83 0.0097
79 84 0.0036
85 84 0.0034
135 84 0.0279
232 84 0.0129
84 85 0.0034
86 85 0.0238
232 85 0.0204
85 86 0.0238
201 86 0.0032
204 86 0.0025
247 86 0.0044
19 87 0.0552
88 87 0.0068
264 87 0.0283
87 88 0.0068
89 88 0.0021
92 88 0.0059
88 89 0.0021
90 89 0.0113
91 89 0.0028
89 90 0.0113
89 91 0.0028
88 92 0.0059
94 93 0.015
98 93 0.0118
1672 93 0.012
93 94 0.015
95 94 0.032
98 94 0.0106
103 94 0.073
94 95 0.032
96 95 0.0925
99 95 0.0238
95 96 0.0925
97 96 0.0256
99 96 0.0167
104 96 0.0022
96 97 0.0256
101 97 0.0183
105 97 0.0095
180 97 0.002
93 98 0.0118
94 98 0.0106
99 98 0.0129
95 99 0.0238
96 99 0.0167
98 99 0.0129
101 100 0.0215
97 101 0.0183
100 101 0.0215
102 101 0.0091
101 102 0.0091
94 103 0.073
96 104 0.0022
97 105 0.0095
106 105 0.0065
170 105 0.0012
105 106 0.0065
108 107 0.0172
407 107 0.0036
1672 107 0.0135
107 108 0.0172
110 109 0.0041
109 110 0.0041
111 110 0.092
177 110 0.0026
110 111 0.092
112 111 0.0065
178 111 0.0155
111 112 0.0065
119 113 0.0056
122 114 0.0103
129 114 0.0017
130 114 0.004
168 114 0.002
116 115 0.0009
163 115 0.0497
166 115 0.0013
167 115 0.0006
1672 115 0.0125
115 116 0.0009
119 117 0.0035
121 118 0.0066
125 118 0.0034
1672 118 0.0158
113 119 0.0056
117 119 0.0035
120 119 0.0185
126 119 0.0023
175 119 0.0027
119 120 0.0185
118 121 0.0066
114 122 0.0103
123 122 0.0155
126 122 0.0021
122 123 0.0155
125 123 0.0105
130 123 0.0056
1672 124 0.0038
118 125 0.0034
123 125 0.0105
126 125 0.0024
119 126 0.0023
122 126 0.0021
125 126 0.0024
127 126 0.0022
126 127 0.0022
129 128 0.0271
114 129 0.0017
128 129 0.0271
130 129 0.0176
114 130 0.004
123 130 0.0056
129 130 0.0176
132 131 0.0242
158 131 0.014
265 131 0.0838
131 132 0.0242
133 132 0.0057
1683 132 0.0388
132 133 0.0057
134 133 0.0023
1681 133 0.0039
133 134 0.0023
135 134 0.0342
265 134 0.0013
84 135 0.0279
134 135 0.0342
136 135 0.0039
1686 135 0.0237
135 136 0.0039
137 136 0.0139
161 136 0.0027
136 137 0.0139
161 137 0.0023
201 137 0.0262
154 138 0.016
231 138 0.0133
1681 138 0.0194
1684 138 0.0097
1685 138 0.0168
140 139 0.0117
155 139 0.0076
161 139 0.0085
139 140 0.0117
141 140 0.0043
231 140 0.0319
140 141 0.0043
143 142 0.0126
146 142 0.0047
162 142 0.0073
1735 142 0.0236
142 143 0.0126
144 143 0.0049
146 143 0.007
163 143 0.0054
143 144 0.0049
145 144 0.0037
164 144 0.0037
165 144 0.0018
144 145 0.0037
147 145 0.0114
191 145 0.0084
142 146 0.0047
143 146 0.007
147 146 0.0037
145 147 0.0114
146 147 0.0037
148 147 0.0136
200 147 0.0127
147 148 0.0136
149 148 0.0129
150 148 0.021
148 149 0.0129
196 149 0.0141
199 149 0.0026
148 150 0.021
151 150 0.0043
206 150 0.0033
150 151 0.0043
152 151 0.0048
153 151 0.0016
161 151 0.0026
151 152 0.0048
202 152 0.008
205 152 0.006
151 153 0.0016
247 153 0.0028
248 153 0.0014
138 154 0.016
155 154 0.0062
231 154 0.0069
1683 154 0.0326
139 155 0.0076
154 155 0.0062
156 155 0.0094
155 156 0.0094
157 156 0.0094
161 156 0.005
156 157 0.0094
131 158 0.014
159 158 0.0548
1735 158 0.0386
158 159 0.0548
160 159 0.0208
1735 159 0.0659
1736 159 0.0551
159 160 0.0208
191 160 0.0008
200 160 0.0239
1736 160 0.0353
136 161 0.0027
137 161 0.0023
139 161 0.0085
151 161 0.0026
156 161 0.005
142 162 0.0073
1671 162 0.0452
1735 162 0.0189
115 163 0.0497
143 163 0.0054
1671 163 0.0493
144 164 0.0037
144 165 0.0018
115 166 0.0013
115 167 0.0006
114 168 0.002
169 168 0.0046
277 168 0.0005
168 169 0.0046
170 169 0.0079
171 169 0.0777
105 170 0.0012
169 170 0.0079
186 170 0.0022
169 171 0.0777
172 171 0.0017
187 171 0.0026
171 172 0.0017
183 172 0.007
187 172 0.0036
174 173 0.0151
176 173 0.0136
1672 173 0.0062
173 174 0.0151
175 174 0.0061
176 174 0.012
119 175 0.0027
174 175 0.0061
176 175 0.007
173 176 0.0136
174 176 0.012
175 176 0.007
1672 176 0.0151
110 177 0.0026
111 178 0.0155
179 178 0.0064
180 178 0.0095
178 179 0.0064
97 180 0.002
178 180 0.0095
181 180 0.0072
271 180 0.002
180 181 0.0072
182 181 0.0045
1732 181 0.0358
181 182 0.0045
271 182 0.006
479 182 0.0024
172 183 0.007
184 183 0.0101
187 183 0.0045
183 184 0.0101
185 184 0.0033
187 184 0.0032
184 185 0.0033
187 185 0.003
190 185 0.0026
170 186 0.0022
268 186 0.0073
273 186 0.0023
171 187 0.0026
172 187 0.0036
183 187 0.0045
184 187 0.0032
185 187 0.003
188 187 0.0072
273 187 0.014
187 188 0.0072
189 188 0.0048
273 188 0.0048
188 189 0.0048
190 189 0.0105
1418 189 0.0013
185 190 0.0026
189 190 0.0105
275 190 0.0026
145 191 0.0084
160 191 0.0008
192 191 0.0115
278 191 0.0016
191 192 0.0115
193 192 0.0087
278 192 0.0027
192 193 0.0087
194 193 0.016
1734 193 0.0114
193 194 0.016
195 194 0.0052
281 194 0.0031
194 195 0.0052
149 196 0.0141
197 196 0.0163
206 196 0.0098
196 197 0.0163
198 197 0.0087
208 197 0.0126
197 198 0.0087
208 198 0.0088
281 198 0.0009
1734 198 0.0022
149 199 0.0026
147 200 0.0127
160 200 0.0239
1736 200 0.0121
86 201 0.0032
137 201 0.0262
204 201 0.0076
152 202 0.008
205 203 0.0031
206 203 0.0047
207 203 0.0039
212 203 0.0008
219 203 0.0016
86 204 0.0025
201 204 0.0076
205 204 0.007
152 205 0.006
203 205 0.0031
204 205 0.007
150 206 0.0033
196 206 0.0098
203 206 0.0047
203 207 0.0039
208 207 0.0192
209 207 0.0075
197 208 0.0126
198 208 0.0088
207 208 0.0192
210 208 0.0166
207 209 0.0075
210 209 0.0079
212 209 0.001
208 210 0.0166
209 210 0.0079
211 210 0.0028
210 211 0.0028
285 211 0.0064
289 211 0.0198
203 212 0.0008
209 212 0.001
213 212 0.0022
215 212 0.001
212 213 0.0022
214 213 0.0058
295 213 0.0063
213 214 0.0058
295 214 0.0152
296 214 0.002
212 215 0.001
216 215 0.0126
241 215 0.0115
291 215 0.0074
1397 215 0.0061
215 216 0.0126
217 216 0.0139
228 216 0.0043
216 217 0.0139
227 217 0.0058
239 217 0.0167
83 218 0.0047
229 218 0.0184
239 218 0.0237
203 219 0.0016
78 220 0.0041
221 220 0.0188
243 220 0.0053
220 221 0.0188
222 221 0.0025
225 221 0.0087
229 221 0.0123
221 222 0.0025
223 222 0.0032
224 222 0.0039
222 223 0.0032
222 224 0.0039
298 224 0.0029
306 224 0.0166
221 225 0.0087
226 225 0.0017
243 225 0.0157
225 226 0.0017
217 227 0.0058
216 228 0.0043
218 229 0.0184
221 229 0.0123
230 229 0.0015
229 230 0.0015
138 231 0.0133
140 231 0.0319
154 231 0.0069
1686 231 0.0527
83 232 0.0197
84 232 0.0129
85 232 0.0204
4 233 0.007
73 233 0.0384
1680 233 0.0475
1687 233 0.0481
1691 233 0.0197
235 234 0.006
244 234 0.0026
1692 234 0.0111
1693 234 0.062
234 235 0.006
254 235 0.003
257 235 0.0055
74 236 0.002
78 236 0.0033
237 236 0.0078
236 237 0.0078
238 237 0.0088
242 237 0.0061
1680 237 0.004
237 238 0.0088
1687 238 0.0056
1689 238 0.0075
1692 238 0.0086
217 239 0.0167
218 239 0.0237
240 239 0.0129
239 240 0.0129
241 240 0.0086
1396 240 0.0025
215 241 0.0115
240 241 0.0086
1397 241 0.0071
237 242 0.0061
243 242 0.002
1692 242 0.0111
220 243 0.0053
225 243 0.0157
242 243 0.002
234 244 0.0026
245 244 0.005
246 244 0.0034
244 245 0.005
244 246 0.0034
86 247 0.0044
153 247 0.0028
248 247 0.0065
83 248 0.0097
153 248 0.0014
247 248 0.0065
252 249 0.001
254 249 0.0026
1693 249 0.0048
66 250 0.002
252 251 0.0077
253 251 0.0419
1705 251 0.0022
249 252 0.001
251 252 0.0077
253 252 0.0154
356 252 0.0016
69 253 0.0045
71 253 0.0032
251 253 0.0419
252 253 0.0154
235 254 0.003
249 254 0.0026
255 254 0.0049
254 255 0.0049
256 255 0.0048
258 255 0.003
337 255 0.028
255 256 0.0048
235 257 0.0055
258 257 0.0329
261 257 0.0064
255 258 0.003
257 258 0.0329
259 258 0.01
258 259 0.01
260 259 0.0078
328 259 0.015
335 259 0.0057
259 260 0.0078
257 261 0.0064
262 261 0.0203
263 261 0.0094
308 261 0.0026
261 262 0.0203
313 262 0.0091
316 262 0.0074
261 263 0.0094
36 264 0.0152
37 264 0.0048
75 264 0.0026
87 264 0.0283
1672 264 0.0127
131 265 0.0838
134 265 0.0013
1672 265 0.0116
35 266 0.0103
587 266 0.0148
1672 266 0.0158
579 267 0.0131
604 267 0.0049
1672 267 0.0157
186 268 0.0073
269 268 0.0021
1649 268 0.0011
268 269 0.0021
270 269 0.0045
272 269 0.0017
269 270 0.0045
271 270 0.0036
272 270 0.0019
180 271 0.002
182 271 0.006
270 271 0.0036
269 272 0.0017
270 272 0.0019
1424 272 0.0057
186 273 0.0023
187 273 0.014
188 273 0.0048
274 273 0.0029
273 274 0.0029
1418 274 0.0121
1649 274 0.0101
190 275 0.0026
276 275 0.0096
1416 275 0.0047
275 276 0.0096
168 277 0.0005
280 277 0.0113
1411 277 0.0037
1416 277 0.0039
191 278 0.0016
192 278 0.0027
279 278 0.0012
278 279 0.0012
280 279 0.009
282 279 0.0087
277 280 0.0113
279 280 0.009
1407 280 0.0029
194 281 0.0031
198 281 0.0009
282 281 0.0047
1734 281 0.0111
279 282 0.0087
281 282 0.0047
283 282 0.0136
287 282 0.0054
288 282 0.0041
282 283 0.0136
284 283 0.0065
1407 283 0.0076
283 284 0.0065
211 285 0.0064
286 285 0.0057
288 285 0.004
290 285 0.0133
285 286 0.0057
287 286 0.0043
290 286 0.0122
282 287 0.0054
286 287 0.0043
288 287 0.0034
1407 287 0.031
1646 287 0.0028
282 288 0.0041
285 288 0.004
287 288 0.0034
211 289 0.0198
290 289 0.0037
1401 289 0.0141
285 290 0.0133
286 290 0.0122
289 290 0.0037
1402 290 0.0023
215 291 0.0074
292 291 0.0149
293 291 0.0028
291 292 0.0149
291 293 0.0028
294 293 0.0058
297 293 0.0042
293 294 0.0058
295 294 0.0047
299 294 0.002
213 295 0.0063
214 295 0.0152
294 295 0.0047
214 296 0.002
293 297 0.0042
224 298 0.0029
294 299 0.002
300 299 0.0053
302 299 0.0065
299 300 0.0053
301 300 0.0122
1393 300 0.0093
1394 300 0.013
300 301 0.0122
311 301 0.0025
1383 301 0.0167
1393 301 0.0083
299 302 0.0065
303 302 0.0102
305 302 0.0073
1394 302 0.0119
302 303 0.0102
304 303 0.0055
1393 303 0.0142
1394 303 0.0084
1395 303 0.0016
303 304 0.0055
302 305 0.0073
224 306 0.0166
307 306 0.0046
308 306 0.0062
306 307 0.0046
261 308 0.0026
306 308 0.0062
309 308 0.0091
316 308 0.0121
308 309 0.0091
310 309 0.0059
317 309 0.0084
309 310 0.0059
311 310 0.002
312 310 0.0175
301 311 0.0025
310 311 0.002
1378 311 0.0019
310 312 0.0175
262 313 0.0091
314 313 0.0173
324 313 0.0035
313 314 0.0173
315 314 0.0032
321 314 0.0018
314 315 0.0032
262 316 0.0074
308 316 0.0121
317 316 0.0107
309 317 0.0084
316 317 0.0107
318 317 0.0065
317 318 0.0065
319 318 0.0045
322 318 0.0019
318 319 0.0045
320 319 0.0117
325 319 0.0117
319 320 0.0117
325 320 0.0122
340 320 0.0156
1361 320 0.021
1377 320 0.0016
314 321 0.0018
318 322 0.0019
323 322 0.0052
1377 322 0.0113
322 323 0.0052
1377 323 0.0064
1380 323 0.0145
1381 323 0.0168
313 324 0.0035
319 325 0.0117
320 325 0.0122
326 325 0.0093
325 326 0.0093
327 326 0.0269
1361 326 0.0223
326 327 0.0269
333 327 0.0055
1347 327 0.005
1355 327 0.0258
1360 327 0.0103
1361 327 0.0097
259 328 0.015
329 328 0.0073
334 328 0.0046
328 329 0.0073
330 329 0.0022
333 329 0.0015
329 330 0.0022
331 330 0.0035
332 330 0.0029
330 331 0.0035
330 332 0.0029
327 333 0.0055
329 333 0.0015
1347 333 0.0103
1353 333 0.0052
328 334 0.0046
259 335 0.0057
336 335 0.0062
337 335 0.0003
335 336 0.0062
339 336 0.0037
342 336 0.0509
255 337 0.028
335 337 0.0003
338 337 0.0215
351 337 0.0071
337 338 0.0215
339 338 0.0273
349 338 0.0049
336 339 0.0037
338 339 0.0273
355 339 0.0019
320 340 0.0156
341 340 0.0028
1365 340 0.0345
340 341 0.0028
1360 341 0.0303
1362 341 0.006
336 342 0.0509
343 342 0.0171
345 342 0.0064
347 342 0.0026
342 343 0.0171
344 343 0.0135
345 343 0.0174
347 343 0.0047
343 344 0.0135
348 344 0.0099
1321 344 0.0604
342 345 0.0064
343 345 0.0174
346 345 0.0009
345 346 0.0009
342 347 0.0026
343 347 0.0047
348 347 0.0077
344 348 0.0099
347 348 0.0077
1321 348 0.0084
1323 348 0.0036
338 349 0.0049
350 349 0.0017
352 349 0.0045
349 350 0.0017
355 350 0.0041
361 350 0.0007
337 351 0.0071
352 351 0.0201
353 351 0.0123
349 352 0.0045
351 352 0.0201
353 352 0.0147
351 353 0.0123
352 353 0.0147
354 353 0.0012
353 354 0.0012
339 355 0.0019
350 355 0.0041
1309 355 0.0028
252 356 0.0016
357 356 0.0025
364 356 0.0038
356 357 0.0025
358 357 0.0086
361 357 0.0073
357 358 0.0086
359 358 0.0042
362 358 0.0096
364 358 0.0021
358 359 0.0042
360 359 0.0024
362 359 0.0032
363 359 0.0023
359 360 0.0024
350 361 0.0007
357 361 0.0073
362 361 0.0106
358 362 0.0096
359 362 0.0032
361 362 0.0106
359 363 0.0023
356 364 0.0038
358 364 0.0021
365 364 0.0053
364 365 0.0053
366 365 0.0044
368 365 0.0033
365 366 0.0044
367 366 0.0045
368 366 0.0063
366 367 0.0045
365 368 0.0033
366 368 0.0063
369 368 0.006
368 369 0.006
69 370 0.0069
371 370 0.0042
372 370 0.0118
370 371 0.0042
370 372 0.0118
14 373 0.01
18 373 0.0222
34 373 0.0168
387 373 0.0103
14 374 0.0221
375 374 0.0049
382 374 0.0096
67 375 0.0049
374 375 0.0049
376 375 0.015
375 376 0.015
377 376 0.0172
382 376 0.0037
386 376 0.013
69 377 0.0015
376 377 0.0172
378 377 0.0057
381 377 0.0039
386 377 0.0143
377 378 0.0057
379 378 0.0037
384 378 0.0046
386 378 0.0078
378 379 0.0037
380 379 0.0044
954 379 0.0083
379 380 0.0044
399 380 0.006
919 380 0.004
920 380 0.0133
955 380 0.0188
1679 380 0.0324
67 381 0.0088
68 381 0.0259
377 381 0.0039
374 382 0.0096
376 382 0.0037
383 382 0.0207
382 383 0.0207
384 383 0.0131
385 383 0.0042
378 384 0.0046
383 384 0.0131
385 384 0.0203
388 384 0.0136
899 384 0.011
383 385 0.0042
384 385 0.0203
386 385 0.0052
376 386 0.013
377 386 0.0143
378 386 0.0078
385 386 0.0052
34 387 0.0081
373 387 0.0103
388 387 0.0034
384 388 0.0136
387 388 0.0034
402 388 0.0158
34 389 0.0568
390 389 0.0043
394 389 0.0186
389 390 0.0043
391 390 0.0205
400 390 0.0176
390 391 0.0205
392 391 0.0166
401 391 0.0085
391 392 0.0166
393 392 0.0197
398 392 0.0091
392 393 0.0197
398 393 0.0097
399 393 0.0057
389 394 0.0186
395 394 0.0109
396 394 0.0033
394 395 0.0109
397 395 0.0988
864 395 0.0227
394 396 0.0033
397 396 0.0156
398 396 0.0105
395 397 0.0988
396 397 0.0156
911 397 0.007
392 398 0.0091
393 398 0.0097
396 398 0.0105
399 398 0.0159
380 399 0.006
393 399 0.0057
398 399 0.0159
918 399 0.0169
955 399 0.0111
390 400 0.0176
401 400 0.0109
402 400 0.0069
391 401 0.0085
400 401 0.0109
402 401 0.009
899 401 0.0088
388 402 0.0158
400 402 0.0069
401 402 0.009
414 403 0.0432
452 403 0.0011
458 403 0.0318
465 403 0.0354
528 403 0.0132
1672 403 0.0117
475 404 0.0034
476 404 0.0114
1672 404 0.0152
409 405 0.0172
473 405 0.0136
474 405 0.0082
1672 405 0.0156
407 406 0.0036
466 406 0.0018
468 406 0.0022
107 407 0.0036
406 407 0.0036
466 407 0.0053
409 408 0.0444
472 408 0.0036
1672 408 0.0096
405 409 0.0172
408 409 0.0444
416 409 0.0041
411 410 0.004
418 410 0.0026
420 410 0.0071
410 411 0.004
413 412 0.0145
612 412 0.008
613 412 0.019
412 413 0.0145
414 413 0.0054
426 413 0.0017
403 414 0.0432
413 414 0.0054
609 414 0.0058
611 414 0.0009
1672 415 0.0031
409 416 0.0041
426 417 0.0063
410 418 0.0026
419 418 0.0024
421 418 0.0036
418 419 0.0024
615 419 0.0149
619 419 0.0053
410 420 0.0071
421 420 0.034
422 420 0.0233
429 420 0.0027
418 421 0.0036
420 421 0.034
427 421 0.0074
420 422 0.0233
423 422 0.0098
484 422 0.0536
422 423 0.0098
424 423 0.0126
436 423 0.0317
484 423 0.0168
614 423 0.0055
423 424 0.0126
612 424 0.0054
613 424 0.0056
614 424 0.0074
426 425 0.0051
413 426 0.0017
417 426 0.0063
425 426 0.0051
421 427 0.0074
428 427 0.0035
1427 427 0.0032
427 428 0.0035
420 429 0.0027
430 429 0.0037
437 429 0.0016
429 430 0.0037
431 430 0.0033
432 430 0.0038
490 430 0.0029
430 431 0.0033
430 432 0.0038
434 433 0.002
436 433 0.0207
437 433 0.0252
439 433 0.0049
433 434 0.002
435 434 0.0055
440 434 0.0033
434 435 0.0055
423 436 0.0317
433 436 0.0207
437 436 0.016
429 437 0.0016
433 437 0.0252
436 437 0.016
438 437 0.005
485 437 0.002
437 438 0.005
485 438 0.0066
486 438 0.0049
433 439 0.0049
434 440 0.0033
441 440 0.002
623 440 0.0039
440 441 0.002
443 442 0.0048
450 442 0.0044
451 442 0.001
442 443 0.0048
444 443 0.0341
622 443 0.0078
443 444 0.0341
447 444 0.0189
622 444 0.0056
624 444 0.0122
446 445 0.0024
622 445 0.0044
624 445 0.0104
445 446 0.0024
620 446 0.0067
1435 446 0.0024
1436 446 0.0012
1437 446 0.0034
444 447 0.0189
448 447 0.0104
1730 447 0.0083
447 448 0.0104
459 448 0.0038
625 448 0.0028
450 449 0.0091
454 449 0.0036
621 449 0.0087
1730 449 0.0163
442 450 0.0044
449 450 0.0091
453 450 0.003
442 451 0.001
452 451 0.0016
609 451 0.001
403 452 0.0011
451 452 0.0016
453 452 0.0012
450 453 0.003
452 453 0.0012
454 453 0.0033
449 454 0.0036
453 454 0.0033
455 454 0.0085
454 455 0.0085
456 455 0.0355
457 455 0.0066
459 455 0.0034
621 455 0.0052
455 456 0.0355
457 456 0.016
497 456 0.001
1729 456 0.024
455 457 0.0066
456 457 0.016
458 457 0.0045
403 458 0.0318
457 458 0.0045
465 458 0.035
1729 458 0.0017
448 459 0.0038
455 459 0.0034
621 459 0.0095
1729 460 0.0025
462 461 0.0298
498 461 0.0187
627 461 0.0237
461 462 0.0298
500 462 0.0107
628 462 0.0126
1715 462 0.0284
501 463 0.0075
628 463 0.0172
1712 463 0.0261
1715 463 0.0489
1717 463 0.0519
465 464 0.0437
500 464 0.0019
509 464 0.018
532 464 0.0284
1712 464 0.0239
403 465 0.0354
458 465 0.035
464 465 0.0437
527 465 0.041
406 466 0.0018
407 466 0.0053
467 466 0.0029
466 467 0.0029
468 467 0.0017
469 467 0.003
406 468 0.0022
467 468 0.0017
469 468 0.0066
467 469 0.003
468 469 0.0066
470 469 0.0068
469 470 0.0068
471 470 0.0055
1731 470 0.0116
470 471 0.0055
408 472 0.0036
405 473 0.0136
405 474 0.0082
404 475 0.0034
607 475 0.0014
608 475 0.0049
1672 475 0.0035
404 476 0.0114
478 477 0.0009
480 477 0.0019
482 477 0.0016
1731 477 0.0195
1732 477 0.0238
477 478 0.0009
182 479 0.0024
477 480 0.0019
481 480 0.0034
482 480 0.0071
480 481 0.0034
477 482 0.0016
480 482 0.0071
483 482 0.0011
482 483 0.0011
422 484 0.0536
423 484 0.0168
614 484 0.0439
437 485 0.002
438 485 0.0066
486 485 0.0053
438 486 0.0049
485 486 0.0053
487 486 0.0087
486 487 0.0087
488 487 0.0071
494 487 0.0133
487 488 0.0071
489 488 0.0015
491 488 0.002
488 489 0.0015
430 490 0.0029
491 490 0.0059
493 490 0.0026
488 491 0.002
490 491 0.0059
492 491 0.0033
491 492 0.0033
490 493 0.0026
487 494 0.0133
495 494 0.0059
1435 494 0.0008
494 495 0.0059
496 495 0.002
1431 495 0.0017
495 496 0.002
456 497 0.001
461 498 0.0187
499 498 0.0076
627 498 0.0212
498 499 0.0076
631 499 0.0051
639 499 0.0427
668 499 0.0246
462 500 0.0107
464 500 0.0019
1729 500 0.0139
463 501 0.0075
502 501 0.0052
503 501 0.0081
504 501 0.0052
627 501 0.0098
501 502 0.0052
501 503 0.0081
504 503 0.0031
1717 503 0.0109
501 504 0.0052
503 504 0.0031
505 504 0.0029
1724 504 0.0103
1725 504 0.0147
504 505 0.0029
506 505 0.0016
629 505 0.0043
505 506 0.0016
708 506 0.0092
712 506 0.0008
750 506 0.0018
513 507 0.0058
514 507 0.0016
683 507 0.0069
1718 507 0.0026
1718 508 0.0038
464 509 0.018
510 509 0.0093
532 509 0.0136
509 510 0.0093
511 510 0.0032
531 510 0.004
510 511 0.0032
1720 511 0.0085
1723 511 0.0418
1726 511 0.0482
513 512 0.008
520 512 0.0035
525 512 0.0148
1720 512 0.0558
507 513 0.0058
512 513 0.008
514 513 0.0043
515 513 0.0293
520 513 0.0086
507 514 0.0016
513 514 0.0043
569 514 0.0472
684 514 0.0019
712 514 0.0561
761 514 0.0042
768 514 0.0046
513 515 0.0293
544 515 0.0633
569 515 0.0191
533 516 0.016
558 516 0.0224
566 516 0.0457
590 516 0.0653
1672 516 0.0123
518 517 0.0213
522 517 0.0293
525 517 0.003
529 517 0.0137
557 517 0.0198
1672 517 0.0086
517 518 0.0213
519 518 0.0053
521 518 0.0035
557 518 0.014
518 519 0.0053
520 519 0.0024
547 519 0.0087
554 519 0.0085
556 519 0.0127
512 520 0.0035
513 520 0.0086
519 520 0.0024
518 521 0.0035
517 522 0.0293
523 522 0.0136
526 522 0.0121
1672 522 0.0058
522 523 0.0136
524 523 0.0105
526 523 0.0081
523 524 0.0105
525 524 0.0044
531 524 0.0013
512 525 0.0148
517 525 0.003
524 525 0.0044
1720 525 0.0136
522 526 0.0121
523 526 0.0081
528 526 0.0498
1672 526 0.0067
465 527 0.041
528 527 0.0468
530 527 0.0282
532 527 0.0663
403 528 0.0132
526 528 0.0498
527 528 0.0468
517 529 0.0137
541 529 0.0161
557 529 0.0214
1672 529 0.0094
527 530 0.0282
531 530 0.0137
532 530 0.0129
510 531 0.004
524 531 0.0013
530 531 0.0137
464 532 0.0284
509 532 0.0136
527 532 0.0663
530 532 0.0129
516 533 0.016
534 533 0.0447
541 533 0.0347
553 533 0.0317
555 533 0.0265
533 534 0.0447
535 534 0.0145
541 534 0.0323
551 534 0.005
534 535 0.0145
536 535 0.0099
549 535 0.0055
535 536 0.0099
537 536 0.0059
539 536 0.007
536 537 0.0059
543 537 0.0101
995 537 0.0105
539 538 0.0039
540 538 0.0078
802 538 0.004
803 538 0.0044
995 538 0.009
536 539 0.007
538 539 0.0039
540 539 0.0032
988 539 0.0051
995 539 0.0085
538 540 0.0078
539 540 0.0032
550 540 0.011
529 541 0.0161
533 541 0.0347
534 541 0.0323
542 541 0.0311
548 541 0.0015
541 542 0.0311
543 542 0.013
546 542 0.0141
537 543 0.0101
542 543 0.013
544 543 0.0229
995 543 0.0044
515 544 0.0633
543 544 0.0229
545 544 0.0014
569 544 0.0196
544 545 0.0014
546 545 0.0179
992 545 0.0047
993 545 0.0081
994 545 0.0137
542 546 0.0141
545 546 0.0179
547 546 0.0065
555 546 0.0034
519 547 0.0087
546 547 0.0065
556 547 0.0107
541 548 0.0015
569 548 0.0037
995 548 0.0064
535 549 0.0055
551 549 0.0174
988 549 0.0055
540 550 0.011
764 550 0.0153
801 550 0.0292
802 550 0.009
988 550 0.012
534 551 0.005
549 551 0.0174
552 551 0.0136
560 551 0.013
1675 551 0.0684
551 552 0.0136
800 552 0.0221
801 552 0.0195
1675 552 0.0359
533 553 0.0317
554 553 0.0017
557 553 0.0197
519 554 0.0085
553 554 0.0017
557 554 0.0032
533 555 0.0265
546 555 0.0034
556 555 0.024
519 556 0.0127
547 556 0.0107
555 556 0.024
517 557 0.0198
518 557 0.014
529 557 0.0214
553 557 0.0197
554 557 0.0032
516 558 0.0224
559 558 0.0312
567 558 0.021
558 559 0.0312
560 559 0.021
567 559 0.0333
551 560 0.013
559 560 0.021
568 560 0.0218
562 561 0.0111
799 561 0.0075
800 561 0.0124
814 561 0.0051
987 561 0.0052
1675 561 0.0281
561 562 0.0111
563 562 0.007
814 562 0.0083
562 563 0.007
564 563 0.0049
804 563 0.0047
815 563 0.0076
563 564 0.0049
565 564 0.0259
567 564 0.0174
568 564 0.0103
570 564 0.0149
574 564 0.0333
815 564 0.0057
987 564 0.0065
564 565 0.0259
566 565 0.0326
573 565 0.0511
516 566 0.0457
565 566 0.0326
572 566 0.0666
595 566 0.0831
558 567 0.021
559 567 0.0333
564 567 0.0174
568 567 0.0132
560 568 0.0218
564 568 0.0103
567 568 0.0132
514 569 0.0472
515 569 0.0191
544 569 0.0196
548 569 0.0037
762 569 0.0176
768 569 0.0053
564 570 0.0149
571 570 0.0122
574 570 0.0142
805 570 0.0043
806 570 0.0078
570 571 0.0122
576 571 0.0265
806 571 0.0259
990 571 0.0125
566 572 0.0666
573 572 0.0274
577 572 0.0193
595 572 0.0524
565 573 0.0511
572 573 0.0274
574 573 0.0521
564 574 0.0333
570 574 0.0142
573 574 0.0521
575 574 0.0051
574 575 0.0051
576 575 0.0204
989 575 0.0159
571 576 0.0265
575 576 0.0204
989 576 0.0182
572 577 0.0193
578 577 0.0213
595 577 0.0136
577 578 0.0213
267 579 0.0131
580 579 0.0341
589 579 0.0131
579 580 0.0341
581 580 0.0082
584 580 0.0076
589 580 0.0228
580 581 0.0082
582 581 0.008
584 581 0.0576
597 581 0.0335
600 581 0.0407
581 582 0.008
583 582 0.0284
584 582 0.0118
597 582 0.0267
582 583 0.0284
585 583 0.0088
601 583 0.0047
580 584 0.0076
581 584 0.0576
582 584 0.0118
585 584 0.044
583 585 0.0088
584 585 0.044
586 585 0.0271
585 586 0.0271
588 586 0.002
822 586 0.015
266 587 0.0148
588 587 0.0151
589 587 0.0186
586 588 0.002
587 588 0.0151
589 588 0.0145
579 589 0.0131
580 589 0.0228
587 589 0.0186
588 589 0.0145
1672 589 0.0093
516 590 0.0653
591 590 0.0499
595 590 0.055
1672 590 0.0119
590 591 0.0499
592 591 0.0213
595 591 0.0887
596 591 0.0279
598 591 0.0661
606 591 0.089
591 592 0.0213
593 592 0.0065
603 592 0.0222
592 593 0.0065
594 593 0.0048
602 593 0.0187
603 593 0.0169
989 593 0.0136
593 594 0.0048
810 594 0.0021
989 594 0.0064
990 594 0.0054
566 595 0.0831
572 595 0.0524
577 595 0.0136
590 595 0.055
591 595 0.0887
591 596 0.0279
597 596 0.058
602 596 0.0216
581 597 0.0335
582 597 0.0267
596 597 0.058
602 597 0.0201
591 598 0.0661
599 598 0.0539
606 598 0.0878
598 599 0.0539
600 599 0.0434
604 599 0.006
605 599 0.0217
581 600 0.0407
599 600 0.0434
604 600 0.0057
583 601 0.0047
603 601 0.0014
810 601 0.0049
593 602 0.0187
596 602 0.0216
597 602 0.0201
603 602 0.0208
592 603 0.0222
593 603 0.0169
601 603 0.0014
602 603 0.0208
267 604 0.0049
599 604 0.006
600 604 0.0057
599 605 0.0217
606 605 0.0402
1672 605 0.0103
591 606 0.089
598 606 0.0878
605 606 0.0402
475 607 0.0014
475 608 0.0049
414 609 0.0058
451 609 0.001
610 609 0.0012
609 610 0.0012
414 611 0.0009
412 612 0.008
424 612 0.0054
613 612 0.0057
412 613 0.019
424 613 0.0056
612 613 0.0057
614 613 0.0332
423 614 0.0055
424 614 0.0074
484 614 0.0439
613 614 0.0332
419 615 0.0149
616 615 0.006
617 615 0.0019
618 615 0.0034
615 616 0.006
615 617 0.0019
615 618 0.0034
419 619 0.0053
446 620 0.0067
1437 620 0.0052
1440 620 0.0044
449 621 0.0087
455 621 0.0052
459 621 0.0095
1730 621 0.0105
443 622 0.0078
444 622 0.0056
445 622 0.0044
623 622 0.0037
1434 622 0.0052
440 623 0.0039
622 623 0.0037
1434 623 0.0051
444 624 0.0122
445 624 0.0104
625 624 0.0087
448 625 0.0028
624 625 0.0087
626 625 0.0064
625 626 0.0064
461 627 0.0237
498 627 0.0212
501 627 0.0098
628 627 0.0079
462 628 0.0126
463 628 0.0172
627 628 0.0079
1715 628 0.0091
505 629 0.0043
1719 629 0.0043
1725 629 0.0037
631 630 0.0126
499 631 0.0051
630 631 0.0126
632 631 0.0084
631 632 0.0084
633 632 0.0027
635 632 0.0085
632 633 0.0027
634 633 0.0036
996 633 0.0045
633 634 0.0036
632 635 0.0085
636 635 0.004
637 635 0.003
635 636 0.004
635 637 0.003
638 637 0.004
996 637 0.0024
637 638 0.004
499 639 0.0427
640 639 0.0354
641 639 0.0138
639 640 0.0354
641 640 0.0198
643 640 0.0195
639 641 0.0138
640 641 0.0198
642 641 0.0017
641 642 0.0017
651 642 0.0052
999 642 0.0003
640 643 0.0195
644 643 0.0325
680 643 0.0048
681 643 0.0051
643 644 0.0325
645 644 0.0185
653 644 0.0155
644 645 0.0185
646 645 0.0068
649 645 0.0124
645 646 0.0068
649 646 0.0223
651 646 0.0024
1001 646 0.0049
648 647 0.0042
685 647 0.008
1001 647 0.0192
647 648 0.0042
645 649 0.0124
646 649 0.0223
650 649 0.0027
649 650 0.0027
642 651 0.0052
646 651 0.0024
1000 651 0.0034
1002 652 0.0092
644 653 0.0155
654 653 0.0224
661 653 0.0121
691 653 0.0131
653 654 0.0224
655 654 0.012
664 654 0.0238
694 654 0.0093
654 655 0.012
656 655 0.0218
663 655 0.0114
664 655 0.0154
667 655 0.011
655 656 0.0218
657 656 0.0174
695 656 0.0188
656 657 0.0174
658 657 0.0126
695 657 0.018
696 657 0.0068
657 658 0.0126
659 658 0.0055
690 658 0.0025
1011 658 0.0034
658 659 0.0055
660 659 0.005
666 659 0.0102
659 660 0.005
666 660 0.0081
687 660 0.0063
1004 660 0.0126
653 661 0.0121
662 661 0.0087
664 661 0.0092
661 662 0.0087
663 662 0.0069
664 662 0.0119
655 663 0.0114
662 663 0.0069
665 663 0.0043
667 663 0.0084
654 664 0.0238
655 664 0.0154
661 664 0.0092
662 664 0.0119
663 665 0.0043
666 665 0.0038
667 665 0.0134
659 666 0.0102
660 666 0.0081
665 666 0.0038
655 667 0.011
663 667 0.0084
665 667 0.0134
499 668 0.0246
669 668 0.032
681 668 0.0038
668 669 0.032
670 669 0.0044
672 669 0.0032
675 669 0.0046
681 669 0.0053
669 670 0.0044
671 670 0.0064
708 670 0.0217
713 670 0.0034
670 671 0.0064
672 671 0.0046
721 671 0.0117
669 672 0.0032
671 672 0.0046
673 672 0.0044
682 672 0.0117
722 672 0.0198
672 673 0.0044
674 673 0.004
704 673 0.0041
673 674 0.004
705 674 0.0019
706 674 0.0022
717 674 0.0118
669 675 0.0046
676 675 0.0025
682 675 0.0113
703 675 0.0032
675 676 0.0025
677 676 0.0093
680 676 0.0065
703 676 0.0202
676 677 0.0093
680 677 0.0026
699 677 0.0251
703 677 0.0087
698 678 0.0154
699 678 0.0213
702 678 0.0191
692 679 0.0019
700 679 0.0055
702 679 0.0124
643 680 0.0048
676 680 0.0065
677 680 0.0026
681 680 0.0033
643 681 0.0051
668 681 0.0038
669 681 0.0053
680 681 0.0033
672 682 0.0117
675 682 0.0113
704 682 0.0039
507 683 0.0069
514 684 0.0019
647 685 0.008
686 685 0.0041
689 685 0.0035
685 686 0.0041
687 686 0.0116
1004 686 0.0146
660 687 0.0063
686 687 0.0116
688 687 0.007
1004 687 0.0114
687 688 0.007
685 689 0.0035
658 690 0.0025
653 691 0.0131
692 691 0.0093
694 691 0.0094
698 691 0.0279
679 692 0.0019
691 692 0.0093
693 692 0.0024
696 692 0.004
692 693 0.0024
654 694 0.0093
691 694 0.0094
695 694 0.0054
696 694 0.0037
656 695 0.0188
657 695 0.018
694 695 0.0054
657 696 0.0068
692 696 0.004
694 696 0.0037
697 696 0.0025
696 697 0.0025
678 698 0.0154
691 698 0.0279
699 698 0.0161
677 699 0.0251
678 699 0.0213
698 699 0.0161
700 699 0.0115
679 700 0.0055
699 700 0.0115
701 700 0.0098
702 700 0.0063
704 700 0.0071
700 701 0.0098
678 702 0.0191
679 702 0.0124
700 702 0.0063
675 703 0.0032
676 703 0.0202
677 703 0.0087
704 703 0.0262
673 704 0.0041
682 704 0.0039
700 704 0.0071
703 704 0.0262
674 705 0.0019
1008 705 0.0029
1009 705 0.0067
674 706 0.0022
730 706 0.0058
1737 706 0.0621
731 707 0.0228
1005 707 0.003
1737 707 0.0186
506 708 0.0092
670 708 0.0217
709 708 0.0088
708 709 0.0088
710 709 0.0103
726 709 0.0138
750 709 0.0109
709 710 0.0103
711 710 0.018
726 710 0.0188
750 710 0.0103
710 711 0.018
712 711 0.0364
728 711 0.0089
750 711 0.0034
506 712 0.0008
514 712 0.0561
711 712 0.0364
750 712 0.0026
751 712 0.0097
670 713 0.0034
714 713 0.0111
724 713 0.007
725 713 0.0045
726 713 0.0048
713 714 0.0111
715 714 0.0103
725 714 0.0066
714 715 0.0103
716 715 0.0119
725 715 0.0087
727 715 0.007
737 715 0.0065
715 716 0.0119
717 716 0.0205
725 716 0.0073
674 717 0.0118
716 717 0.0205
718 717 0.0096
717 718 0.0096
719 718 0.0063
725 718 0.0064
718 719 0.0063
720 719 0.0148
722 719 0.0055
719 720 0.0148
721 720 0.006
722 720 0.0084
724 720 0.01
671 721 0.0117
720 721 0.006
722 721 0.008
672 722 0.0198
719 722 0.0055
720 722 0.0084
721 722 0.008
724 723 0.0069
713 724 0.007
720 724 0.01
723 724 0.0069
725 724 0.0089
713 725 0.0045
714 725 0.0066
715 725 0.0087
716 725 0.0073
718 725 0.0064
724 725 0.0089
709 726 0.0138
710 726 0.0188
713 726 0.0048
727 726 0.0115
715 727 0.007
726 727 0.0115
737 727 0.005
711 728 0.0089
729 728 0.0057
733 728 0.018
728 729 0.0057
730 729 0.0026
737 729 0.0056
706 730 0.0058
729 730 0.0026
731 730 0.0089
1737 730 0.0069
707 731 0.0228
730 731 0.0089
732 731 0.0056
739 731 0.0149
731 732 0.0056
728 733 0.018
734 733 0.0532
743 733 0.0057
752 733 0.0073
733 734 0.0532
735 734 0.0172
747 734 0.019
734 735 0.0172
736 735 0.0017
738 735 0.0046
735 736 0.0017
715 737 0.0065
727 737 0.005
729 737 0.0056
735 738 0.0046
739 738 0.0066
740 738 0.0109
731 739 0.0149
738 739 0.0066
740 739 0.009
738 740 0.0109
739 740 0.009
1738 740 0.0062
742 741 0.0135
1005 741 0.0048
1738 741 0.0287
741 742 0.0135
1017 742 0.0084
1029 742 0.0033
733 743 0.0057
744 743 0.0043
745 743 0.0038
746 743 0.0043
752 743 0.0021
743 744 0.0043
743 745 0.0038
743 746 0.0043
734 747 0.019
748 747 0.005
1738 747 0.0039
747 748 0.005
749 748 0.0019
1472 748 0.0007
748 749 0.0019
506 750 0.0018
709 750 0.0109
710 750 0.0103
711 750 0.0034
712 750 0.0026
712 751 0.0097
752 751 0.0092
753 751 0.0059
733 752 0.0073
743 752 0.0021
751 752 0.0092
751 753 0.0059
754 753 0.0058
761 753 0.0021
753 754 0.0058
755 754 0.0042
757 754 0.0062
769 754 0.0031
754 755 0.0042
758 755 0.0184
769 755 0.013
761 756 0.0061
768 756 0.0045
769 756 0.0082
775 756 0.0027
754 757 0.0062
758 757 0.0058
759 757 0.0021
781 757 0.0075
755 758 0.0184
757 758 0.0058
759 758 0.0029
781 758 0.0047
757 759 0.0021
758 759 0.0029
760 759 0.0006
759 760 0.0006
514 761 0.0042
753 761 0.0021
756 761 0.0061
569 762 0.0176
763 762 0.0054
803 762 0.0017
762 763 0.0054
764 763 0.0125
768 763 0.0036
770 763 0.0155
803 763 0.009
550 764 0.0153
763 764 0.0125
765 764 0.0216
764 765 0.0216
766 765 0.0259
774 765 0.0099
791 765 0.0253
801 765 0.0166
765 766 0.0259
767 766 0.0182
791 766 0.0156
800 766 0.0178
766 767 0.0182
796 767 0.0104
799 767 0.0062
813 767 0.0025
514 768 0.0046
569 768 0.0053
756 768 0.0045
763 768 0.0036
754 769 0.0031
755 769 0.013
756 769 0.0082
763 770 0.0155
771 770 0.002
802 770 0.0097
770 771 0.002
772 771 0.0026
774 771 0.0046
775 771 0.0013
771 772 0.0026
773 772 0.0018
777 772 0.0061
772 773 0.0018
774 773 0.0082
782 773 0.0073
765 774 0.0099
771 774 0.0046
773 774 0.0082
756 775 0.0027
771 775 0.0013
776 775 0.0055
775 776 0.0055
772 777 0.0061
778 777 0.0028
816 777 0.0031
777 778 0.0028
779 778 0.0036
816 778 0.0015
778 779 0.0036
780 779 0.0014
781 779 0.0003
779 780 0.0014
757 781 0.0075
758 781 0.0047
779 781 0.0003
773 782 0.0073
783 782 0.0104
816 782 0.0041
782 783 0.0104
784 783 0.0093
792 783 0.0162
796 783 0.0027
817 783 0.0089
783 784 0.0093
785 784 0.0012
788 784 0.0147
784 785 0.0012
786 785 0.0027
787 785 0.0017
785 786 0.0027
785 787 0.0017
784 788 0.0147
789 788 0.0033
790 788 0.0015
817 788 0.0023
788 789 0.0033
788 790 0.0015
765 791 0.0253
766 791 0.0156
792 791 0.0053
783 792 0.0162
791 792 0.0053
793 792 0.0048
792 793 0.0048
826 793 0.0027
1674 793 0.0067
795 794 0.0103
827 794 0.0027
1674 794 0.0145
794 795 0.0103
827 795 0.0078
1674 795 0.0143
767 796 0.0104
783 796 0.0027
797 796 0.0035
813 796 0.003
796 797 0.0035
798 797 0.0027
809 797 0.0014
821 797 0.002
797 798 0.0027
811 798 0.0025
813 798 0.0021
561 799 0.0075
767 799 0.0062
800 799 0.011
812 799 0.0025
814 799 0.003
552 800 0.0221
561 800 0.0124
766 800 0.0178
799 800 0.011
801 800 0.0339
550 801 0.0292
552 801 0.0195
765 801 0.0166
800 801 0.0339
538 802 0.004
550 802 0.009
770 802 0.0097
803 802 0.0079
538 803 0.0044
762 803 0.0017
763 803 0.009
802 803 0.0079
563 804 0.0047
805 804 0.0099
814 804 0.0031
815 804 0.0051
570 805 0.0043
804 805 0.0099
806 805 0.035
811 805 0.0062
570 806 0.0078
571 806 0.0259
805 806 0.035
807 806 0.0032
991 806 0.0078
806 807 0.0032
808 807 0.0027
991 807 0.0037
807 808 0.0027
809 808 0.0012
810 808 0.0068
811 808 0.0014
797 809 0.0014
808 809 0.0012
825 809 0.0043
594 810 0.0021
601 810 0.0049
808 810 0.0068
990 810 0.0021
798 811 0.0025
805 811 0.0062
808 811 0.0014
812 811 0.0013
799 812 0.0025
811 812 0.0013
813 812 0.0026
814 812 0.0033
767 813 0.0025
796 813 0.003
798 813 0.0021
812 813 0.0026
561 814 0.0051
562 814 0.0083
799 814 0.003
804 814 0.0031
812 814 0.0033
563 815 0.0076
564 815 0.0057
804 815 0.0051
777 816 0.0031
778 816 0.0015
782 816 0.0041
783 817 0.0089
788 817 0.0023
818 817 0.0043
817 818 0.0043
819 818 0.0049
1674 818 0.0058
818 819 0.0049
820 819 0.002
979 819 0.0057
819 820 0.002
797 821 0.002
586 822 0.015
823 822 0.0031
846 822 0.0162
861 822 0.0031
978 822 0.0115
822 823 0.0031
824 823 0.0141
833 823 0.0018
978 823 0.0071
823 824 0.0141
825 824 0.0081
829 824 0.0086
833 824 0.0036
809 825 0.0043
824 825 0.0081
826 825 0.0066
793 826 0.0027
825 826 0.0066
827 826 0.0121
829 826 0.0052
794 827 0.0027
795 827 0.0078
826 827 0.0121
828 827 0.0008
827 828 0.0008
824 829 0.0086
826 829 0.0052
830 829 0.0016
829 830 0.0016
831 830 0.0077
834 830 0.003
842 830 0.0405
830 831 0.0077
832 831 0.0368
842 831 0.008
831 832 0.0368
833 832 0.0015
978 832 0.0509
823 833 0.0018
824 833 0.0036
832 833 0.0015
830 834 0.003
835 834 0.0111
838 834 0.0068
834 835 0.0111
836 835 0.0015
837 835 0.0017
835 836 0.0015
980 836 0.0019
981 836 0.0022
1497 836 0.0029
835 837 0.0017
844 837 0.0046
1069 837 0.0007
1497 837 0.0009
834 838 0.0068
841 838 0.0018
1676 838 0.0057
1676 839 0.0046
1676 840 0.0055
838 841 0.0018
830 842 0.0405
831 842 0.008
843 842 0.0019
851 842 0.0119
842 843 0.0019
844 843 0.0042
977 843 0.0028
837 844 0.0046
843 844 0.0042
845 844 0.0011
844 845 0.0011
822 846 0.0162
847 846 0.0311
860 846 0.0075
846 847 0.0311
875 847 0.003
878 847 0.01
849 848 0.011
878 848 0.0982
901 848 0.1002
848 849 0.011
850 849 0.0116
910 849 0.0047
849 850 0.0116
857 850 0.0047
910 850 0.0052
1075 850 0.0028
1079 850 0.0049
842 851 0.0119
852 851 0.0089
856 851 0.0023
878 851 0.0029
851 852 0.0089
853 852 0.0026
857 852 0.0024
958 852 0.0015
852 853 0.0026
854 853 0.004
857 853 0.001
853 854 0.004
855 854 0.0016
1075 854 0.0035
854 855 0.0016
851 856 0.0023
850 857 0.0047
852 857 0.0024
853 857 0.001
858 857 0.0015
857 858 0.0015
53 859 0.0145
64 859 0.0013
860 859 0.0048
875 859 0.0147
846 860 0.0075
859 860 0.0048
862 860 0.0144
63 861 0.0057
822 861 0.0031
862 861 0.0056
63 862 0.0036
860 862 0.0144
861 862 0.0056
53 863 0.032
875 863 0.0058
876 863 0.0179
880 863 0.0394
882 863 0.0193
395 864 0.0227
865 864 0.0016
1709 864 0.0446
864 865 0.0016
866 865 0.031
891 865 0.0073
957 865 0.0382
865 866 0.031
914 866 0.0386
1673 866 0.0055
868 867 0.0094
876 867 0.0095
885 867 0.0148
907 867 0.0132
867 868 0.0094
869 868 0.0327
907 868 0.0156
868 869 0.0327
870 869 0.0107
871 869 0.0122
894 869 0.0141
895 869 0.0077
869 870 0.0107
871 870 0.0792
905 870 0.0228
869 871 0.0122
870 871 0.0792
872 871 0.0196
871 872 0.0196
873 872 0.0573
905 872 0.0211
872 873 0.0573
874 873 0.0391
1673 873 0.0106
873 874 0.0391
903 874 0.0265
976 874 0.0286
1673 874 0.0142
847 875 0.003
859 875 0.0147
863 875 0.0058
876 875 0.0037
863 876 0.0179
867 876 0.0095
875 876 0.0037
877 876 0.0013
882 876 0.0342
883 876 0.0157
876 877 0.0013
878 877 0.0074
904 877 0.0578
847 878 0.01
848 878 0.0982
851 878 0.0029
877 878 0.0074
50 879 0.0147
880 879 0.0434
1708 879 0.0038
53 880 0.0622
61 880 0.0368
863 880 0.0394
879 880 0.0434
882 880 0.0059
47 881 0.0173
