2 1 0.0234
3 1 0.0121
12 1 0.0104
15 1 0.0123
20 1 0.0136
26 1 0.003
28 1 0.0094
32 1 0.0128
33 1 0.0116
44 1 0.0063
45 1 0.007
49 1 0.0039
52 1 0.0058
55 1 0.0129
64 1 0.012
81 1 0.0131
83 1 0.0185
90 1 0.0066
94 1 0.0066
97 1 0.0087
102 1 0.0094
118 1 0.0108
126 1 0.0017
129 1 0.002
132 1 0.0032
137 1 0.0056
141 1 0.0109
1047 1 0.0114
1 2 0.0234
3 2 0.0309
198 2 0.1634
1 3 0.0121
2 3 0.0309
4 3 0.0186
197 3 0.009
200 3 0.0625
3 4 0.0186
5 4 0.0078
197 4 0.0184
198 4 0.0266
4 5 0.0078
6 5 0.0204
191 5 0.0043
5 6 0.0204
7 6 0.02
197 6 0.0339
6 7 0.02
8 7 0.0493
189 7 0.026
7 8 0.0493
9 8 0.0512
32 8 0.029
200 8 0.013
8 9 0.0512
10 9 0.0431
201 9 0.0164
9 10 0.0431
11 10 0.016
183 10 0.0191
10 11 0.016
203 11 0.01
205 11 0.0079
1 12 0.0104
13 12 0.0315
16 12 0.0661
12 13 0.0315
14 13 0.0208
17 13 0.0321
175 13 0.0101
331 13 0.026
13 14 0.0208
167 14 0.0415
176 14 0.0207
177 14 0.0192
323 14 0.0146
331 14 0.039
1 15 0.0123
16 15 0.0272
153 15 0.0138
326 15 0.0243
12 16 0.0661
15 16 0.0272
17 16 0.0453
326 16 0.1809
13 17 0.0321
16 17 0.0453
18 17 0.1435
17 18 0.1435
19 18 0.0314
326 18 0.0179
332 18 0.0653
404 18 0.0112
18 19 0.0314
161 19 0.0256
332 19 0.0624
1 20 0.0136
21 20 0.0262
199 20 0.0149
20 21 0.0262
22 21 0.0269
174 21 0.0089
21 22 0.0269
23 22 0.0561
182 22 0.0127
22 23 0.0561
24 23 0.0661
199 23 0.0562
23 24 0.0661
25 24 0.0198
182 24 0.0268
24 25 0.0198
182 25 0.0131
193 25 0.1365
1 26 0.003
27 26 0.0299
980 26 0.0081
26 27 0.0299
950 27 0.0181
951 27 0.0048
1 28 0.0094
29 28 0.0066
31 28 0.0063
982 28 0.0063
28 29 0.0066
30 29 0.0205
982 29 0.0053
29 30 0.0205
31 30 0.0058
983 30 0.0242
28 31 0.0063
30 31 0.0058
984 31 0.0108
986 31 0.0561
1 32 0.0128
8 32 0.029
200 32 0.0125
1 33 0.0116
34 33 0.0457
39 33 0.008
33 34 0.0457
35 34 0.0317
36 34 0.0048
34 35 0.0317
36 35 0.0037
39 35 0.0372
34 36 0.0048
35 36 0.0037
37 36 0.0029
38 36 0.0069
36 37 0.0029
36 38 0.0069
33 39 0.008
35 39 0.0372
40 39 0.0128
42 39 0.0219
39 40 0.0128
41 40 0.0158
1051 40 0.0069
40 41 0.0158
925 41 0.0046
926 41 0.0059
930 41 0.0032
39 42 0.0219
43 42 0.0215
931 42 0.0099
42 43 0.0215
935 43 0.0191
952 43 0.0218
1 44 0.0063
1 45 0.007
46 45 0.0114
48 45 0.0178
45 46 0.0114
47 46 0.0325
1052 46 0.0051
46 47 0.0325
45 48 0.0178
1 49 0.0039
50 49 0.0205
924 49 0.0045
49 50 0.0205
51 50 0.0254
52 50 0.005
895 50 0.0047
50 51 0.0254
896 51 0.004
898 51 0.0365
1 52 0.0058
50 52 0.005
53 52 0.0382
56 52 0.0036
895 52 0.009
52 53 0.0382
54 53 0.024
58 53 0.0113
1322 53 0.0045
53 54 0.024
858 54 0.0223
901 54 0.0043
1 55 0.0129
56 55 0.0168
59 55 0.0108
63 55 0.0141
1046 55 0.0151
52 56 0.0036
55 56 0.0168
57 56 0.0097
56 57 0.0097
58 57 0.0025
838 57 0.003
842 57 0.0028
1046 57 0.0117
53 58 0.0113
57 58 0.0025
842 58 0.0326
849 58 0.0077
55 59 0.0108
60 59 0.0055
61 59 0.0104
1046 59 0.0166
59 60 0.0055
800 60 0.043
845 60 0.0027
59 61 0.0104
62 61 0.0083
63 61 0.0076
825 61 0.0223
61 62 0.0083
781 62 0.0355
821 62 0.0114
55 63 0.0141
61 63 0.0076
1036 63 0.003
1047 63 0.012
1 64 0.012
65 64 0.0085
67 64 0.0519
69 64 0.1026
64 65 0.0085
66 65 0.0256
1033 65 0.0146
65 66 0.0256
64 67 0.0519
68 67 0.0066
72 67 0.0289
67 68 0.0066
769 68 0.0057
1034 68 0.0072
64 69 0.1026
70 69 0.01
78 69 0.0119
69 70 0.01
71 70 0.0409
79 70 0.005
1043 70 0.0046
70 71 0.0409
75 71 0.015
703 71 0.0093
713 71 0.1595
67 72 0.0289
73 72 0.0121
77 72 0.0074
1034 72 0.003
72 73 0.0121
74 73 0.0267
754 73 0.0276
73 74 0.0267
75 74 0.046
753 74 0.0161
71 75 0.015
74 75 0.046
76 75 0.0375
753 75 0.0181
75 76 0.0375
713 76 0.0267
748 76 0.0524
72 77 0.0074
750 77 0.0072
753 77 0.0023
764 77 0.0053
69 78 0.0119
79 78 0.0105
80 78 0.0069
70 79 0.005
78 79 0.0105
693 79 0.0285
78 80 0.0069
1 81 0.0131
82 81 0.012
101 81 0.0115
81 82 0.012
88 82 0.01
101 82 0.027
683 82 0.0341
1 83 0.0185
84 83 0.0304
86 83 0.0127
83 84 0.0304
85 84 0.0158
91 84 0.0084
668 84 0.0534
84 85 0.0158
93 85 0.0399
669 85 0.0685
671 85 0.0286
83 86 0.0127
87 86 0.0124
101 86 0.0323
86 87 0.0124
668 87 0.0186
669 87 0.0238
670 87 0.0257
82 88 0.01
89 88 0.0653
670 88 0.0352
683 88 0.0056
88 89 0.0653
670 89 0.0203
671 89 0.0264
1045 89 0.0168
1 90 0.0066
91 90 0.0276
94 90 0.0251
84 91 0.0084
90 91 0.0276
92 91 0.0193
96 91 0.0103
91 92 0.0193
93 92 0.0155
625 92 0.0125
626 92 0.0052
85 93 0.0399
92 93 0.0155
627 93 0.0045
632 93 0.0286
1 94 0.0066
90 94 0.0251
95 94 0.0127
96 94 0.0088
97 94 0.0279
94 95 0.0127
612 95 0.0143
613 95 0.0173
91 96 0.0103
94 96 0.0088
625 96 0.0172
1 97 0.0087
94 97 0.0279
98 97 0.0161
97 98 0.0161
99 98 0.0045
589 98 0.0104
593 98 0.0066
98 99 0.0045
100 99 0.0089
612 99 0.0077
99 100 0.0089
595 100 0.008
612 100 0.0194
81 101 0.0115
82 101 0.027
86 101 0.0323
1 102 0.0094
103 102 0.0166
108 102 0.0203
102 103 0.0166
104 103 0.0163
105 103 0.005
107 103 0.0034
103 104 0.0163
590 104 0.0027
591 104 0.0136
593 104 0.0062
103 105 0.005
106 105 0.0088
585 105 0.0027
105 106 0.0088
103 107 0.0034
582 107 0.0055
588 107 0.0065
102 108 0.0203
109 108 0.043
113 108 0.005
108 109 0.043
525 109 0.0064
587 109 0.0916
526 110 0.0101
527 110 0.0059
587 110 0.0272
588 110 0.0428
112 111 0.0288
572 111 0.0107
588 111 0.0592
111 112 0.0288
558 112 0.001
559 112 0.0289
577 112 0.0147
578 112 0.0028
108 113 0.005
114 113 0.0058
116 113 0.0036
113 114 0.0058
115 114 0.0053
525 114 0.0062
114 115 0.0053
529 115 0.0035
554 115 0.0109
113 116 0.0036
117 116 0.0046
120 116 0.0032
116 117 0.0046
121 117 0.0051
554 117 0.0056
1 118 0.0108
119 118 0.0069
120 118 0.005
518 118 0.0015
118 119 0.0069
120 119 0.0149
522 119 0.0422
116 120 0.0032
118 120 0.005
119 120 0.0149
121 120 0.0188
519 120 0.0037
117 121 0.0051
120 121 0.0188
122 121 0.0069
124 121 0.0094
519 121 0.0027
520 121 0.0025
121 122 0.0069
124 122 0.0153
548 122 0.013
553 122 0.0025
531 123 0.0134
539 123 0.0074
544 123 0.0045
548 123 0.0287
121 124 0.0094
122 124 0.0153
125 124 0.0063
124 125 0.0063
541 125 0.0021
546 125 0.004
558 125 0.002
1 126 0.0017
127 126 0.003
129 126 0.0039
126 127 0.003
128 127 0.016
131 127 0.0116
127 128 0.016
131 128 0.0206
483 128 0.0301
516 128 0.0127
1 129 0.002
126 129 0.0039
130 129 0.0045
129 130 0.0045
127 131 0.0116
128 131 0.0206
133 131 0.0044
1 132 0.0032
133 132 0.0107
441 132 0.0045
447 132 0.0181
475 132 0.0008
131 133 0.0044
132 133 0.0107
134 133 0.0111
482 133 0.0089
133 134 0.0111
135 134 0.0207
136 134 0.0051
482 134 0.0069
134 135 0.0207
136 135 0.0183
481 135 0.0179
491 135 0.0097
134 136 0.0051
135 136 0.0183
483 136 0.0075
501 136 0.0026
1 137 0.0056
138 137 0.0074
441 137 0.0107
137 138 0.0074
139 138 0.0074
438 138 0.0033
440 138 0.0015
442 138 0.0023
138 139 0.0074
140 139 0.0033
141 139 0.0007
143 139 0.0017
139 140 0.0033
146 140 0.0082
428 140 0.0047
1 141 0.0109
139 141 0.0007
142 141 0.0094
141 142 0.0094
143 142 0.0095
155 142 0.0036
139 143 0.0017
142 143 0.0095
144 143 0.0193
146 143 0.0029
143 144 0.0193
145 144 0.006
155 144 0.0098
419 144 0.0166
144 145 0.006
414 145 0.0048
429 145 0.0029
140 146 0.0082
143 146 0.0029
147 146 0.0141
428 146 0.0088
146 147 0.0141
149 148 0.0286
156 148 0.0756
326 148 0.0449
148 149 0.0286
150 149 0.029
410 149 0.0032
149 150 0.029
151 150 0.0153
394 150 0.0202
150 151 0.0153
152 151 0.0177
394 151 0.0045
395 151 0.0077
396 151 0.0195
151 152 0.0177
360 152 0.018
387 152 0.0025
15 153 0.0138
154 153 0.0068
421 153 0.0501
153 154 0.0068
155 154 0.0099
425 154 0.007
142 155 0.0036
144 155 0.0098
154 155 0.0099
419 155 0.0049
148 156 0.0756
157 156 0.0166
364 156 0.0115
156 157 0.0166
158 157 0.0148
394 157 0.0177
157 158 0.0148
159 158 0.0899
397 158 0.0073
158 159 0.0899
160 159 0.023
385 159 0.0841
159 160 0.023
370 160 0.0131
412 160 0.0106
19 161 0.0256
162 161 0.0125
325 161 0.0181
161 162 0.0125
163 162 0.036
356 162 0.0084
162 163 0.036
164 163 0.0095
354 163 0.0096
163 164 0.0095
165 164 0.008
359 164 0.0105
164 165 0.008
166 165 0.0121
355 165 0.02
165 166 0.0121
14 167 0.0415
168 167 0.0297
327 167 0.0048
403 167 0.0298
167 168 0.0297
169 168 0.0215
180 168 0.0053
276 168 0.0153
168 169 0.0215
170 169 0.0349
313 169 0.0048
315 169 0.0692
169 170 0.0349
171 170 0.0036
173 170 0.0069
284 170 0.039
170 171 0.0036
172 171 0.0075
173 171 0.006
171 172 0.0075
320 172 0.0103
321 172 0.016
1140 172 0.0038
170 173 0.0069
171 173 0.006
318 173 0.0004
21 174 0.0089
175 174 0.0136
182 174 0.0461
13 175 0.0101
174 175 0.0136
176 175 0.0306
14 176 0.0207
175 176 0.0306
177 176 0.0358
14 177 0.0192
176 177 0.0358
178 177 0.012
194 177 0.0566
403 177 0.0097
177 178 0.012
179 178 0.0282
194 178 0.0128
178 179 0.0282
180 179 0.0268
403 179 0.0109
168 180 0.0053
179 180 0.0268
181 180 0.0095
180 181 0.0095
22 182 0.0127
24 182 0.0268
25 182 0.0131
174 182 0.0461
10 183 0.0191
184 183 0.0535
189 183 0.0116
183 184 0.0535
185 184 0.0194
190 184 0.0207
191 184 0.0234
184 185 0.0194
186 185 0.0293
187 185 0.0127
185 186 0.0293
187 186 0.0209
192 186 0.0086
185 187 0.0127
186 187 0.0209
188 187 0.016
211 187 0.0208
222 187 0.032
187 188 0.016
192 188 0.0067
221 188 0.0083
7 189 0.026
183 189 0.0116
190 189 0.015
184 190 0.0207
189 190 0.015
191 190 0.0179
5 191 0.0043
184 191 0.0234
190 191 0.0179
186 192 0.0086
188 192 0.0067
195 192 0.0168
25 193 0.1365
194 193 0.0713
195 193 0.0043
177 194 0.0566
178 194 0.0128
193 194 0.0713
192 195 0.0168
193 195 0.0043
196 195 0.0126
195 196 0.0126
276 196 0.0037
282 196 0.0039
3 197 0.009
4 197 0.0184
6 197 0.0339
2 198 0.1634
4 198 0.0266
199 198 0.102
20 199 0.0149
23 199 0.0562
198 199 0.102
3 200 0.0625
8 200 0.013
32 200 0.0125
9 201 0.0164
202 201 0.1189
1000 201 0.0066
201 202 0.1189
203 202 0.0347
999 202 0.0034
11 203 0.01
202 203 0.0347
204 203 0.0476
203 204 0.0476
205 204 0.0621
998 204 0.0053
11 205 0.0079
204 205 0.0621
206 205 0.0216
207 205 0.0168
997 205 0.0049
205 206 0.0216
215 206 0.0629
997 206 0.012
205 207 0.0168
208 207 0.0446
218 207 0.0299
207 208 0.0446
209 208 0.0287
218 208 0.1362
208 209 0.0287
210 209 0.0134
234 209 0.0051
209 210 0.0134
211 210 0.0173
233 210 0.018
187 211 0.0208
210 211 0.0173
212 211 0.0168
211 212 0.0168
213 212 0.0127
233 212 0.06
237 212 0.0082
212 213 0.0127
214 213 0.0271
225 213 0.0129
213 214 0.0271
228 214 0.0152
231 214 0.0147
232 214 0.0064
206 215 0.0629
216 215 0.0281
997 215 0.0011
215 216 0.0281
217 216 0.0366
253 216 0.0016
216 217 0.0366
218 217 0.0044
240 217 0.0157
246 217 0.0091
251 217 0.0678
207 218 0.0299
208 218 0.1362
217 218 0.0044
219 218 0.0119
218 219 0.0119
220 219 0.0062
240 219 0.0168
219 220 0.0062
231 220 0.0057
1097 220 0.002
188 221 0.0083
222 221 0.0305
264 221 0.0063
282 221 0.01
187 222 0.032
221 222 0.0305
223 222 0.0184
222 223 0.0184
224 223 0.001
262 223 0.0026
223 224 0.001
213 225 0.0129
226 225 0.0062
1106 225 0.0052
225 226 0.0062
227 226 0.0094
1104 226 0.0019
1105 226 0.0021
226 227 0.0094
214 228 0.0152
229 228 0.0164
230 228 0.016
228 229 0.0164
1101 229 0.038
1105 229 0.0049
228 230 0.016
1098 230 0.0026
1100 230 0.0119
214 231 0.0147
220 231 0.0057
1098 231 0.0039
214 232 0.0064
210 233 0.018
212 233 0.06
234 233 0.0096
209 234 0.0051
233 234 0.0096
235 234 0.0053
236 234 0.0041
234 235 0.0053
234 236 0.0041
212 237 0.0082
238 237 0.0018
239 237 0.0046
237 238 0.0018
237 239 0.0046
217 240 0.0157
219 240 0.0168
241 240 0.0059
246 240 0.0058
261 240 0.0014
240 241 0.0059
242 241 0.0055
248 241 0.0048
249 241 0.0025
241 242 0.0055
243 242 0.0147
250 242 0.0114
242 243 0.0147
244 243 0.0176
245 243 0.0143
243 244 0.0176
243 245 0.0143
217 246 0.0091
240 246 0.0058
247 246 0.0023
246 247 0.0023
241 248 0.0048
249 248 0.0066
1094 248 0.0038
1095 248 0.0063
241 249 0.0025
248 249 0.0066
1093 249 0.0058
242 250 0.0114
217 251 0.0678
252 251 0.0076
258 251 0.0039
251 252 0.0076
253 252 0.0035
255 252 0.0044
216 253 0.0016
252 253 0.0035
254 253 0.0073
253 254 0.0073
252 255 0.0044
256 255 0.004
257 255 0.0035
255 256 0.004
255 257 0.0035
251 258 0.0039
259 258 0.0021
260 258 0.0028
258 259 0.0021
258 260 0.0028
240 261 0.0014
223 262 0.0026
263 262 0.0059
1106 262 0.0017
262 263 0.0059
221 264 0.0063
265 264 0.0264
269 264 0.0061
264 265 0.0264
266 265 0.0263
1118 265 0.006
265 266 0.0263
267 266 0.0072
272 266 0.0506
266 267 0.0072
268 267 0.0295
1107 267 0.0106
1118 267 0.0069
267 268 0.0295
264 269 0.0061
270 269 0.0107
280 269 0.0226
269 270 0.0107
271 270 0.0145
408 270 0.0137
270 271 0.0145
266 272 0.0506
273 272 0.0063
274 272 0.0109
275 272 0.0157
1112 272 0.0045
272 273 0.0063
272 274 0.0109
1108 274 0.0178
1111 274 0.014
272 275 0.0157
168 276 0.0153
196 276 0.0037
277 276 0.0668
276 277 0.0668
278 277 0.0136
281 277 0.0097
287 277 0.0111
277 278 0.0136
279 278 0.0289
283 278 0.0068
287 278 0.055
278 279 0.0289
280 279 0.0104
283 279 0.0067
269 280 0.0226
279 280 0.0104
408 280 0.0063
277 281 0.0097
196 282 0.0039
221 282 0.01
283 282 0.0027
278 283 0.0068
279 283 0.0067
282 283 0.0027
170 284 0.039
285 284 0.0247
287 284 0.0166
284 285 0.0247
286 285 0.0778
308 285 0.0139
408 285 0.008
285 286 0.0778
288 286 0.1458
292 286 0.0195
277 287 0.0111
278 287 0.055
284 287 0.0166
286 288 0.1458
289 288 0.009
297 288 0.0086
407 288 0.0471
288 289 0.009
290 289 0.0288
291 289 0.0088
289 290 0.0288
1120 290 0.0115
1123 290 0.011
289 291 0.0088
1115 291 0.0193
1116 291 0.0168
1117 291 0.0162
286 292 0.0195
293 292 0.0172
408 292 0.0037
292 293 0.0172
294 293 0.008
295 293 0.0107
296 293 0.0094
293 294 0.008
293 295 0.0107
293 296 0.0094
288 297 0.0086
298 297 0.0104
305 297 0.0071
297 298 0.0104
299 298 0.0114
300 298 0.0068
298 299 0.0114
298 300 0.0068
302 301 0.0482
406 301 0.06
407 301 0.0768
301 302 0.0482
303 302 0.0409
305 302 0.0082
405 302 0.0103
302 303 0.0409
304 303 0.0232
1127 303 0.0076
303 304 0.0232
1129 304 0.0233
1134 304 0.0189
297 305 0.0071
302 305 0.0082
306 305 0.017
305 306 0.017
307 306 0.0439
1127 306 0.022
306 307 0.0439
285 308 0.0139
309 308 0.0016
310 308 0.0058
308 309 0.0016
310 309 0.0118
312 309 0.004
308 310 0.0058
309 310 0.0118
311 310 0.0087
310 311 0.0087
309 312 0.004
407 312 0.0087
1140 312 0.0037
169 313 0.0048
314 313 0.0048
315 313 0.0038
316 313 0.0054
313 314 0.0048
169 315 0.0692
313 315 0.0038
316 315 0.0074
313 316 0.0054
315 316 0.0074
317 316 0.025
316 317 0.025
318 317 0.0066
319 317 0.0073
173 318 0.0004
317 318 0.0066
320 318 0.0149
351 318 0.0132
317 319 0.0073
336 319 0.0211
351 319 0.0071
172 320 0.0103
318 320 0.0149
321 320 0.0053
172 321 0.016
320 321 0.0053
322 321 0.02
321 322 0.02
14 323 0.0146
324 323 0.0178
325 323 0.0263
323 324 0.0178
161 325 0.0181
323 325 0.0263
331 325 0.0048
333 325 0.0502
15 326 0.0243
16 326 0.1809
18 326 0.0179
148 326 0.0449
167 327 0.0048
328 327 0.0069
329 327 0.0089
330 327 0.0063
327 328 0.0069
327 329 0.0089
327 330 0.0063
13 331 0.026
14 331 0.039
325 331 0.0048
332 331 0.0267
18 332 0.0653
19 332 0.0624
331 332 0.0267
325 333 0.0502
334 333 0.0573
352 333 0.0057
333 334 0.0573
335 334 0.0208
341 334 0.0169
334 335 0.0208
336 335 0.1216
341 335 0.0037
319 336 0.0211
335 336 0.1216
337 336 0.0063
340 336 0.0028
348 336 0.0269
336 337 0.0063
338 337 0.0085
340 337 0.0195
337 338 0.0085
339 338 0.0313
340 338 0.0121
347 338 0.0165
338 339 0.0313
1148 339 0.0208
1159 339 0.029
336 340 0.0028
337 340 0.0195
338 340 0.0121
344 340 0.0059
334 341 0.0169
335 341 0.0037
342 341 0.029
353 341 0.0286
341 342 0.029
343 342 0.0097
344 342 0.0224
353 342 0.0805
342 343 0.0097
361 343 0.0046
1149 343 0.0066
340 344 0.0059
342 344 0.0224
345 344 0.0087
344 345 0.0087
346 345 0.0196
347 345 0.0195
345 346 0.0196
347 346 0.0445
1159 346 0.0275
338 347 0.0165
345 347 0.0195
346 347 0.0445
336 348 0.0269
349 348 0.0104
351 348 0.0596
348 349 0.0104
350 349 0.0346
1148 349 0.0226
349 350 0.0346
1140 350 0.0372
1142 350 0.0387
318 351 0.0132
319 351 0.0071
348 351 0.0596
333 352 0.0057
353 352 0.0124
354 352 0.0113
341 353 0.0286
342 353 0.0805
352 353 0.0124
355 353 0.0112
163 354 0.0096
352 354 0.0113
355 354 0.0177
165 355 0.02
353 355 0.0112
354 355 0.0177
162 356 0.0084
357 356 0.0092
358 356 0.0103
356 357 0.0092
356 358 0.0103
164 359 0.0105
152 360 0.018
361 360 0.0173
362 360 0.0122
393 360 0.0043
343 361 0.0046
360 361 0.0173
363 361 0.0039
1160 361 0.0054
360 362 0.0122
363 362 0.0052
391 362 0.0044
1161 362 0.0057
361 363 0.0039
362 363 0.0052
1325 363 0.0095
156 364 0.0115
365 364 0.0472
427 364 0.049
364 365 0.0472
366 365 0.0479
371 365 0.0146
365 366 0.0479
367 366 0.0156
412 366 0.0033
366 367 0.0156
368 367 0.0203
413 367 0.0299
367 368 0.0203
369 368 0.008
373 368 0.0642
368 369 0.008
370 369 0.0195
412 369 0.0149
160 370 0.0131
369 370 0.0195
389 370 0.0041
411 370 0.0053
365 371 0.0146
372 371 0.0046
427 371 0.011
371 372 0.0046
368 373 0.0642
374 373 0.0342
433 373 0.0065
373 374 0.0342
375 374 0.0194
383 374 0.0096
374 375 0.0194
376 375 0.0116
436 375 0.0062
375 376 0.0116
377 376 0.0358
435 376 0.0086
436 376 0.0054
376 377 0.0358
378 377 0.007
379 377 0.0526
377 378 0.007
377 379 0.0526
380 379 0.0095
381 379 0.0487
379 380 0.0095
379 381 0.0487
382 381 0.0303
383 381 0.0068
381 382 0.0303
1181 382 0.0311
1182 382 0.0479
374 383 0.0096
381 383 0.0068
384 383 0.0093
1038 383 0.0072
383 384 0.0093
1169 384 0.0928
1174 384 0.042
159 385 0.0841
386 385 0.0606
388 385 0.0221
385 386 0.0606
387 386 0.0111
399 386 0.0193
152 387 0.0025
386 387 0.0111
393 387 0.0032
385 388 0.0221
389 388 0.0209
393 388 0.004
370 389 0.0041
388 389 0.0209
390 389 0.0331
389 390 0.0331
391 390 0.0251
409 390 0.0017
362 391 0.0044
390 391 0.0251
392 391 0.0166
391 392 0.0166
1166 392 0.0134
1180 392 0.0093
360 393 0.0043
387 393 0.0032
388 393 0.004
150 394 0.0202
151 394 0.0045
157 394 0.0177
395 394 0.0081
151 395 0.0077
394 395 0.0081
396 395 0.0084
398 395 0.0032
151 396 0.0195
395 396 0.0084
401 396 0.0132
158 397 0.0073
395 398 0.0032
399 398 0.0053
401 398 0.0042
386 399 0.0193
398 399 0.0053
400 399 0.0058
399 400 0.0058
396 401 0.0132
398 401 0.0042
402 401 0.0286
401 402 0.0286
167 403 0.0298
177 403 0.0097
179 403 0.0109
18 404 0.0112
302 405 0.0103
406 405 0.0049
1134 405 0.0077
301 406 0.06
405 406 0.0049
407 406 0.0188
288 407 0.0471
301 407 0.0768
312 407 0.0087
406 407 0.0188
270 408 0.0137
280 408 0.0063
285 408 0.008
292 408 0.0037
390 409 0.0017
411 409 0.0056
1180 409 0.0152
149 410 0.0032
370 411 0.0053
409 411 0.0056
1037 411 0.011
160 412 0.0106
366 412 0.0033
369 412 0.0149
367 413 0.0299
414 413 0.0054
430 413 0.0055
145 414 0.0048
413 414 0.0054
415 414 0.011
416 414 0.0137
414 415 0.011
414 416 0.0137
417 416 0.0069
418 416 0.0079
416 417 0.0069
416 418 0.0079
144 419 0.0166
155 419 0.0049
420 419 0.0041
419 420 0.0041
153 421 0.0501
422 421 0.0129
427 421 0.0052
421 422 0.0129
423 422 0.0056
426 422 0.0049
422 423 0.0056
424 423 0.0042
444 423 0.0128
423 424 0.0042
154 425 0.007
422 426 0.0049
364 427 0.049
371 427 0.011
421 427 0.0052
140 428 0.0047
146 428 0.0088
429 428 0.0121
440 428 0.0057
145 429 0.0029
428 429 0.0121
440 429 0.0049
473 429 0.0086
413 430 0.0055
431 430 0.0083
434 430 0.0244
430 431 0.0083
432 431 0.0056
435 431 0.0017
431 432 0.0056
465 432 0.0087
466 432 0.0193
373 433 0.0065
434 433 0.0202
436 433 0.0075
430 434 0.0244
433 434 0.0202
435 434 0.013
376 435 0.0086
431 435 0.0017
434 435 0.013
437 435 0.0073
375 436 0.0062
376 436 0.0054
433 436 0.0075
435 437 0.0073
138 438 0.0033
439 438 0.009
442 438 0.0015
443 438 0.0035
438 439 0.009
138 440 0.0015
428 440 0.0057
429 440 0.0049
443 440 0.009
474 440 0.01
132 441 0.0045
137 441 0.0107
442 441 0.0018
443 441 0.0011
138 442 0.0023
438 442 0.0015
441 442 0.0018
438 443 0.0035
440 443 0.009
441 443 0.0011
423 444 0.0128
445 444 0.0077
446 444 0.005
444 445 0.0077
444 446 0.005
132 447 0.0181
448 447 0.0036
460 447 0.0022
447 448 0.0036
449 448 0.0029
460 448 0.0076
448 449 0.0029
450 449 0.0127
451 449 0.0032
482 449 0.0046
449 450 0.0127
451 450 0.007
481 450 0.0023
449 451 0.0032
450 451 0.007
452 451 0.0358
461 451 0.0066
451 452 0.0358
453 452 0.0072
476 452 0.0115
477 452 0.0067
452 453 0.0072
454 453 0.0157
457 453 0.0128
481 453 0.0028
453 454 0.0157
455 454 0.014
510 454 0.015
454 455 0.014
456 455 0.0118
457 455 0.0081
459 455 0.0244
1199 455 0.0077
455 456 0.0118
1196 456 0.0106
1197 456 0.0436
1198 456 0.0595
453 457 0.0128
455 457 0.0081
458 457 0.0068
457 458 0.0068
455 459 0.0244
1191 459 0.0225
1192 459 0.0368
447 460 0.0022
448 460 0.0076
461 460 0.0117
474 460 0.0079
451 461 0.0066
460 461 0.0117
462 461 0.0118
474 461 0.0213
461 462 0.0118
463 462 0.0057
468 462 0.0081
473 462 0.0065
474 462 0.0175
462 463 0.0057
464 463 0.0029
476 463 0.0053
463 464 0.0029
465 464 0.0073
476 464 0.0097
1183 464 0.0039
432 465 0.0087
464 465 0.0073
466 465 0.0116
432 466 0.0193
465 466 0.0116
467 466 0.0157
466 467 0.0157
462 468 0.0081
469 468 0.0165
471 468 0.0039
468 469 0.0165
470 469 0.0075
472 469 0.0072
469 470 0.0075
468 471 0.0039
469 472 0.0072
429 473 0.0086
462 473 0.0065
474 473 0.0047
440 474 0.01
460 474 0.0079
461 474 0.0213
462 474 0.0175
473 474 0.0047
132 475 0.0008
452 476 0.0115
463 476 0.0053
464 476 0.0097
452 477 0.0067
478 477 0.0062
479 477 0.0052
477 478 0.0062
479 478 0.0189
1186 478 0.0071
1187 478 0.0085
477 479 0.0052
478 479 0.0189
480 479 0.0012
479 480 0.0012
135 481 0.0179
450 481 0.0023
453 481 0.0028
133 482 0.0089
134 482 0.0069
449 482 0.0046
128 483 0.0301
136 483 0.0075
484 483 0.0122
483 484 0.0122
485 484 0.007
501 484 0.0356
530 484 0.0032
484 485 0.007
486 485 0.0075
551 485 0.0074
485 486 0.0075
487 486 0.006
506 486 0.0321
507 486 0.0045
486 487 0.006
488 487 0.0063
545 487 0.0041
487 488 0.0063
489 488 0.015
507 488 0.0042
488 489 0.015
490 489 0.008
534 489 0.0058
489 490 0.008
135 491 0.0097
492 491 0.0056
501 491 0.0021
491 492 0.0056
493 492 0.0173
514 492 0.0062
492 493 0.0173
494 493 0.0105
510 493 0.007
515 493 0.0054
493 494 0.0105
495 494 0.0487
496 494 0.0228
497 494 0.0068
494 495 0.0487
498 495 0.0164
1203 495 0.007
494 496 0.0228
499 496 0.0122
500 496 0.0097
494 497 0.0068
498 497 0.0345
1209 497 0.0213
1211 497 0.0257
495 498 0.0164
497 498 0.0345
1209 498 0.0058
496 499 0.0122
1193 499 0.0422
1200 499 0.0337
496 500 0.0097
136 501 0.0026
484 501 0.0356
491 501 0.0021
502 501 0.0042
501 502 0.0042
503 502 0.0161
506 502 0.0073
502 503 0.0161
504 503 0.0129
514 503 0.0395
503 504 0.0129
505 504 0.0087
508 504 0.0038
514 504 0.0164
504 505 0.0087
486 506 0.0321
502 506 0.0073
508 506 0.0036
486 507 0.0045
488 507 0.0042
552 507 0.0023
504 508 0.0038
506 508 0.0036
509 508 0.0196
1211 508 0.0091
508 509 0.0196
454 510 0.015
493 510 0.007
511 510 0.0606
510 511 0.0606
512 511 0.0083
513 511 0.0233
511 512 0.0083
511 513 0.0233
492 514 0.0062
503 514 0.0395
504 514 0.0164
493 515 0.0054
128 516 0.0127
517 516 0.0047
530 516 0.0016
516 517 0.0047
118 518 0.0015
519 518 0.0092
520 518 0.0053
120 519 0.0037
121 519 0.0027
518 519 0.0092
121 520 0.0025
518 520 0.0053
521 520 0.0034
520 521 0.0034
119 522 0.0422
523 522 0.0213
524 522 0.0072
522 523 0.0213
522 524 0.0072
109 525 0.0064
114 525 0.0062
526 525 0.009
110 526 0.0101
525 526 0.009
587 526 0.0034
110 527 0.0059
528 527 0.0125
529 527 0.0037
527 528 0.0125
529 528 0.0031
554 528 0.0014
555 528 0.0157
115 529 0.0035
527 529 0.0037
528 529 0.0031
484 530 0.0032
516 530 0.0016
551 530 0.0032
123 531 0.0134
532 531 0.0071
536 531 0.0103
531 532 0.0071
533 532 0.0085
534 532 0.0071
1226 532 0.0039
532 533 0.0085
1213 533 0.0142
1215 533 0.0146
1219 533 0.0193
489 534 0.0058
532 534 0.0071
535 534 0.0031
534 535 0.0031
531 536 0.0103
537 536 0.0394
1223 536 0.0077
1228 536 0.0061
536 537 0.0394
538 537 0.011
1231 537 0.0034
537 538 0.011
539 538 0.0037
1232 538 0.0123
1235 538 0.0282
123 539 0.0074
538 539 0.0037
540 539 0.003
1238 539 0.0018
539 540 0.003
125 541 0.0021
542 541 0.008
543 541 0.0021
546 541 0.0013
541 542 0.008
541 543 0.0021
123 544 0.0045
545 544 0.002
548 544 0.0057
487 545 0.0041
544 545 0.002
549 545 0.0053
125 546 0.004
541 546 0.0013
547 546 0.0046
546 547 0.0046
122 548 0.013
123 548 0.0287
544 548 0.0057
549 548 0.0015
545 549 0.0053
548 549 0.0015
550 549 0.0094
551 549 0.0041
549 550 0.0094
485 551 0.0074
530 551 0.0032
549 551 0.0041
507 552 0.0023
122 553 0.0025
115 554 0.0109
117 554 0.0056
528 554 0.0014
528 555 0.0157
556 555 0.0016
557 555 0.0046
555 556 0.0016
555 557 0.0046
112 558 0.001
125 558 0.002
570 558 0.0018
112 559 0.0289
560 559 0.0212
575 559 0.0176
559 560 0.0212
561 560 0.0169
569 560 0.0123
560 561 0.0169
563 561 0.031
564 561 0.0131
573 561 0.0132
563 562 0.0065
1242 562 0.0118
1246 562 0.0096
561 563 0.031
562 563 0.0065
1246 563 0.0024
561 564 0.0131
565 564 0.0018
567 564 0.0025
564 565 0.0018
566 565 0.0043
569 565 0.0018
565 566 0.0043
569 566 0.0024
1240 566 0.0017
564 567 0.0025
568 567 0.0067
1240 567 0.0033
567 568 0.0067
560 569 0.0123
565 569 0.0018
566 569 0.0024
570 569 0.0068
1239 569 0.0013
558 570 0.0018
569 570 0.0068
571 570 0.0024
570 571 0.0024
111 572 0.0107
561 573 0.0132
574 573 0.0039
575 573 0.0041
1250 573 0.0082
1252 573 0.0074
573 574 0.0039
576 574 0.0017
1256 574 0.0128
559 575 0.0176
573 575 0.0041
576 575 0.0036
579 575 0.0032
574 576 0.0017
575 576 0.0036
1257 576 0.0042
112 577 0.0147
585 577 0.0004
610 577 0.0007
112 578 0.0028
575 579 0.0032
580 579 0.0028
581 579 0.0027
579 580 0.0028
1259 580 0.0089
1260 580 0.0116
1261 580 0.0053
579 581 0.0027
107 582 0.0055
583 582 0.0067
584 582 0.0041
582 583 0.0067
582 584 0.0041
105 585 0.0027
577 585 0.0004
586 585 0.0022
585 586 0.0022
109 587 0.0916
110 587 0.0272
526 587 0.0034
107 588 0.0065
110 588 0.0428
111 588 0.0592
98 589 0.0104
104 590 0.0027
104 591 0.0136
592 591 0.009
593 591 0.0072
594 591 0.0052
591 592 0.009
98 593 0.0066
104 593 0.0062
591 593 0.0072
591 594 0.0052
100 595 0.008
596 595 0.032
613 595 0.0007
595 596 0.032
597 596 0.0042
598 596 0.0163
604 596 0.0062
596 597 0.0042
596 598 0.0163
599 598 0.0178
604 598 0.007
598 599 0.0178
600 599 0.0183
606 599 0.001
610 599 0.0021
599 600 0.0183
601 600 0.0131
603 600 0.0005
604 600 0.0033
600 601 0.0131
602 601 0.0073
607 601 0.1065
1264 601 0.0048
1268 601 0.0037
601 602 0.0073
1262 602 0.0145
1267 602 0.0031
600 603 0.0005
596 604 0.0062
598 604 0.007
600 604 0.0033
605 604 0.0013
604 605 0.0013
619 605 0.0005
1013 605 0.0031
1271 605 0.0009
599 606 0.001
601 607 0.1065
608 607 0.0021
609 607 0.0014
607 608 0.0021
607 609 0.0014
577 610 0.0007
599 610 0.0021
611 610 0.0022
610 611 0.0022
95 612 0.0143
99 612 0.0077
100 612 0.0194
95 613 0.0173
595 613 0.0007
614 613 0.0536
613 614 0.0536
615 614 0.0277
623 614 0.0096
626 614 0.0017
614 615 0.0277
616 615 0.0321
629 615 0.0184
615 616 0.0321
617 616 0.0089
619 616 0.0022
616 617 0.0089
618 617 0.0071
1014 617 0.0148
617 618 0.0071
1008 618 0.0036
1009 618 0.005
605 619 0.0005
616 619 0.0022
620 619 0.0015
621 619 0.0018
622 619 0.0033
623 619 0.0048
619 620 0.0015
619 621 0.0018
619 622 0.0033
614 623 0.0096
619 623 0.0048
624 623 0.0009
623 624 0.0009
92 625 0.0125
96 625 0.0172
626 625 0.0274
667 625 0.0027
92 626 0.0052
614 626 0.0017
625 626 0.0274
627 626 0.0439
93 627 0.0045
626 627 0.0439
628 627 0.0206
639 627 0.0129
627 628 0.0206
629 628 0.0082
682 628 0.0029
615 629 0.0184
628 629 0.0082
630 629 0.0793
629 630 0.0793
631 630 0.0124
682 630 0.0155
630 631 0.0124
639 631 0.0027
645 631 0.0112
682 631 0.0071
93 632 0.0286
633 632 0.0176
635 632 0.025
671 632 0.0015
681 632 0.0055
632 633 0.0176
634 633 0.0121
681 633 0.007
633 634 0.0121
642 634 0.025
657 634 0.0071
632 635 0.025
636 635 0.0295
673 635 0.0029
635 636 0.0295
637 636 0.0332
673 636 0.0016
636 637 0.0332
638 637 0.0318
674 637 0.0031
637 638 0.0318
659 638 0.0448
662 638 0.0043
627 639 0.0129
631 639 0.0027
640 639 0.0081
648 639 0.0077
657 639 0.0013
658 639 0.0026
639 640 0.0081
641 640 0.0265
645 640 0.0046
640 641 0.0265
650 641 0.0013
1287 641 0.0274
634 642 0.025
643 642 0.0158
658 642 0.0015
663 642 0.004
642 643 0.0158
644 643 0.0131
656 643 0.0016
665 643 0.0025
643 644 0.0131
654 644 0.0093
1039 644 0.0017
631 645 0.0112
640 645 0.0046
646 645 0.0102
647 645 0.0028
1003 645 0.0028
1006 645 0.0045
1287 645 0.0111
645 646 0.0102
647 646 0.0134
1280 646 0.0011
645 647 0.0028
646 647 0.0134
1001 647 0.0099
1279 647 0.0049
1280 647 0.0045
639 648 0.0077
649 648 0.0031
656 648 0.0008
648 649 0.0031
650 649 0.0035
656 649 0.0009
641 650 0.0013
649 650 0.0035
651 650 0.0063
650 651 0.0063
652 651 0.0064
653 651 0.017
1287 651 0.0086
651 652 0.0064
1280 652 0.0066
1284 652 0.0203
651 653 0.017
644 654 0.0093
655 654 0.0105
1288 654 0.0081
654 655 0.0105
643 656 0.0016
648 656 0.0008
649 656 0.0009
634 657 0.0071
639 657 0.0013
658 657 0.0027
639 658 0.0026
642 658 0.0015
657 658 0.0027
638 659 0.0448
660 659 0.038
678 659 0.0016
659 660 0.038
661 660 0.0013
679 660 0.0021
680 660 0.0095
660 661 0.0013
638 662 0.0043
642 663 0.004
664 663 0.0026
665 663 0.0032
663 664 0.0026
643 665 0.0025
663 665 0.0032
666 665 0.0013
665 666 0.0013
625 667 0.0027
84 668 0.0534
87 668 0.0186
669 668 0.0482
85 669 0.0685
87 669 0.0238
668 669 0.0482
87 670 0.0257
88 670 0.0352
89 670 0.0203
85 671 0.0286
89 671 0.0264
632 671 0.0015
672 671 0.0076
671 672 0.0076
673 672 0.0023
1045 672 0.0911
635 673 0.0029
636 673 0.0016
672 673 0.0023
637 674 0.0031
675 674 0.0058
688 674 0.0033
674 675 0.0058
676 675 0.0065
688 675 0.0043
675 676 0.0065
677 676 0.0015
678 676 0.0053
687 676 0.0038
676 677 0.0015
659 678 0.0016
676 678 0.0053
690 678 0.0008
660 679 0.0021
660 680 0.0095
632 681 0.0055
633 681 0.007
1283 681 0.0046
628 682 0.0029
630 682 0.0155
631 682 0.0071
82 683 0.0341
88 683 0.0056
684 683 0.0419
1044 683 0.0104
683 684 0.0419
685 684 0.0451
1044 684 0.0053
684 685 0.0451
686 685 0.0072
689 685 0.0153
685 686 0.0072
687 686 0.0102
688 686 0.0051
676 687 0.0038
686 687 0.0102
692 687 0.0037
674 688 0.0033
675 688 0.0043
686 688 0.0051
685 689 0.0153
690 689 0.0033
692 689 0.0033
701 689 0.0182
678 690 0.0008
689 690 0.0033
691 690 0.0011
690 691 0.0011
687 692 0.0037
689 692 0.0033
1018 692 0.0067
79 693 0.0285
694 693 0.0185
695 693 0.0116
1042 693 0.0062
693 694 0.0185
695 694 0.0345
700 694 0.0069
693 695 0.0116
694 695 0.0345
696 695 0.0142
717 695 0.003
695 696 0.0142
697 696 0.0188
703 696 0.005
696 697 0.0188
698 697 0.0269
703 697 0.0041
716 697 0.0063
1019 697 0.0025
697 698 0.0269
699 698 0.0077
1020 698 0.0035
698 699 0.0077
711 699 0.003
712 699 0.0261
720 699 0.001
694 700 0.0069
701 700 0.0256
717 700 0.0082
689 701 0.0182
700 701 0.0256
702 701 0.0414
716 701 0.0035
701 702 0.0414
704 702 0.0069
706 702 0.0143
709 702 0.0129
71 703 0.0093
696 703 0.005
697 703 0.0041
702 704 0.0069
705 704 0.0029
1017 704 0.0034
704 705 0.0029
702 706 0.0143
707 706 0.0267
710 706 0.0016
706 707 0.0267
708 707 0.018
1289 707 0.0026
707 708 0.018
722 708 0.0014
723 708 0.0006
702 709 0.0129
710 709 0.001
711 709 0.0015
712 709 0.0014
706 710 0.0016
709 710 0.001
711 710 0.0014
699 711 0.003
709 711 0.0015
710 711 0.0014
712 711 0.0023
699 712 0.0261
709 712 0.0014
711 712 0.0023
71 713 0.1595
76 713 0.0267
714 713 0.014
713 714 0.014
715 714 0.0094
760 714 0.0066
1040 714 0.0013
714 715 0.0094
718 715 0.0109
727 715 0.0052
728 715 0.0102
772 715 0.004
1041 715 0.0067
697 716 0.0063
701 716 0.0035
717 716 0.0044
695 717 0.003
700 717 0.0082
716 717 0.0044
715 718 0.0109
719 718 0.0086
1041 718 0.0074
718 719 0.0086
720 719 0.0227
1019 719 0.0025
699 720 0.001
719 720 0.0227
721 720 0.0045
725 720 0.0226
726 720 0.0227
727 720 0.033
720 721 0.0045
722 721 0.0041
725 721 0.0043
708 722 0.0014
721 722 0.0041
723 722 0.0049
708 723 0.0006
722 723 0.0049
724 723 0.0056
723 724 0.0056
725 724 0.0267
726 724 0.0228
733 724 0.0026
1022 724 0.0055
1290 724 0.0031
720 725 0.0226
721 725 0.0043
724 725 0.0267
720 726 0.0227
724 726 0.0228
1021 726 0.0014
715 727 0.0052
720 727 0.033
729 727 0.0016
715 728 0.0102
729 728 0.0279
731 728 0.0122
745 728 0.004
1024 728 0.0045
727 729 0.0016
728 729 0.0279
730 729 0.007
731 729 0.0108
729 730 0.007
731 730 0.0024
734 730 0.0229
736 730 0.0151
728 731 0.0122
729 731 0.0108
730 731 0.0024
732 731 0.012
734 731 0.002
731 732 0.012
740 732 0.0086
744 732 0.0024
1023 732 0.0025
724 733 0.0026
737 733 0.0089
1293 733 0.0074
1294 733 0.0119
730 734 0.0229
731 734 0.002
735 734 0.01
739 734 0.0034
1301 734 0.0026
734 735 0.01
1301 735 0.0062
1303 735 0.0011
730 736 0.0151
737 736 0.0047
738 736 0.0024
1296 736 0.0022
733 737 0.0089
736 737 0.0047
1294 737 0.0113
1295 737 0.0052
736 738 0.0024
734 739 0.0034
1296 739 0.0119
1300 739 0.0053
1301 739 0.0109
732 740 0.0086
741 740 0.0019
742 740 0.0028
743 740 0.0016
1304 740 0.0012
1307 740 0.0011
740 741 0.0019
740 742 0.0028
778 742 0.0022
1310 742 0.0114
740 743 0.0016
732 744 0.0024
728 745 0.004
746 745 0.0015
747 745 0.001
745 746 0.0015
745 747 0.001
76 748 0.0524
749 748 0.1088
757 748 0.0291
760 748 0.0151
748 749 0.1088
750 749 0.0035
751 749 0.0024
752 749 0.0035
77 750 0.0072
749 750 0.0035
764 750 0.0044
749 751 0.0024
749 752 0.0035
74 753 0.0161
75 753 0.0181
77 753 0.0023
73 754 0.0276
755 754 0.0048
756 754 0.0055
754 755 0.0048
754 756 0.0055
748 757 0.0291
758 757 0.0267
759 757 0.0035
757 758 0.0267
1027 758 0.0076
1028 758 0.0079
757 759 0.0035
760 759 0.0108
761 759 0.0116
1027 759 0.0287
714 760 0.0066
748 760 0.0151
759 760 0.0108
1025 760 0.0012
759 761 0.0116
762 761 0.0146
763 761 0.0052
761 762 0.0146
763 762 0.017
765 762 0.0135
766 762 0.0237
761 763 0.0052
762 763 0.017
1318 763 0.0031
77 764 0.0053
750 764 0.0044
765 764 0.0028
782 764 0.0036
762 765 0.0135
764 765 0.0028
766 765 0.0215
788 765 0.0023
1027 765 0.004
762 766 0.0237
765 766 0.0215
767 766 0.0426
766 767 0.0426
768 767 0.009
773 767 0.0045
791 767 0.0085
767 768 0.009
773 768 0.002
777 768 0.0158
779 768 0.0061
1026 768 0.0044
1314 768 0.0023
68 769 0.0057
770 769 0.0106
771 769 0.0092
781 769 0.023
769 770 0.0106
769 771 0.0092
715 772 0.004
767 773 0.0045
768 773 0.002
774 773 0.0052
773 774 0.0052
775 774 0.0039
776 774 0.0021
774 775 0.0039
774 776 0.0021
768 777 0.0158
778 777 0.0041
779 777 0.0015
1315 777 0.0015
742 778 0.0022
777 778 0.0041
1315 778 0.0061
768 779 0.0061
777 779 0.0015
780 779 0.0046
779 780 0.0046
62 781 0.0355
769 781 0.023
782 781 0.0327
764 782 0.0036
781 782 0.0327
783 782 0.0322
794 782 0.0055
1030 782 0.0093
782 783 0.0322
784 783 0.0144
787 783 0.0036
783 784 0.0144
785 784 0.0058
804 784 0.002
784 785 0.0058
786 785 0.0017
798 785 0.0055
1026 785 0.0003
785 786 0.0017
795 786 0.0024
799 786 0.004
1316 786 0.001
783 787 0.0036
788 787 0.0069
789 787 0.0081
765 788 0.0023
787 788 0.0069
790 788 0.0043
791 788 0.0039
794 788 0.0026
787 789 0.0081
788 790 0.0043
767 791 0.0085
788 791 0.0039
792 791 0.0028
793 791 0.0016
791 792 0.0028
791 793 0.0016
782 794 0.0055
788 794 0.0026
1029 794 0.0053
786 795 0.0024
796 795 0.0041
797 795 0.0013
799 795 0.018
1316 795 0.0014
795 796 0.0041
797 796 0.0038
1315 796 0.0029
795 797 0.0013
796 797 0.0038
805 797 0.0008
785 798 0.0055
799 798 0.0112
804 798 0.0055
786 799 0.004
795 799 0.018
798 799 0.0112
60 800 0.043
801 800 0.017
831 800 0.0184
800 801 0.017
802 801 0.0161
830 801 0.0311
801 802 0.0161
803 802 0.0098
812 802 0.0119
802 803 0.0098
804 803 0.0062
807 803 0.0045
822 803 0.0037
784 804 0.002
798 804 0.0055
803 804 0.0062
805 804 0.0041
1321 804 0.0005
797 805 0.0008
804 805 0.0041
806 805 0.0032
805 806 0.0032
803 807 0.0045
808 807 0.0038
809 807 0.0033
807 808 0.0038
807 809 0.0033
810 809 0.0016
811 809 0.0019
809 810 0.0016
809 811 0.0019
802 812 0.0119
813 812 0.0037
820 812 0.0006
833 812 0.0106
812 813 0.0037
814 813 0.0027
817 813 0.0016
813 814 0.0027
815 814 0.0025
816 814 0.0022
814 815 0.0025
814 816 0.0022
813 817 0.0016
818 817 0.0013
819 817 0.0009
817 818 0.0013
817 819 0.0009
812 820 0.0006
62 821 0.0114
822 821 0.0069
824 821 0.0053
826 821 0.0064
803 822 0.0037
821 822 0.0069
823 822 0.0058
822 823 0.0058
821 824 0.0053
61 825 0.0223
826 825 0.0054
829 825 0.0065
821 826 0.0064
825 826 0.0054
827 826 0.0173
826 827 0.0173
828 827 0.0022
837 827 0.0031
827 828 0.0022
825 829 0.0065
801 830 0.0311
800 831 0.0184
832 831 0.0142
847 831 0.007
848 831 0.0006
831 832 0.0142
833 832 0.0054
835 832 0.001
812 833 0.0106
832 833 0.0054
834 833 0.0007
836 833 0.0007
833 834 0.0007
832 835 0.001
833 836 0.0007
827 837 0.0031
57 838 0.003
839 838 0.0053
841 838 0.0097
838 839 0.0053
840 839 0.0177
844 839 0.0129
839 840 0.0177
838 841 0.0097
57 842 0.0028
58 842 0.0326
843 842 0.0209
844 842 0.0203
842 843 0.0209
849 843 0.0188
857 843 0.0035
839 844 0.0129
842 844 0.0203
845 844 0.0656
60 845 0.0027
844 845 0.0656
846 845 0.0037
845 846 0.0037
831 847 0.007
831 848 0.0006
58 849 0.0077
843 849 0.0188
850 849 0.0106
881 849 0.0115
1322 849 0.0066
849 850 0.0106
851 850 0.0117
853 850 0.0056
850 851 0.0117
852 851 0.0108
856 851 0.0006
851 852 0.0108
856 852 0.0008
862 852 0.0026
850 853 0.0056
854 853 0.006
855 853 0.0044
856 853 0.0006
853 854 0.006
853 855 0.0044
851 856 0.0006
852 856 0.0008
853 856 0.0006
843 857 0.0035
54 858 0.0223
859 858 0.0691
886 858 0.0188
858 859 0.0691
860 859 0.0301
873 859 0.0124
859 860 0.0301
861 860 0.0459
863 860 0.0062
1322 860 0.0042
860 861 0.0459
862 861 0.048
865 861 0.0209
1323 861 0.0183
852 862 0.0026
861 862 0.048
863 862 0.0093
860 863 0.0062
862 863 0.0093
864 863 0.0089
863 864 0.0089
861 865 0.0209
866 865 0.0046
869 865 0.0284
865 866 0.0046
867 866 0.0013
868 866 0.0015
1053 866 0.0027
866 867 0.0013
866 868 0.0015
865 869 0.0284
870 869 0.0009
879 869 0.0016
869 870 0.0009
871 870 0.0004
879 870 0.0015
870 871 0.0004
872 871 0.0007
882 871 0.0005
871 872 0.0007
859 873 0.0124
874 873 0.0082
1323 873 0.01
873 874 0.0082
875 874 0.0187
1323 874 0.0239
874 875 0.0187
876 875 0.0097
879 875 0.0024
892 875 0.0007
875 876 0.0097
877 876 0.0016
879 876 0.0017
884 876 0.0013
876 877 0.0016
878 877 0.0004
884 877 0.0008
877 878 0.0004
869 879 0.0016
870 879 0.0015
875 879 0.0024
876 879 0.0017
883 879 0.0004
1322 880 0.0081
849 881 0.0115
871 882 0.0005
879 883 0.0004
876 884 0.0013
877 884 0.0008
885 884 0.0014
884 885 0.0014
858 886 0.0188
887 886 0.006
891 886 0.0008
886 887 0.006
888 887 0.0289
893 887 0.0006
887 888 0.0289
889 888 0.0102
910 888 0.0032
888 889 0.0102
894 889 0.0005
1324 889 0.0072
911 890 0.0401
914 890 0.013
1324 890 0.0157
886 891 0.0008
875 892 0.0007
887 893 0.0006
889 894 0.0005
50 895 0.0047
52 895 0.009
896 895 0.0093
51 896 0.004
895 896 0.0093
897 896 0.0057
896 897 0.0057
898 897 0.005
900 897 0.0153
51 898 0.0365
897 898 0.005
899 898 0.0042
898 899 0.0042
897 900 0.0153
54 901 0.0043
902 901 0.0097
904 901 0.0466
901 902 0.0097
903 902 0.0053
922 902 0.0128
902 903 0.0053
901 904 0.0466
905 904 0.0179
916 904 0.0059
904 905 0.0179
906 905 0.0166
910 905 0.004
905 906 0.0166
907 906 0.0087
910 906 0.0047
906 907 0.0087
908 907 0.0021
1324 907 0.0012
907 908 0.0021
909 908 0.0027
918 908 0.0016
908 909 0.0027
888 910 0.0032
905 910 0.004
906 910 0.0047
890 911 0.0401
912 911 0.0015
913 911 0.002
1056 911 0.001
1057 911 0.0036
911 912 0.0015
911 913 0.002
890 914 0.013
915 914 0.0025
1063 914 0.0026
914 915 0.0025
904 916 0.0059
917 916 0.0564
918 916 0.0084
916 917 0.0564
918 917 0.001
919 917 0.0177
920 917 0.0015
908 918 0.0016
916 918 0.0084
917 918 0.001
917 919 0.0177
920 919 0.0032
921 919 0.0059
917 920 0.0015
919 920 0.0032
1063 920 0.0014
919 921 0.0059
902 922 0.0128
923 922 0.0358
942 922 0.0136
1073 922 0.0144
922 923 0.0358
1065 923 0.0117
1071 923 0.0095
49 924 0.0045
925 924 0.0132
929 924 0.0032
41 925 0.0046
924 925 0.0132
926 925 0.0525
961 925 0.0035
41 926 0.0059
925 926 0.0525
927 926 0.0091
930 926 0.0185
926 927 0.0091
928 927 0.015
962 927 0.0027
927 928 0.015
941 928 0.0057
942 928 0.0095
924 929 0.0032
41 930 0.0032
926 930 0.0185
931 930 0.0036
932 930 0.0031
42 931 0.0099
930 931 0.0036
932 931 0.019
934 931 0.0158
935 931 0.0383
930 932 0.0031
931 932 0.019
933 932 0.0075
935 932 0.0148
932 933 0.0075
942 933 0.0074
964 933 0.0054
1079 933 0.0025
931 934 0.0158
