2 1 0.0241
3 1 0.0146
12 1 0.0109
15 1 0.0123
20 1 0.0136
26 1 0.0036
28 1 0.0095
32 1 0.0128
33 1 0.0116
44 1 0.0065
45 1 0.0077
49 1 0.0037
52 1 0.0061
55 1 0.0129
64 1 0.012
81 1 0.0131
83 1 0.0186
90 1 0.0154
100 1 0.0122
106 1 0.0091
122 1 0.0108
130 1 0.0025
133 1 0.0011
136 1 0.0021
141 1 0.0063
145 1 0.0109
1084 1 0.0114
1529 1 0.0099
1 2 0.0241
3 2 0.0389
205 2 0.1851
1 3 0.0146
2 3 0.0389
4 3 0.0162
204 3 0.0091
207 3 0.0847
1527 3 0.1431
3 4 0.0162
5 4 0.0045
204 4 0.0153
205 4 0.0279
4 5 0.0045
6 5 0.0167
1523 5 0.0161
5 6 0.0167
7 6 0.0171
204 6 0.0315
6 7 0.0171
8 7 0.0377
195 7 0.0273
7 8 0.0377
9 8 0.0486
32 8 0.0463
1526 8 0.096
8 9 0.0486
10 9 0.0274
209 9 0.0176
1528 9 0.0699
9 10 0.0274
11 10 0.0117
188 10 0.0115
10 11 0.0117
211 11 0.009
213 11 0.0041
1 12 0.0109
13 12 0.0364
16 12 0.1276
20 12 0.0499
12 13 0.0364
14 13 0.0292
17 13 0.0231
180 13 0.0079
345 13 0.022
13 14 0.0292
172 14 0.037
181 14 0.0325
182 14 0.0214
337 14 0.0232
345 14 0.0509
1 15 0.0123
16 15 0.0318
158 15 0.0163
340 15 0.0279
12 16 0.1276
15 16 0.0318
17 16 0.0512
340 16 0.2245
13 17 0.0231
16 17 0.0512
18 17 0.1569
17 18 0.1569
19 18 0.0288
340 18 0.0222
346 18 0.0699
419 18 0.0097
18 19 0.0288
166 19 0.0279
346 19 0.0716
1 20 0.0136
12 20 0.0499
21 20 0.0212
206 20 0.0136
20 21 0.0212
22 21 0.016
179 21 0.0081
21 22 0.016
23 22 0.0675
187 22 0.0155
22 23 0.0675
24 23 0.0922
206 23 0.0671
23 24 0.0922
187 24 0.0319
1522 24 0.0318
187 25 0.0132
200 25 0.1402
1522 25 0.0575
1524 25 0.0277
1 26 0.0036
27 26 0.0216
1015 26 0.0049
26 27 0.0216
982 27 0.0124
983 27 0.0075
1 28 0.0095
29 28 0.006
31 28 0.0063
1017 28 0.0061
28 29 0.006
30 29 0.0149
1017 29 0.0035
29 30 0.0149
31 30 0.0062
1018 30 0.0146
28 31 0.0063
30 31 0.0062
1019 31 0.0146
1021 31 0.0656
1528 31 0.0474
1 32 0.0128
8 32 0.0463
1526 32 0.0193
1528 32 0.0078
1 33 0.0116
34 33 0.0538
39 33 0.0083
33 34 0.0538
35 34 0.0303
36 34 0.0062
34 35 0.0303
36 35 0.0037
39 35 0.0454
34 36 0.0062
35 36 0.0037
37 36 0.0029
38 36 0.0058
36 37 0.0029
36 38 0.0058
33 39 0.0083
35 39 0.0454
40 39 0.0136
42 39 0.0239
39 40 0.0136
41 40 0.0147
1088 40 0.0076
40 41 0.0147
955 41 0.0044
956 41 0.0075
961 41 0.0035
39 42 0.0239
43 42 0.0196
962 42 0.0102
42 43 0.0196
967 43 0.0179
984 43 0.0196
1 44 0.0065
1 45 0.0077
46 45 0.0148
48 45 0.0225
45 46 0.0148
47 46 0.0237
1089 46 0.0046
46 47 0.0237
45 48 0.0225
1 49 0.0037
50 49 0.0177
955 49 0.0029
49 50 0.0177
51 50 0.0224
52 50 0.0038
923 50 0.0034
50 51 0.0224
924 51 0.0038
926 51 0.0256
1 52 0.0061
50 52 0.0038
53 52 0.045
56 52 0.0039
923 52 0.0081
52 53 0.045
54 53 0.0277
58 53 0.0105
1307 53 0.0036
53 54 0.0277
885 54 0.0213
929 54 0.0034
1 55 0.0129
56 55 0.0171
59 55 0.013
63 55 0.0236
1083 55 0.0173
52 56 0.0039
55 56 0.0171
57 56 0.0093
56 57 0.0093
58 57 0.0021
864 57 0.0024
868 57 0.0023
1083 57 0.0107
53 58 0.0105
57 58 0.0021
868 58 0.0324
875 58 0.0077
55 59 0.013
60 59 0.0051
61 59 0.0091
1083 59 0.0228
59 60 0.0051
827 60 0.0434
871 60 0.0028
59 61 0.0091
62 61 0.0095
63 61 0.0109
852 61 0.0212
61 62 0.0095
807 62 0.0377
848 62 0.0114
55 63 0.0236
61 63 0.0109
1072 63 0.0026
1084 63 0.014
1 64 0.012
65 64 0.0073
67 64 0.0566
69 64 0.1085
64 65 0.0073
66 65 0.0163
1069 65 0.0095
65 66 0.0163
64 67 0.0566
68 67 0.0053
72 67 0.0273
67 68 0.0053
795 68 0.006
1070 68 0.0063
64 69 0.1085
70 69 0.0099
78 69 0.0097
69 70 0.0099
71 70 0.0349
79 70 0.0047
1080 70 0.0045
70 71 0.0349
75 71 0.0128
723 71 0.0109
733 71 0.1658
67 72 0.0273
73 72 0.0103
77 72 0.0057
1070 72 0.0027
72 73 0.0103
74 73 0.0224
779 73 0.0148
73 74 0.0224
75 74 0.0465
778 74 0.0147
71 75 0.0128
74 75 0.0465
76 75 0.0418
778 75 0.0181
75 76 0.0418
733 76 0.0288
772 76 0.0604
72 77 0.0057
775 77 0.0057
778 77 0.002
790 77 0.0056
69 78 0.0097
79 78 0.0071
80 78 0.0057
70 79 0.0047
78 79 0.0071
713 79 0.0185
78 80 0.0057
1 81 0.0131
82 81 0.0123
105 81 0.0108
81 82 0.0123
86 82 0.0256
88 82 0.009
105 82 0.0279
702 82 0.0348
1 83 0.0186
84 83 0.0336
86 83 0.0153
83 84 0.0336
85 84 0.0156
91 84 0.058
94 84 0.0072
686 84 0.0643
84 85 0.0156
96 85 0.0469
687 85 0.0725
689 85 0.0341
82 86 0.0256
83 86 0.0153
87 86 0.0101
105 86 0.0305
86 87 0.0101
686 87 0.0187
687 87 0.0227
688 87 0.0242
82 88 0.009
89 88 0.0587
688 88 0.0312
702 88 0.0049
88 89 0.0587
688 89 0.0179
689 89 0.026
1082 89 0.0162
1 90 0.0154
91 90 0.0237
92 90 0.0078
84 91 0.058
90 91 0.0237
92 91 0.0174
90 92 0.0078
91 92 0.0174
93 92 0.0388
92 93 0.0388
94 93 0.0314
97 93 0.0265
84 94 0.0072
93 94 0.0314
95 94 0.0177
99 94 0.0089
94 95 0.0177
96 95 0.0153
642 95 0.0158
643 95 0.0046
85 96 0.0469
95 96 0.0153
644 96 0.0045
649 96 0.0303
93 97 0.0265
98 97 0.0112
99 97 0.0085
101 97 0.0322
1529 97 0.034
97 98 0.0112
629 98 0.019
630 98 0.0159
94 99 0.0089
97 99 0.0085
642 99 0.0104
1 100 0.0122
101 100 0.038
1529 100 0.0355
97 101 0.0322
100 101 0.038
102 101 0.0161
101 102 0.0161
103 102 0.0034
606 102 0.008
610 102 0.0051
102 103 0.0034
104 103 0.0075
629 103 0.0053
103 104 0.0075
612 104 0.0078
629 104 0.0251
81 105 0.0108
82 105 0.0279
86 105 0.0305
1 106 0.0091
107 106 0.015
112 106 0.0139
106 107 0.015
108 107 0.0126
109 107 0.0048
111 107 0.0024
107 108 0.0126
607 108 0.002
608 108 0.0097
610 108 0.0055
107 109 0.0048
110 109 0.0071
602 109 0.0023
109 110 0.0071
107 111 0.0024
599 111 0.0039
605 111 0.0038
106 112 0.0139
113 112 0.0371
117 112 0.0035
112 113 0.0371
542 113 0.0046
604 113 0.0694
543 114 0.0064
544 114 0.0061
604 114 0.0218
605 114 0.0404
116 115 0.0318
589 115 0.0058
605 115 0.0792
115 116 0.0318
575 116 0.0007
576 116 0.0233
594 116 0.0182
595 116 0.0021
112 117 0.0035
118 117 0.0051
120 117 0.0036
117 118 0.0051
119 118 0.0039
542 118 0.004
118 119 0.0039
546 119 0.0014
571 119 0.0079
117 120 0.0036
121 120 0.003
124 120 0.0035
120 121 0.003
125 121 0.0104
571 121 0.0046
1 122 0.0108
123 122 0.0082
124 122 0.0064
535 122 0.0019
122 123 0.0082
124 123 0.012
539 123 0.0352
120 124 0.0035
122 124 0.0064
123 124 0.012
125 124 0.0192
536 124 0.0029
121 125 0.0104
124 125 0.0192
126 125 0.0071
128 125 0.0158
536 125 0.0022
537 125 0.0018
125 126 0.0071
128 126 0.0144
565 126 0.012
570 126 0.0041
548 127 0.0195
556 127 0.0115
561 127 0.0038
565 127 0.0343
125 128 0.0158
126 128 0.0144
129 128 0.0067
128 129 0.0067
558 129 0.0017
563 129 0.0025
575 129 0.0022
1 130 0.0025
131 130 0.0062
133 130 0.0035
130 131 0.0062
132 131 0.0174
135 131 0.0094
131 132 0.0174
135 132 0.015
500 132 0.0293
533 132 0.0153
1 133 0.0011
130 133 0.0035
134 133 0.0048
133 134 0.0048
131 135 0.0094
132 135 0.015
137 135 0.0058
1 136 0.0021
137 136 0.0134
457 136 0.0034
463 136 0.031
492 136 0.0017
135 137 0.0058
136 137 0.0134
138 137 0.0199
499 137 0.0142
137 138 0.0199
139 138 0.0231
140 138 0.0061
499 138 0.035
138 139 0.0231
140 139 0.0153
498 139 0.0212
508 139 0.0102
138 140 0.0061
139 140 0.0153
500 140 0.0084
518 140 0.0023
1 141 0.0063
142 141 0.0053
457 141 0.0063
141 142 0.0053
143 142 0.0052
454 142 0.0027
456 142 0.0013
458 142 0.0029
142 143 0.0052
144 143 0.0106
145 143 0.0004
147 143 0.0016
143 144 0.0106
152 144 0.0174
442 144 0.0093
1 145 0.0109
143 145 0.0004
146 145 0.0075
145 146 0.0075
147 146 0.0063
160 146 0.002
143 147 0.0016
146 147 0.0063
148 147 0.031
152 147 0.0026
147 148 0.031
149 148 0.0079
160 148 0.0068
433 148 0.0284
148 149 0.0079
150 149 0.0159
152 149 0.0093
1532 149 0.0109
149 150 0.0159
151 150 0.0098
443 150 0.0157
150 151 0.0098
443 151 0.0048
1532 151 0.0087
144 152 0.0174
147 152 0.0026
149 152 0.0093
442 152 0.0111
154 153 0.0488
161 153 0.1194
340 153 0.0583
153 154 0.0488
155 154 0.0659
425 154 0.0034
154 155 0.0659
156 155 0.0249
410 155 0.0209
155 156 0.0249
157 156 0.0272
410 156 0.0083
411 156 0.0065
412 156 0.01
156 157 0.0272
374 157 0.0292
401 157 0.0023
15 158 0.0163
159 158 0.0047
435 158 0.0469
158 159 0.0047
160 159 0.0081
439 159 0.0043
146 160 0.002
148 160 0.0068
159 160 0.0081
433 160 0.0053
153 161 0.1194
162 161 0.0227
379 161 0.0167
161 162 0.0227
163 162 0.0161
410 162 0.0156
162 163 0.0161
164 163 0.1456
413 163 0.0043
163 164 0.1456
165 164 0.0364
399 164 0.0969
164 165 0.0364
385 165 0.0153
427 165 0.0105
19 166 0.0279
167 166 0.0129
339 166 0.0191
166 167 0.0129
168 167 0.0365
370 167 0.0081
167 168 0.0365
169 168 0.0133
368 168 0.0084
168 169 0.0133
170 169 0.0078
373 169 0.0188
169 170 0.0078
171 170 0.0132
369 170 0.0197
170 171 0.0132
14 172 0.037
173 172 0.024
184 172 0.0057
341 172 0.0033
1521 172 0.0417
172 173 0.024
174 173 0.0202
185 173 0.0085
289 173 0.0155
173 174 0.0202
175 174 0.0212
328 174 0.0024
329 174 0.0518
174 175 0.0212
176 175 0.0025
178 175 0.0047
297 175 0.0407
175 176 0.0025
177 176 0.0055
178 176 0.004
323 176 0.0341
176 177 0.0055
334 177 0.0082
335 177 0.0113
1161 177 0.0027
175 178 0.0047
176 178 0.004
328 178 0.0015
332 178 0.0006
21 179 0.0081
180 179 0.0112
187 179 0.0386
13 180 0.0079
179 180 0.0112
181 180 0.0268
14 181 0.0325
180 181 0.0268
182 181 0.0207
14 182 0.0214
181 182 0.0207
183 182 0.0147
201 182 0.0486
1521 182 0.006
182 183 0.0147
184 183 0.0158
201 183 0.0298
1521 183 0.097
172 184 0.0057
183 184 0.0158
185 184 0.0127
173 185 0.0085
184 185 0.0127
186 185 0.013
185 186 0.013
22 187 0.0155
24 187 0.0319
25 187 0.0132
179 187 0.0386
10 188 0.0115
189 188 0.0448
195 188 0.0133
188 189 0.0448
190 189 0.0309
196 189 0.0309
197 189 0.0362
189 190 0.0309
191 190 0.0559
198 190 0.0951
190 191 0.0559
192 191 0.0233
193 191 0.0132
191 192 0.0233
193 192 0.016
199 192 0.0079
191 193 0.0132
192 193 0.016
194 193 0.0114
219 193 0.0274
230 193 0.0211
193 194 0.0114
199 194 0.0078
229 194 0.0042
7 195 0.0273
188 195 0.0133
196 195 0.0143
189 196 0.0309
195 196 0.0143
197 196 0.0114
189 197 0.0362
196 197 0.0114
198 197 0.012
190 198 0.0951
197 198 0.012
1524 198 0.0056
192 199 0.0079
194 199 0.0078
202 199 0.0143
25 200 0.1402
201 200 0.0784
202 200 0.0024
182 201 0.0486
183 201 0.0298
200 201 0.0784
199 202 0.0143
200 202 0.0024
203 202 0.01
202 203 0.01
289 203 0.0023
295 203 0.0032
3 204 0.0091
4 204 0.0153
6 204 0.0315
2 205 0.1851
4 205 0.0279
206 205 0.1178
20 206 0.0136
23 206 0.0671
205 206 0.1178
3 207 0.0847
208 207 0.0455
1527 207 0.0858
207 208 0.0455
9 209 0.0176
210 209 0.1441
1036 209 0.0092
209 210 0.1441
211 210 0.0289
1035 210 0.0026
11 211 0.009
210 211 0.0289
212 211 0.0416
211 212 0.0416
213 212 0.053
1034 212 0.0066
11 213 0.0041
212 213 0.053
214 213 0.0209
215 213 0.0119
1033 213 0.0035
213 214 0.0209
223 214 0.0675
1033 214 0.0504
213 215 0.0119
216 215 0.027
226 215 0.036
215 216 0.027
217 216 0.0419
226 216 0.1156
216 217 0.0419
218 217 0.0328
246 217 0.0052
1520 217 0.0047
217 218 0.0328
220 218 0.0214
245 218 0.0551
1520 218 0.0346
193 219 0.0274
220 219 0.0078
1520 219 0.0639
218 220 0.0214
219 220 0.0078
221 220 0.0075
245 220 0.1234
248 220 0.01
1346 220 0.0013
220 221 0.0075
222 221 0.017
235 221 0.0054
221 222 0.017
228 222 0.0046
239 222 0.0172
242 222 0.0151
243 222 0.0067
214 223 0.0675
224 223 0.0145
1033 223 0.0014
223 224 0.0145
225 224 0.0265
263 224 0.0016
224 225 0.0265
226 225 0.0051
251 225 0.0249
256 225 0.0078
261 225 0.0939
215 226 0.036
216 226 0.1156
225 226 0.0051
227 226 0.0099
226 227 0.0099
251 227 0.022
1345 227 0.0089
222 228 0.0046
242 228 0.0083
244 228 0.003
271 228 0.0012
1345 228 0.034
194 229 0.0042
230 229 0.0279
276 229 0.0047
295 229 0.0108
193 230 0.0211
229 230 0.0279
231 230 0.0227
230 231 0.0227
232 231 0.0026
272 231 0.003
231 232 0.0026
233 232 0.0053
272 232 0.0035
232 233 0.0053
234 233 0.0013
274 233 0.0028
1346 233 0.0073
233 234 0.0013
221 235 0.0054
236 235 0.0174
237 235 0.0046
235 236 0.0174
1138 236 0.0119
1346 236 0.0054
235 237 0.0046
238 237 0.0039
1136 237 0.0023
1137 237 0.0024
237 238 0.0039
222 239 0.0172
240 239 0.0213
241 239 0.0204
239 240 0.0213
1134 240 0.0494
1137 240 0.0039
239 241 0.0204
1132 241 0.0082
1133 241 0.0097
222 242 0.0151
228 242 0.0083
1130 242 0.0036
222 243 0.0067
228 244 0.003
1129 244 0.0059
1334 244 0.0021
218 245 0.0551
220 245 0.1234
246 245 0.0058
217 246 0.0052
245 246 0.0058
247 246 0.005
1345 246 0.0026
246 247 0.005
220 248 0.01
249 248 0.0012
250 248 0.0035
248 249 0.0012
248 250 0.0035
225 251 0.0249
227 251 0.022
252 251 0.0053
256 251 0.006
271 251 0.0043
251 252 0.0053
253 252 0.0051
258 252 0.0044
1344 252 0.0068
252 253 0.0051
254 253 0.0103
260 253 0.0062
253 254 0.0103
255 254 0.014
1129 254 0.0044
254 255 0.014
225 256 0.0078
251 256 0.006
257 256 0.0017
1343 256 0.0103
256 257 0.0017
252 258 0.0044
259 258 0.0045
1127 258 0.0068
1331 258 0.0034
1344 258 0.0115
258 259 0.0045
1126 259 0.0057
1343 259 0.005
253 260 0.0062
225 261 0.0939
262 261 0.0068
268 261 0.0033
261 262 0.0068
263 262 0.0038
265 262 0.002
224 263 0.0016
262 263 0.0038
264 263 0.0074
263 264 0.0074
262 265 0.002
266 265 0.004
267 265 0.0037
265 266 0.004
265 267 0.0037
261 268 0.0033
269 268 0.0019
270 268 0.0046
268 269 0.0019
268 270 0.0046
228 271 0.0012
251 271 0.0043
1345 271 0.0072
231 272 0.003
232 272 0.0035
273 272 0.0061
1147 272 0.0013
272 273 0.0061
274 273 0.0069
275 273 0.0019
233 274 0.0028
273 274 0.0069
1347 274 0.0072
1348 274 0.0097
273 275 0.0019
1139 275 0.0127
1348 275 0.0262
229 276 0.0047
277 276 0.0066
293 276 0.003
276 277 0.0066
278 277 0.035
284 277 0.0111
277 278 0.035
279 278 0.042
1147 278 0.011
278 279 0.042
280 279 0.0104
286 279 0.0643
279 280 0.0104
281 280 0.0215
283 280 0.0291
286 280 0.0176
1147 280 0.0066
280 281 0.0215
282 281 0.0674
283 281 0.0617
281 282 0.0674
283 282 0.0525
1140 282 0.0667
1355 282 0.017
280 283 0.0291
281 283 0.0617
282 283 0.0525
1139 283 0.0136
277 284 0.0111
285 284 0.0128
293 284 0.0084
284 285 0.0128
423 285 0.0121
1356 285 0.0159
279 286 0.0643
280 286 0.0176
287 286 0.0106
288 286 0.0195
1144 286 0.0054
1356 286 0.0228
1357 286 0.0059
286 287 0.0106
1141 287 0.0227
1552 287 0.005
286 288 0.0195
173 289 0.0155
203 289 0.0023
290 289 0.0268
289 290 0.0268
291 290 0.0086
294 290 0.012
300 290 0.0055
290 291 0.0086
292 291 0.0252
296 291 0.0084
300 291 0.0138
291 292 0.0252
293 292 0.0118
296 292 0.005
276 293 0.003
284 293 0.0084
292 293 0.0118
423 293 0.0042
290 294 0.012
203 295 0.0032
229 295 0.0108
296 295 0.0022
291 296 0.0084
292 296 0.005
295 296 0.0022
175 297 0.0407
298 297 0.0338
300 297 0.0196
297 298 0.0338
299 298 0.0803
322 298 0.0072
423 298 0.0122
298 299 0.0803
301 299 0.1759
306 299 0.0309
290 300 0.0055
291 300 0.0138
297 300 0.0196
299 301 0.1759
302 301 0.012
311 301 0.0073
422 301 0.0626
301 302 0.012
303 302 0.0525
305 302 0.0093
302 303 0.0525
304 303 0.0317
1151 303 0.0253
303 304 0.0317
1146 304 0.0066
1149 304 0.059
302 305 0.0093
1145 305 0.0124
1146 305 0.0036
1360 305 0.0076
299 306 0.0309
307 306 0.019
423 306 0.004
306 307 0.019
308 307 0.0062
309 307 0.0103
310 307 0.0141
1356 307 0.073
307 308 0.0062
307 309 0.0103
307 310 0.0141
301 311 0.0073
312 311 0.0102
319 311 0.0055
311 312 0.0102
313 312 0.011
314 312 0.0056
312 313 0.011
312 314 0.0056
316 315 0.0569
421 315 0.0906
422 315 0.0866
315 316 0.0569
317 316 0.0414
319 316 0.0092
420 316 0.0095
316 317 0.0414
318 317 0.03
1154 317 0.0075
317 318 0.03
1155 318 0.0381
1158 318 0.0241
311 319 0.0055
316 319 0.0092
320 319 0.01
319 320 0.01
321 320 0.0297
1153 320 0.0101
320 321 0.0297
298 322 0.0072
323 322 0.0028
325 322 0.0021
176 323 0.0341
322 323 0.0028
324 323 0.0024
323 324 0.0024
325 324 0.0075
327 324 0.0016
322 325 0.0021
324 325 0.0075
326 325 0.0061
325 326 0.0061
324 327 0.0016
422 327 0.0177
1161 327 0.0016
174 328 0.0024
178 328 0.0015
329 328 0.0025
330 328 0.0069
174 329 0.0518
328 329 0.0025
330 329 0.0063
328 330 0.0069
329 330 0.0063
331 330 0.0199
330 331 0.0199
332 331 0.0053
333 331 0.0055
178 332 0.0006
331 332 0.0053
334 332 0.0149
365 332 0.0113
331 333 0.0055
350 333 0.0202
365 333 0.0075
177 334 0.0082
332 334 0.0149
335 334 0.003
177 335 0.0113
334 335 0.003
336 335 0.0085
335 336 0.0085
14 337 0.0232
338 337 0.0224
339 337 0.0203
337 338 0.0224
166 339 0.0191
337 339 0.0203
345 339 0.0041
347 339 0.0581
15 340 0.0279
16 340 0.2245
18 340 0.0222
153 340 0.0583
172 341 0.0033
342 341 0.0051
343 341 0.005
344 341 0.0058
341 342 0.0051
341 343 0.005
341 344 0.0058
13 345 0.022
14 345 0.0509
339 345 0.0041
346 345 0.0307
18 346 0.0699
19 346 0.0716
345 346 0.0307
339 347 0.0581
348 347 0.0468
366 347 0.0039
347 348 0.0468
349 348 0.0267
355 348 0.0139
348 349 0.0267
350 349 0.1225
355 349 0.0036
333 350 0.0202
349 350 0.1225
351 350 0.0054
354 350 0.002
362 350 0.0334
350 351 0.0054
352 351 0.006
354 351 0.0113
351 352 0.006
353 352 0.0274
354 352 0.0069
361 352 0.0079
352 353 0.0274
1168 353 0.0241
1179 353 0.0208
350 354 0.002
351 354 0.0113
352 354 0.0069
358 354 0.003
348 355 0.0139
349 355 0.0036
356 355 0.023
367 355 0.0264
355 356 0.023
357 356 0.0084
358 356 0.0087
367 356 0.0915
356 357 0.0084
375 357 0.0045
1169 357 0.0058
354 358 0.003
356 358 0.0087
359 358 0.005
358 359 0.005
360 359 0.0164
361 359 0.0132
359 360 0.0164
361 360 0.0418
1179 360 0.0234
352 361 0.0079
359 361 0.0132
360 361 0.0418
350 362 0.0334
363 362 0.0148
365 362 0.0765
362 363 0.0148
364 363 0.0545
1168 363 0.0375
363 364 0.0545
1161 364 0.0499
1163 364 0.045
332 365 0.0113
333 365 0.0075
362 365 0.0765
347 366 0.0039
367 366 0.0071
368 366 0.0103
355 367 0.0264
356 367 0.0915
366 367 0.0071
369 367 0.0095
168 368 0.0084
366 368 0.0103
369 368 0.0174
170 369 0.0197
367 369 0.0095
368 369 0.0174
167 370 0.0081
371 370 0.0085
372 370 0.0089
370 371 0.0085
370 372 0.0089
169 373 0.0188
157 374 0.0292
375 374 0.0129
376 374 0.0613
409 374 0.0034
357 375 0.0045
374 375 0.0129
378 375 0.0029
1180 375 0.0283
374 376 0.0613
377 376 0.0646
1537 376 0.0196
376 377 0.0646
378 377 0.0105
407 377 0.046
375 378 0.0029
377 378 0.0105
1535 378 0.0022
161 379 0.0167
380 379 0.0684
441 379 0.0435
379 380 0.0684
381 380 0.1153
386 380 0.0142
380 381 0.1153
382 381 0.0191
427 381 0.0031
381 382 0.0191
383 382 0.017
428 382 0.0325
382 383 0.017
384 383 0.0084
388 383 0.0876
383 384 0.0084
385 384 0.0237
427 384 0.0109
165 385 0.0153
384 385 0.0237
403 385 0.0048
426 385 0.0105
380 386 0.0142
387 386 0.0035
441 386 0.0124
386 387 0.0035
383 388 0.0876
389 388 0.0556
449 388 0.014
388 389 0.0556
390 389 0.0179
397 389 0.0228
389 390 0.0179
391 390 0.0134
452 390 0.0121
390 391 0.0134
392 391 0.0485
451 391 0.0208
452 391 0.0173
391 392 0.0485
393 392 0.0167
394 392 0.0438
392 393 0.0167
392 394 0.0438
395 394 0.011
396 394 0.0273
394 395 0.011
394 396 0.0273
397 396 0.0173
1534 396 0.0201
389 397 0.0228
396 397 0.0173
398 397 0.0155
1074 397 0.0229
397 398 0.0155
1188 398 0.1739
1190 398 0.0631
164 399 0.0969
400 399 0.044
402 399 0.025
399 400 0.044
401 400 0.0093
415 400 0.0137
157 401 0.0023
400 401 0.0093
409 401 0.0032
399 402 0.025
403 402 0.0533
409 402 0.0041
385 403 0.0048
402 403 0.0533
404 403 0.0736
403 404 0.0736
405 404 0.044
424 404 0.0009
404 405 0.044
406 405 0.0368
1409 405 0.0313
405 406 0.0368
1185 406 0.0106
1194 406 0.0079
1409 406 0.0601
377 407 0.046
408 407 0.0275
1537 407 0.0468
407 408 0.0275
1182 408 0.0699
1404 408 0.0139
1409 408 0.0339
374 409 0.0034
401 409 0.0032
402 409 0.0041
1537 409 0.0216
155 410 0.0209
156 410 0.0083
162 410 0.0156
411 410 0.0045
156 411 0.0065
410 411 0.0045
412 411 0.0062
414 411 0.0023
156 412 0.01
411 412 0.0062
417 412 0.009
163 413 0.0043
411 414 0.0023
415 414 0.004
417 414 0.0031
400 415 0.0137
414 415 0.004
416 415 0.0044
415 416 0.0044
412 417 0.009
414 417 0.0031
418 417 0.0286
417 418 0.0286
18 419 0.0097
316 420 0.0095
421 420 0.0022
1158 420 0.0025
315 421 0.0906
420 421 0.0022
422 421 0.0368
301 422 0.0626
315 422 0.0866
327 422 0.0177
421 422 0.0368
285 423 0.0121
293 423 0.0042
298 423 0.0122
306 423 0.004
404 424 0.0009
426 424 0.0026
1194 424 0.0131
154 425 0.0034
385 426 0.0105
424 426 0.0026
1073 426 0.014
165 427 0.0105
381 427 0.0031
384 427 0.0109
382 428 0.0325
429 428 0.0133
444 428 0.0082
428 429 0.0133
430 429 0.0639
1530 429 0.0134
1532 429 0.0106
429 430 0.0639
431 430 0.0056
432 430 0.0033
430 431 0.0056
430 432 0.0033
148 433 0.0284
160 433 0.0053
434 433 0.0061
433 434 0.0061
158 435 0.0469
436 435 0.0108
441 435 0.0047
435 436 0.0108
437 436 0.005
440 436 0.0032
436 437 0.005
438 437 0.0036
460 437 0.0107
437 438 0.0036
159 439 0.0043
436 440 0.0032
379 441 0.0435
386 441 0.0124
435 441 0.0047
144 442 0.0093
152 442 0.0111
443 442 0.0158
456 442 0.0063
150 443 0.0157
151 443 0.0048
442 443 0.0158
456 443 0.0034
490 443 0.0056
428 444 0.0082
445 444 0.0231
450 444 0.0164
444 445 0.0231
446 445 0.0179
447 445 0.004
448 445 0.0045
445 446 0.0179
447 446 0.0083
485 446 0.0152
1531 446 0.011
445 447 0.004
446 447 0.0083
483 447 0.0152
484 447 0.0112
485 447 0.0245
445 448 0.0045
451 448 0.0138
1198 448 0.0314
1534 448 0.0111
388 449 0.014
450 449 0.008
452 449 0.005
444 450 0.0164
449 450 0.008
451 450 0.0112
391 451 0.0208
448 451 0.0138
450 451 0.0112
453 451 0.0135
390 452 0.0121
391 452 0.0173
449 452 0.005
451 453 0.0135
142 454 0.0027
455 454 0.0054
458 454 0.0024
459 454 0.0036
454 455 0.0054
142 456 0.0013
442 456 0.0063
443 456 0.0034
459 456 0.0115
491 456 0.0052
136 457 0.0034
141 457 0.0063
458 457 0.0012
459 457 0.001
142 458 0.0029
454 458 0.0024
457 458 0.0012
454 459 0.0036
456 459 0.0115
457 459 0.001
437 460 0.0107
461 460 0.0091
462 460 0.004
460 461 0.0091
460 462 0.004
136 463 0.031
464 463 0.0073
476 463 0.0056
463 464 0.0073
465 464 0.0044
476 464 0.0221
464 465 0.0044
466 465 0.0119
467 465 0.0036
499 465 0.0127
465 466 0.0119
467 466 0.0085
498 466 0.0018
465 467 0.0036
466 467 0.0085
468 467 0.0526
477 467 0.008
467 468 0.0526
469 468 0.0076
493 468 0.033
494 468 0.0126
468 469 0.0076
470 469 0.0111
473 469 0.0062
498 469 0.0037
469 470 0.0111
471 470 0.0149
527 470 0.0181
470 471 0.0149
472 471 0.0162
473 471 0.0051
475 471 0.027
1209 471 0.0054
471 472 0.0162
1207 472 0.0335
1208 472 0.055
1438 472 0.007
469 473 0.0062
471 473 0.0051
474 473 0.0063
473 474 0.0063
471 475 0.027
1203 475 0.0363
1204 475 0.0298
463 476 0.0056
464 476 0.0221
477 476 0.0156
491 476 0.0108
467 477 0.008
476 477 0.0156
478 477 0.0116
491 477 0.0329
477 478 0.0116
479 478 0.0088
486 478 0.0123
490 478 0.0039
491 478 0.0349
478 479 0.0088
480 479 0.0164
493 479 0.0141
479 480 0.0164
481 480 0.0061
1530 480 0.0039
480 481 0.0061
482 481 0.0174
493 481 0.0352
1195 481 0.0087
1533 481 0.0135
481 482 0.0174
483 482 0.0214
485 482 0.0316
1531 482 0.0357
447 483 0.0152
482 483 0.0214
484 483 0.0117
447 484 0.0112
483 484 0.0117
1196 484 0.0376
446 485 0.0152
447 485 0.0245
482 485 0.0316
1531 485 0.0225
478 486 0.0123
487 486 0.0258
488 486 0.0039
486 487 0.0258
489 487 0.0082
1530 487 0.0103
486 488 0.0039
487 489 0.0082
443 490 0.0056
478 490 0.0039
491 490 0.0034
456 491 0.0052
476 491 0.0108
477 491 0.0329
478 491 0.0349
490 491 0.0034
136 492 0.0017
468 493 0.033
479 493 0.0141
481 493 0.0352
468 494 0.0126
495 494 0.0062
496 494 0.0053
494 495 0.0062
496 495 0.0171
1198 495 0.007
1199 495 0.0074
494 496 0.0053
495 496 0.0171
497 496 0.0027
496 497 0.0027
139 498 0.0212
466 498 0.0018
469 498 0.0037
137 499 0.0142
138 499 0.035
465 499 0.0127
132 500 0.0293
140 500 0.0084
501 500 0.0123
500 501 0.0123
502 501 0.0135
518 501 0.0523
547 501 0.0027
501 502 0.0135
503 502 0.0129
568 502 0.0123
502 503 0.0129
504 503 0.0066
523 503 0.0375
524 503 0.0064
503 504 0.0066
505 504 0.0031
562 504 0.004
504 505 0.0031
506 505 0.0161
524 505 0.0028
505 506 0.0161
507 506 0.0056
551 506 0.0042
506 507 0.0056
139 508 0.0102
509 508 0.003
518 508 0.0013
508 509 0.003
510 509 0.0099
531 509 0.0038
509 510 0.0099
511 510 0.0114
527 510 0.0052
532 510 0.009
510 511 0.0114
512 511 0.0475
513 511 0.0189
514 511 0.0094
511 512 0.0475
515 512 0.0296
1213 512 0.0089
511 513 0.0189
516 513 0.0245
517 513 0.0211
511 514 0.0094
515 514 0.019
1218 514 0.0192
1220 514 0.0269
512 515 0.0296
514 515 0.019
1218 515 0.004
513 516 0.0245
1205 516 0.1214
1210 516 0.0246
513 517 0.0211
140 518 0.0023
501 518 0.0523
508 518 0.0013
519 518 0.004
518 519 0.004
520 519 0.0213
523 519 0.0136
519 520 0.0213
521 520 0.0134
531 520 0.029
520 521 0.0134
522 521 0.0057
525 521 0.0087
531 521 0.0101
521 522 0.0057
503 523 0.0375
519 523 0.0136
525 523 0.0044
503 524 0.0064
505 524 0.0028
569 524 0.0026
521 525 0.0087
523 525 0.0044
526 525 0.0481
1220 525 0.0049
525 526 0.0481
470 527 0.0181
510 527 0.0052
528 527 0.0575
527 528 0.0575
529 528 0.0256
530 528 0.0218
528 529 0.0256
528 530 0.0218
509 531 0.0038
520 531 0.029
521 531 0.0101
510 532 0.009
132 533 0.0153
534 533 0.0035
547 533 0.0011
533 534 0.0035
122 535 0.0019
536 535 0.0086
537 535 0.0062
124 536 0.0029
125 536 0.0022
535 536 0.0086
125 537 0.0018
535 537 0.0062
538 537 0.002
537 538 0.002
123 539 0.0352
540 539 0.014
541 539 0.0065
539 540 0.014
539 541 0.0065
113 542 0.0046
118 542 0.004
543 542 0.0054
114 543 0.0064
542 543 0.0054
604 543 0.003
114 544 0.0061
545 544 0.0086
546 544 0.0028
544 545 0.0086
546 545 0.0019
571 545 0.0011
572 545 0.0144
119 546 0.0014
544 546 0.0028
545 546 0.0019
501 547 0.0027
533 547 0.0011
568 547 0.0036
127 548 0.0195
549 548 0.0063
553 548 0.0121
548 549 0.0063
550 549 0.008
551 549 0.0061
1231 549 0.0021
549 550 0.008
1222 550 0.0212
1223 550 0.0195
1225 550 0.0218
506 551 0.0042
549 551 0.0061
552 551 0.0037
551 552 0.0037
548 553 0.0121
554 553 0.0587
1228 553 0.0053
1232 553 0.0071
553 554 0.0587
555 554 0.0084
1234 554 0.0031
554 555 0.0084
556 555 0.003
1235 555 0.0302
1457 555 0.0061
127 556 0.0115
555 556 0.003
557 556 0.0032
1236 556 0.0017
556 557 0.0032
129 558 0.0017
559 558 0.0044
560 558 0.0029
563 558 0.001
558 559 0.0044
558 560 0.0029
127 561 0.0038
562 561 0.0013
565 561 0.0025
504 562 0.004
561 562 0.0013
566 562 0.002
129 563 0.0025
558 563 0.001
564 563 0.004
563 564 0.004
126 565 0.012
127 565 0.0343
561 565 0.0025
566 565 0.0013
562 566 0.002
565 566 0.0013
567 566 0.0056
568 566 0.0046
566 567 0.0056
502 568 0.0123
547 568 0.0036
566 568 0.0046
524 569 0.0026
126 570 0.0041
119 571 0.0079
121 571 0.0046
545 571 0.0011
545 572 0.0144
573 572 0.001
574 572 0.0026
572 573 0.001
572 574 0.0026
116 575 0.0007
129 575 0.0022
587 575 0.001
116 576 0.0233
577 576 0.033
592 576 0.0162
576 577 0.033
578 577 0.0167
586 577 0.0092
577 578 0.0167
580 578 0.0299
581 578 0.0065
590 578 0.0127
580 579 0.0053
1240 579 0.0141
1243 579 0.0123
578 580 0.0299
579 580 0.0053
1243 580 0.0022
578 581 0.0065
582 581 0.0008
584 581 0.0019
581 582 0.0008
583 582 0.0025
586 582 0.0016
582 583 0.0025
586 583 0.0011
1238 583 0.0012
581 584 0.0019
585 584 0.0089
1238 584 0.0037
584 585 0.0089
577 586 0.0092
582 586 0.0016
583 586 0.0011
587 586 0.0029
1237 586 0.0008
575 587 0.001
586 587 0.0029
588 587 0.0019
587 588 0.0019
115 589 0.0058
578 590 0.0127
591 590 0.0026
592 590 0.0025
1246 590 0.0086
1247 590 0.0087
590 591 0.0026
593 591 0.0013
1248 591 0.0028
576 592 0.0162
590 592 0.0025
593 592 0.0028
596 592 0.0024
591 593 0.0013
592 593 0.0028
1248 593 0.0068
116 594 0.0182
602 594 0.0006
627 594 0.0005
116 595 0.0021
592 596 0.0024
597 596 0.0021
598 596 0.0019
596 597 0.0021
1250 597 0.0085
1251 597 0.0051
1482 597 0.0027
596 598 0.0019
111 599 0.0039
600 599 0.0046
601 599 0.0025
599 600 0.0046
599 601 0.0025
109 602 0.0023
594 602 0.0006
603 602 0.0017
602 603 0.0017
113 604 0.0694
114 604 0.0218
543 604 0.003
111 605 0.0038
114 605 0.0404
115 605 0.0792
102 606 0.008
108 607 0.002
108 608 0.0097
609 608 0.0076
610 608 0.0049
611 608 0.0038
608 609 0.0076
102 610 0.0051
108 610 0.0055
608 610 0.0049
608 611 0.0038
104 612 0.0078
613 612 0.0297
630 612 0.0007
612 613 0.0297
614 613 0.0039
615 613 0.0218
621 613 0.0061
613 614 0.0039
613 615 0.0218
616 615 0.0151
621 615 0.0072
615 616 0.0151
617 616 0.0215
623 616 0.001
627 616 0.0029
616 617 0.0215
618 617 0.0168
620 617 0.0006
621 617 0.0027
617 618 0.0168
619 618 0.0077
624 618 0.1335
1253 618 0.0068
1254 618 0.0045
618 619 0.0077
1252 619 0.0197
1253 619 0.0018
1482 619 0.009
617 620 0.0006
613 621 0.0061
615 621 0.0072
617 621 0.0027
622 621 0.0017
621 622 0.0017
636 622 0.0006
1049 622 0.0056
1256 622 0.0025
616 623 0.001
618 624 0.1335
625 624 0.0013
626 624 0.0007
624 625 0.0013
624 626 0.0007
594 627 0.0005
616 627 0.0029
628 627 0.0025
627 628 0.0025
98 629 0.019
103 629 0.0053
104 629 0.0251
98 630 0.0159
612 630 0.0007
631 630 0.0571
630 631 0.0571
632 631 0.0296
640 631 0.0103
643 631 0.0013
631 632 0.0296
633 632 0.0477
646 632 0.0195
632 633 0.0477
634 633 0.0092
636 633 0.0028
633 634 0.0092
635 634 0.0088
1050 634 0.0197
634 635 0.0088
1044 635 0.0031
1045 635 0.0045
622 636 0.0006
633 636 0.0028
637 636 0.0015
638 636 0.0014
639 636 0.0025
640 636 0.0044
636 637 0.0015
636 638 0.0014
636 639 0.0025
631 640 0.0103
636 640 0.0044
641 640 0.0009
640 641 0.0009
95 642 0.0158
99 642 0.0104
643 642 0.0263
685 642 0.0026
95 643 0.0046
631 643 0.0013
642 643 0.0263
644 643 0.0299
96 644 0.0045
643 644 0.0299
645 644 0.0192
656 644 0.0144
644 645 0.0192
646 645 0.004
701 645 0.0027
632 646 0.0195
645 646 0.004
647 646 0.0941
646 647 0.0941
648 647 0.0171
701 647 0.0089
647 648 0.0171
656 648 0.0037
663 648 0.0158
701 648 0.0068
96 649 0.0303
650 649 0.0187
652 649 0.0325
689 649 0.0014
700 649 0.0048
649 650 0.0187
651 650 0.0112
700 650 0.0066
650 651 0.0112
660 651 0.0198
676 651 0.0052
649 652 0.0325
653 652 0.0352
691 652 0.0027
692 652 0.0021
652 653 0.0352
654 653 0.0231
692 653 0.002
653 654 0.0231
655 654 0.0284
693 654 0.0028
654 655 0.0284
678 655 0.0322
680 655 0.006
644 656 0.0144
648 656 0.0037
657 656 0.0094
666 656 0.0097
676 656 0.0015
677 656 0.0036
656 657 0.0094
658 657 0.0341
663 657 0.0054
657 658 0.0341
668 658 0.0015
1269 658 0.0333
669 659 0.0133
670 659 0.0105
1269 659 0.013
651 660 0.0198
661 660 0.0167
677 660 0.0017
681 660 0.0023
660 661 0.0167
662 661 0.013
675 661 0.0023
683 661 0.0027
661 662 0.013
673 662 0.0108
1076 662 0.0019
648 663 0.0158
657 663 0.0054
664 663 0.014
665 663 0.0038
1039 663 0.0043
1042 663 0.0079
1269 663 0.0138
663 664 0.014
665 664 0.0204
1264 664 0.0011
663 665 0.0038
664 665 0.0204
1037 665 0.0129
1263 665 0.005
1264 665 0.004
656 666 0.0097
667 666 0.0032
675 666 0.0011
666 667 0.0032
668 667 0.0027
675 667 0.0017
658 668 0.0015
667 668 0.0027
669 668 0.0073
659 669 0.0133
668 669 0.0073
670 669 0.0109
672 669 0.0096
659 670 0.0105
669 670 0.0109
671 670 0.0511
670 671 0.0511
1264 671 0.0062
1490 671 0.0091
669 672 0.0096
662 673 0.0108
674 673 0.0103
1270 673 0.0104
673 674 0.0103
661 675 0.0023
666 675 0.0011
667 675 0.0017
651 676 0.0052
656 676 0.0015
677 676 0.0038
656 677 0.0036
660 677 0.0017
676 677 0.0038
655 678 0.0322
679 678 0.0525
695 678 0.0004
678 679 0.0525
698 679 0.0022
699 679 0.0103
1075 679 0.0008
655 680 0.006
660 681 0.0023
682 681 0.0023
683 681 0.0031
681 682 0.0023
661 683 0.0027
681 683 0.0031
684 683 0.0017
683 684 0.0017
642 685 0.0026
84 686 0.0643
87 686 0.0187
687 686 0.0527
85 687 0.0725
87 687 0.0227
686 687 0.0527
87 688 0.0242
88 688 0.0312
89 688 0.0179
85 689 0.0341
89 689 0.026
649 689 0.0014
690 689 0.0078
689 690 0.0078
691 690 0.0023
1082 690 0.0907
652 691 0.0027
690 691 0.0023
692 691 0.0031
652 692 0.0021
653 692 0.002
691 692 0.0031
654 693 0.0028
694 693 0.0053
707 693 0.0031
693 694 0.0053
695 694 0.0059
707 694 0.0032
678 695 0.0004
694 695 0.0059
696 695 0.0032
706 695 0.0029
695 696 0.0032
697 696 0.0022
1690 696 0.0075
696 697 0.0022
710 697 0.0082
1075 697 0.0028
679 698 0.0022
679 699 0.0103
649 700 0.0048
650 700 0.0066
1268 700 0.0033
645 701 0.0027
647 701 0.0089
648 701 0.0068
82 702 0.0348
88 702 0.0049
703 702 0.0391
1081 702 0.0087
702 703 0.0391
704 703 0.0504
1081 703 0.0051
703 704 0.0504
705 704 0.0068
708 704 0.018
704 705 0.0068
706 705 0.0073
707 705 0.0044
712 705 0.003
695 706 0.0029
705 706 0.0073
712 706 0.0038
693 707 0.0031
694 707 0.0032
705 707 0.0044
704 708 0.018
709 708 0.0034
712 708 0.0025
721 708 0.0253
708 709 0.0034
710 709 0.0025
711 709 0.0102
697 710 0.0082
709 710 0.0025
711 710 0.0035
709 711 0.0102
710 711 0.0035
1075 711 0.0004
705 712 0.003
706 712 0.0038
708 712 0.0025
1054 712 0.0043
79 713 0.0185
714 713 0.0149
715 713 0.011
1079 713 0.0049
713 714 0.0149
715 714 0.0392
720 714 0.0063
713 715 0.011
714 715 0.0392
716 715 0.0121
737 715 0.0027
715 716 0.0121
717 716 0.0154
723 716 0.0041
716 717 0.0154
718 717 0.0231
736 717 0.009
1055 717 0.002
1495 717 0.0115
717 718 0.0231
719 718 0.0064
1056 718 0.0029
718 719 0.0064
731 719 0.0038
732 719 0.0272
741 719 0.001
714 720 0.0063
721 720 0.0196
737 720 0.0076
708 721 0.0253
720 721 0.0196
722 721 0.0422
736 721 0.0027
721 722 0.0422
724 722 0.0065
726 722 0.0124
729 722 0.0115
71 723 0.0109
716 723 0.0041
1495 723 0.0038
722 724 0.0065
725 724 0.002
1053 724 0.0018
724 725 0.002
722 726 0.0124
727 726 0.0227
730 726 0.0011
726 727 0.0227
728 727 0.0151
1274 727 0.0018
727 728 0.0151
743 728 0.0024
1271 728 0.0017
722 729 0.0115
730 729 0.0006
731 729 0.0018
732 729 0.0017
726 730 0.0011
729 730 0.0006
731 730 0.0012
719 731 0.0038
729 731 0.0018
730 731 0.0012
732 731 0.0037
743 731 0.0026
719 732 0.0272
729 732 0.0017
731 732 0.0037
71 733 0.1658
76 733 0.0288
734 733 0.0152
733 734 0.0152
735 734 0.0083
785 734 0.014
1077 734 0.0013
734 735 0.0083
738 735 0.0098
748 735 0.0098
750 735 0.0107
798 735 0.0398
1078 735 0.0076
717 736 0.009
721 736 0.0027
737 736 0.0034
715 737 0.0027
720 737 0.0076
736 737 0.0034
735 738 0.0098
739 738 0.0158
1078 738 0.0066
738 739 0.0158
740 739 0.0104
748 739 0.01
1077 739 0.0018
739 740 0.0104
741 740 0.0186
1055 740 0.0019
719 741 0.001
740 741 0.0186
742 741 0.0033
746 741 0.0217
747 741 0.024
749 741 0.0432
741 742 0.0033
743 742 0.0027
746 742 0.0035
728 743 0.0024
731 743 0.0026
742 743 0.0027
744 743 0.004
743 744 0.004
745 744 0.0042
1273 744 0.0012
744 745 0.0042
746 745 0.0227
747 745 0.0281
755 745 0.0146
1058 745 0.0067
1275 745 0.0036
741 746 0.0217
742 746 0.0035
745 746 0.0227
741 747 0.024
745 747 0.0281
1057 747 0.0011
735 748 0.0098
739 748 0.01
749 748 0.016
741 749 0.0432
748 749 0.016
751 749 0.0013
735 750 0.0107
751 750 0.027
753 750 0.0144
769 750 0.0036
1059 750 0.0054
749 751 0.0013
750 751 0.027
752 751 0.0078
753 751 0.0126
751 752 0.0078
753 752 0.0025
757 752 0.0271
759 752 0.0162
1500 752 0.0019
750 753 0.0144
751 753 0.0126
752 753 0.0025
754 753 0.012
757 753 0.0021
753 754 0.012
758 754 0.0017
763 754 0.008
768 754 0.0023
745 755 0.0146
756 755 0.0035
1500 755 0.0035
755 756 0.0035
760 756 0.0209
1278 756 0.0039
1279 756 0.0108
752 757 0.0271
753 757 0.0021
758 757 0.0108
762 757 0.0052
1284 757 0.0038
754 758 0.0017
757 758 0.0108
767 758 0.0022
1284 758 0.0077
752 759 0.0162
760 759 0.0048
761 759 0.002
1281 759 0.0027
756 760 0.0209
759 760 0.0048
1279 760 0.016
1280 760 0.0076
1500 760 0.001
759 761 0.002
757 762 0.0052
1281 762 0.0195
1284 762 0.0201
1501 762 0.0024
754 763 0.008
764 763 0.003
765 763 0.0031
766 763 0.0016
767 763 0.0032
1289 763 0.0023
763 764 0.003
763 765 0.0031
1292 765 0.0131
1296 765 0.0066
763 766 0.0016
758 767 0.0022
763 767 0.0032
1286 767 0.0285
754 768 0.0023
750 769 0.0036
770 769 0.0012
771 769 0.001
769 770 0.0012
769 771 0.001
76 772 0.0604
773 772 0.0423
774 772 0.1283
782 772 0.0312
785 772 0.0416
772 773 0.0423
785 773 0.0458
786 773 0.0291
772 774 0.1283
775 774 0.0027
776 774 0.0018
777 774 0.0028
77 775 0.0057
774 775 0.0027
790 775 0.0046
774 776 0.0018
774 777 0.0028
74 778 0.0147
75 778 0.0181
77 778 0.002
73 779 0.0148
780 779 0.0042
781 779 0.0036
779 780 0.0042
779 781 0.0036
772 782 0.0312
783 782 0.0241
784 782 0.0036
782 783 0.0241
1063 783 0.006
1064 783 0.0121
782 784 0.0036
786 784 0.0141
787 784 0.0133
1063 784 0.0324
734 785 0.014
772 785 0.0416
773 785 0.0458
786 785 0.0231
798 785 0.0626
773 786 0.0291
784 786 0.0141
785 786 0.0231
1060 786 0.0012
784 787 0.0133
788 787 0.0197
789 787 0.0052
787 788 0.0197
789 788 0.0152
791 788 0.0151
792 788 0.0257
787 789 0.0052
788 789 0.0152
1303 789 0.0025
77 790 0.0056
775 790 0.0046
791 790 0.0036
808 790 0.003
788 791 0.0151
790 791 0.0036
792 791 0.0216
814 791 0.0016
1063 791 0.0042
788 792 0.0257
791 792 0.0216
793 792 0.0436
792 793 0.0436
794 793 0.0093
800 793 0.0044
817 793 0.0119
793 794 0.0093
800 794 0.0023
803 794 0.0234
805 794 0.0082
1062 794 0.0083
1297 794 0.0028
68 795 0.006
796 795 0.0093
797 795 0.0093
807 795 0.0144
795 796 0.0093
795 797 0.0093
735 798 0.0398
785 798 0.0626
799 798 0.0035
798 799 0.0035
793 800 0.0044
794 800 0.0023
801 800 0.0037
800 801 0.0037
802 801 0.0028
1505 801 0.0005
801 802 0.0028
794 803 0.0234
804 803 0.0076
805 803 0.0103
1298 803 0.0019
1505 803 0.0022
803 804 0.0076
1296 804 0.0054
1298 804 0.0068
794 805 0.0082
803 805 0.0103
806 805 0.002
805 806 0.002
62 807 0.0377
795 807 0.0144
808 807 0.0301
790 808 0.003
807 808 0.0301
809 808 0.0323
820 808 0.0044
1066 808 0.009
808 809 0.0323
810 809 0.0135
813 809 0.0037
809 810 0.0135
811 810 0.0057
830 810 0.0024
810 811 0.0057
812 811 0.0031
825 811 0.0124
1062 811 0.0004
811 812 0.0031
821 812 0.002
826 812 0.0022
1300 812 0.0009
809 813 0.0037
814 813 0.0057
815 813 0.0058
791 814 0.0016
813 814 0.0057
816 814 0.0036
817 814 0.0042
820 814 0.0017
813 815 0.0058
814 816 0.0036
793 817 0.0119
814 817 0.0042
818 817 0.0025
819 817 0.0014
817 818 0.0025
817 819 0.0014
808 820 0.0044
814 820 0.0017
1065 820 0.0049
812 821 0.002
822 821 0.0091
826 821 0.0283
1061 821 0.0043
1302 821 0.0022
821 822 0.0091
823 822 0.0131
1506 822 0.0035
822 823 0.0131
824 823 0.0099
1299 823 0.0058
823 824 0.0099
832 824 0.0014
1061 824 0.0047
811 825 0.0124
826 825 0.009
830 825 0.0045
812 826 0.0022
821 826 0.0283
825 826 0.009
60 827 0.0434
828 827 0.013
857 827 0.0155
1512 827 0.0099
827 828 0.013
829 828 0.0092
839 828 0.012
858 828 0.0055
828 829 0.0092
830 829 0.0098
834 829 0.0038
849 829 0.0029
810 830 0.0024
825 830 0.0045
829 830 0.0098
831 830 0.0087
1306 830 0.0005
830 831 0.0087
832 831 0.0058
1061 831 0.0027
824 832 0.0014
831 832 0.0058
833 832 0.0043
832 833 0.0043
829 834 0.0038
835 834 0.0045
836 834 0.0037
834 835 0.0045
834 836 0.0037
837 836 0.0015
838 836 0.0013
836 837 0.0015
836 838 0.0013
828 839 0.012
840 839 0.0029
847 839 0.0006
859 839 0.0046
839 840 0.0029
841 840 0.0026
844 840 0.0017
840 841 0.0026
842 841 0.0042
843 841 0.0034
841 842 0.0042
841 843 0.0034
840 844 0.0017
845 844 0.0008
846 844 0.0006
844 845 0.0008
844 846 0.0006
839 847 0.0006
62 848 0.0114
849 848 0.0061
851 848 0.0041
853 848 0.0058
829 849 0.0029
848 849 0.0061
850 849 0.0061
849 850 0.0061
848 851 0.0041
61 852 0.0212
853 852 0.0054
856 852 0.0059
848 853 0.0058
852 853 0.0054
854 853 0.0142
853 854 0.0142
855 854 0.0027
863 854 0.0026
854 855 0.0027
852 856 0.0059
827 857 0.0155
858 857 0.0099
874 857 0.006
880 857 0.0004
828 858 0.0055
857 858 0.0099
859 858 0.004
860 858 0.001
839 859 0.0046
858 859 0.004
862 859 0.0005
1508 859 0.0004
858 860 0.001
861 860 0.0017
880 860 0.0005
860 861 0.0017
862 861 0.0011
880 861 0.0013
859 862 0.0005
861 862 0.0011
881 862 0.0006
854 863 0.0026
57 864 0.0024
865 864 0.0051
867 864 0.0081
864 865 0.0051
866 865 0.0123
870 865 0.0124
865 866 0.0123
864 867 0.0081
57 868 0.0023
58 868 0.0324
869 868 0.0225
870 868 0.0265
868 869 0.0225
875 869 0.0205
884 869 0.0027
865 870 0.0124
868 870 0.0265
871 870 0.0733
60 871 0.0028
870 871 0.0733
1511 871 0.0217
1512 871 0.0164
873 872 0.0051
1510 872 0.0093
1511 872 0.0171
872 873 0.0051
857 874 0.006
58 875 0.0077
869 875 0.0205
876 875 0.0084
908 875 0.0081
1307 875 0.0053
875 876 0.0084
877 876 0.0151
879 876 0.0056
876 877 0.0151
878 877 0.0073
879 877 0.0109
883 877 0.0005
890 877 0.0066
877 878 0.0073
883 878 0.0004
889 878 0.0019
876 879 0.0056
877 879 0.0109
880 879 0.0025
881 879 0.0012
882 879 0.0014
857 880 0.0004
860 880 0.0005
861 880 0.0013
879 880 0.0025
862 881 0.0006
879 881 0.0012
883 881 0.0011
1508 881 0.0008
879 882 0.0014
877 883 0.0005
878 883 0.0004
881 883 0.0011
869 884 0.0027
54 885 0.0213
886 885 0.0783
913 885 0.0228
