2 1 0.0105
3 1 0.011
4 1 0.0112
5 1 0.0125
6 1 0.0185
7 1 0.0055
11 1 0.0088
18 1 0.0036
20 1 0.0091
92 1 0.0062
103 1 0.0013
138 1 0.0081
158 1 0.004
228 1 0.0065
330 1 0.0058
352 1 0.0048
353 1 0.0115
501 1 0.0005
609 1 0.0116
610 1 0.0114
1 2 0.0105
20 2 0.0564
352 2 0.0384
1 3 0.011
177 3 0.0178
353 3 0.0265
354 3 0.1079
1 4 0.0112
132 4 0.0031
137 4 0.0048
592 4 0.0007
1 5 0.0125
125 5 0.0001
131 5 0.0002
1 6 0.0185
94 6 0.0065
103 6 0.0044
1 7 0.0055
8 7 0.0078
81 7 0.0015
7 8 0.0078
9 8 0.0177
502 8 0.0103
8 9 0.0177
10 9 0.0381
14 9 0.015
497 9 0.0008
9 10 0.0381
11 10 0.0288
14 10 0.0344
1 11 0.0088
10 11 0.0288
12 11 0.0023
11 12 0.0023
13 12 0.0232
615 12 0.0472
12 13 0.0232
14 13 0.0879
15 13 0.0174
503 13 0.0039
9 14 0.015
10 14 0.0344
13 14 0.0879
13 15 0.0174
616 15 0.0502
617 15 0.0019
17 16 0.0307
611 16 0.031
614 16 0.0775
16 17 0.0307
18 17 0.0179
25 17 0.0071
614 17 0.0843
1 18 0.0036
17 18 0.0179
19 18 0.0672
619 18 0.0123
18 19 0.0672
20 19 0.0173
21 19 0.0216
1 20 0.0091
2 20 0.0564
19 20 0.0173
21 20 0.0018
19 21 0.0216
20 21 0.0018
22 21 0.0043
21 22 0.0043
23 22 0.0055
622 22 0.0171
22 23 0.0055
209 23 0.0249
352 23 0.0552
34 24 0.0027
612 24 0.0056
615 24 0.0053
616 24 0.0029
618 24 0.0056
629 24 0.0645
633 24 0.0803
634 24 0.0461
17 25 0.0071
26 25 0.0139
621 25 0.0141
25 26 0.0139
623 26 0.0684
628 26 0.0034
40 27 0.01
623 27 0.0469
628 27 0.0606
29 28 0.0037
616 28 0.0034
617 28 0.009
28 29 0.0037
30 29 0.0058
32 29 0.015
29 30 0.0058
74 30 0.0025
482 30 0.0176
33 31 0.0049
71 31 0.0064
73 31 0.0021
482 31 0.0034
29 32 0.015
484 32 0.0129
488 32 0.0035
31 33 0.0049
483 33 0.0408
485 33 0.0139
24 34 0.0027
35 34 0.0008
489 34 0.0934
34 35 0.0008
37 36 0.0041
42 36 0.0034
481 36 0.0096
36 37 0.0041
38 37 0.0092
629 37 0.0052
37 38 0.0092
39 38 0.0088
40 38 0.0032
38 39 0.0088
43 39 0.009
513 39 0.0012
27 40 0.01
38 40 0.0032
230 40 0.0036
628 41 0.0086
36 42 0.0034
43 42 0.0017
46 42 0.0009
480 42 0.0026
39 43 0.009
42 43 0.0017
45 43 0.0179
46 43 0.0073
45 44 0.0145
438 44 0.016
439 44 0.0448
514 44 0.0103
43 45 0.0179
44 45 0.0145
514 45 0.0024
42 46 0.0009
43 46 0.0073
47 46 0.0028
46 47 0.0028
55 47 0.0121
439 47 0.0098
49 48 0.005
51 48 0.0152
513 48 0.0297
48 49 0.005
437 49 0.0089
514 49 0.0028
437 50 0.0038
438 50 0.0056
514 50 0.0673
48 51 0.0152
53 51 0.0103
249 51 0.0023
417 51 0.0016
509 51 0.0084
510 51 0.0206
230 52 0.0024
509 52 0.0035
512 52 0.0119
631 52 0.0403
51 53 0.0103
420 53 0.0091
508 53 0.0022
420 54 0.0146
47 55 0.0121
440 55 0.0045
462 55 0.0018
59 56 0.0373
449 56 0.1217
470 56 0.0339
436 57 0.1105
440 57 0.0254
448 57 0.0352
445 58 0.0727
450 58 0.1252
451 58 0.0778
453 58 0.1075
56 59 0.0373
449 59 0.0505
451 59 0.0562
461 59 0.085
467 59 0.1284
65 60 0.0437
70 60 0.0071
473 60 0.0276
474 60 0.0397
475 60 0.03
456 61 0.0284
471 61 0.0093
475 61 0.0349
63 62 0.0049
253 62 0.0115
441 62 0.0063
62 63 0.0049
251 63 0.0048
435 63 0.0047
251 64 0.0068
435 64 0.0036
437 64 0.001
60 65 0.0437
66 65 0.0273
69 65 0.0106
476 65 0.0285
65 66 0.0273
68 66 0.0222
476 66 0.084
476 67 0.0081
66 68 0.0222
65 69 0.0106
60 70 0.0071
477 70 0.0103
478 70 0.0141
31 71 0.0064
72 71 0.0074
479 71 0.0237
71 72 0.0074
31 73 0.0021
30 74 0.0025
75 74 0.0027
617 74 0.0008
74 75 0.0027
490 76 0.019
78 77 0.0226
79 77 0.0038
490 77 0.0644
77 78 0.0226
490 78 0.0132
491 78 0.0278
77 79 0.0038
82 80 0.0011
84 80 0.0046
85 80 0.0048
86 80 0.0066
496 80 0.0042
497 80 0.0081
7 81 0.0015
82 81 0.0021
500 81 0.0199
80 82 0.0011
81 82 0.0021
501 82 0.0017
496 83 0.0178
80 84 0.0046
80 85 0.0048
80 86 0.0066
89 87 0.0085
501 87 0.0072
504 87 0.0063
92 88 0.0009
96 88 0.0018
504 88 0.0387
87 89 0.0085
498 89 0.0017
504 89 0.0022
498 90 0.0018
498 91 0.0038
1 92 0.0062
88 92 0.0009
505 92 0.0049
94 93 0.0006
6 94 0.0065
93 94 0.0006
95 94 0.0093
94 95 0.0093
602 95 0.001
604 95 0.0029
605 95 0.0123
88 96 0.0018
506 96 0.0511
605 96 0.0091
99 97 0.0018
99 98 0.0044
603 98 0.0045
604 98 0.0054
97 99 0.0018
98 99 0.0044
100 99 0.0026
606 99 0.0122
99 100 0.0026
606 101 0.0071
113 102 0.0011
128 102 0.002
606 102 0.0159
1 103 0.0013
6 103 0.0044
600 103 0.0304
105 104 0.0009
106 104 0.0029
600 104 0.0008
104 105 0.0009
106 105 0.0081
601 105 0.0005
104 106 0.0029
105 106 0.0081
107 106 0.0009
108 106 0.002
106 107 0.0009
106 108 0.002
598 108 0.0182
599 108 0.0027
110 109 0.0109
123 109 0.0032
598 109 0.0014
109 110 0.0109
111 110 0.0017
115 110 0.0012
110 111 0.0017
602 111 0.0154
603 111 0.0014
115 112 0.014
102 113 0.0011
114 113 0.0016
128 113 0.0034
113 114 0.0016
115 114 0.0029
127 114 0.0007
128 114 0.0015
110 115 0.0012
112 115 0.014
114 115 0.0029
117 115 0.0209
608 115 0.0114
608 116 0.0021
115 117 0.0209
118 117 0.0083
122 117 0.0029
117 118 0.0083
119 118 0.0052
120 118 0.0071
118 119 0.0052
118 120 0.0071
608 121 0.0011
117 122 0.0029
123 122 0.0014
124 122 0.0023
126 122 0.0057
109 123 0.0032
122 123 0.0014
124 123 0.0021
122 124 0.0023
123 124 0.0021
125 124 0.0012
5 125 0.0001
124 125 0.0012
599 125 0.0003
122 126 0.0057
114 127 0.0007
102 128 0.002
113 128 0.0034
114 128 0.0015
607 128 0.0035
130 129 0.0014
129 130 0.0014
131 130 0.012
597 130 0.0014
5 131 0.0002
130 131 0.012
595 131 0.0016
4 132 0.0031
136 132 0.0035
595 132 0.0005
134 133 0.0007
135 133 0.0015
593 133 0.0014
133 134 0.0007
133 135 0.0015
136 135 0.0012
154 135 0.0006
132 136 0.0035
135 136 0.0012
139 136 0.0022
4 137 0.0048
138 137 0.0109
140 137 0.0121
1 138 0.0081
137 138 0.0109
145 138 0.016
136 139 0.0022
147 139 0.0006
592 139 0.012
137 140 0.0121
142 140 0.0069
589 140 0.0014
590 140 0.0036
142 141 0.0016
148 141 0.0012
577 141 0.0004
589 141 0.0022
140 142 0.0069
141 142 0.0016
143 142 0.0053
142 143 0.0053
144 143 0.0064
158 143 0.0106
143 144 0.0064
145 144 0.0031
146 144 0.0091
158 144 0.005
138 145 0.016
144 145 0.0031
146 145 0.0236
144 146 0.0091
145 146 0.0236
158 146 0.0062
139 147 0.0006
141 148 0.0012
149 148 0.0034
150 148 0.0024
148 149 0.0034
151 149 0.0028
152 149 0.0306
148 150 0.0024
155 150 0.02
156 150 0.0016
157 150 0.0015
587 150 0.0016
149 151 0.0028
152 151 0.0127
153 151 0.0038
154 151 0.0051
149 152 0.0306
151 152 0.0127
587 152 0.0034
151 153 0.0038
154 153 0.0317
587 153 0.0103
135 154 0.0006
151 154 0.0051
153 154 0.0317
150 155 0.02
156 155 0.0368
157 155 0.0033
292 155 0.0012
150 156 0.0016
155 156 0.0368
291 156 0.0009
150 157 0.0015
155 157 0.0033
586 157 0.0021
1 158 0.004
143 158 0.0106
144 158 0.005
146 158 0.0062
363 158 0.0057
358 159 0.0036
360 159 0.0043
363 159 0.0317
356 160 0.0011
357 160 0.0034
358 160 0.0011
165 161 0.0013
354 161 0.0063
356 161 0.0089
164 162 0.025
359 162 0.0488
574 162 0.0035
359 163 0.0072
360 163 0.0075
576 163 0.0019
162 164 0.025
165 164 0.0064
180 164 0.088
284 164 0.0025
574 164 0.001
161 165 0.0013
164 165 0.0064
166 165 0.0015
165 166 0.0015
167 166 0.0029
180 166 0.0041
166 167 0.0029
168 167 0.002
355 167 0.0021
167 168 0.002
169 168 0.0062
171 168 0.0017
168 169 0.0062
170 169 0.0422
181 169 0.013
169 170 0.0422
171 170 0.0129
326 170 0.007
168 171 0.0017
170 171 0.0129
173 171 0.0535
362 171 0.024
326 172 0.017
361 172 0.0101
362 172 0.017
171 173 0.0535
174 173 0.0048
361 173 0.0596
173 174 0.0048
175 174 0.0571
328 174 0.016
174 175 0.0571
176 175 0.0453
179 175 0.0154
175 176 0.0453
177 176 0.0471
328 176 0.0046
3 177 0.0178
176 177 0.0471
329 177 0.0641
183 178 0.0014
328 178 0.009
330 178 0.0148
175 179 0.0154
164 180 0.088
166 180 0.0041
181 180 0.0043
169 181 0.013
180 181 0.0043
189 181 0.0037
283 181 0.0028
288 181 0.0006
325 182 0.0795
326 182 0.087
327 182 0.0715
178 183 0.0014
185 183 0.0042
203 183 0.0263
185 184 0.0206
187 184 0.0196
325 184 0.0034
183 185 0.0042
184 185 0.0206
186 185 0.0224
185 186 0.0224
190 186 0.0043
364 186 0.0242
184 187 0.0196
188 187 0.0201
191 187 0.0121
367 187 0.017
187 188 0.0201
189 188 0.0134
191 188 0.0247
366 188 0.0491
181 189 0.0037
188 189 0.0134
282 189 0.0004
365 189 0.0075
186 190 0.0043
191 190 0.0159
193 190 0.0199
195 190 0.0185
247 190 0.0048
269 190 0.0151
273 190 0.0054
274 190 0.0131
277 190 0.014
364 190 0.0089
408 190 0.0012
187 191 0.0121
188 191 0.0247
190 191 0.0159
364 192 0.0314
190 193 0.0199
194 193 0.0259
196 193 0.0202
193 194 0.0259
196 194 0.0072
197 194 0.0042
190 195 0.0185
193 196 0.0202
194 196 0.0072
197 196 0.0083
198 196 0.0202
201 196 0.0126
194 197 0.0042
196 197 0.0083
200 197 0.0136
196 198 0.0202
199 198 0.0167
344 198 0.0071
198 199 0.0167
200 199 0.0139
204 199 0.0415
220 199 0.0085
343 199 0.0211
197 200 0.0136
199 200 0.0139
221 200 0.0135
196 201 0.0126
340 201 0.0445
341 201 0.0053
344 201 0.0051
203 202 0.0774
338 202 0.009
342 202 0.0394
183 203 0.0263
202 203 0.0774
331 203 0.1259
199 204 0.0415
206 204 0.025
369 204 0.0141
346 205 0.1316
368 205 0.0102
369 205 0.1015
204 206 0.025
370 206 0.0103
372 206 0.0122
213 207 0.0199
216 207 0.0161
347 207 0.0168
370 207 0.1414
210 208 0.0009
211 208 0.0018
333 208 0.0032
345 208 0.0066
23 209 0.0249
211 209 0.0044
228 209 0.0214
350 209 0.1477
208 210 0.0009
348 210 0.0203
349 210 0.0073
208 211 0.0018
209 211 0.0044
349 211 0.005
213 212 0.0042
214 212 0.0171
349 212 0.0435
207 213 0.0199
212 213 0.0042
214 213 0.0421
215 213 0.0087
212 214 0.0171
213 214 0.0421
215 214 0.0152
213 215 0.0087
214 215 0.0152
216 215 0.0049
217 215 0.0799
207 216 0.0161
215 216 0.0049
370 216 0.0109
215 217 0.0799
218 217 0.021
219 217 0.0206
217 218 0.021
374 218 0.0166
380 218 0.0097
217 219 0.0206
234 219 0.0017
384 219 0.011
199 220 0.0085
221 220 0.0187
371 220 0.0224
200 221 0.0135
220 221 0.0187
222 221 0.0084
221 222 0.0084
226 222 0.003
391 222 0.0026
224 223 0.0769
226 223 0.0133
371 223 0.0227
378 223 0.0149
223 224 0.0769
372 224 0.0306
373 224 0.0688
376 224 0.0526
373 225 0.0323
374 225 0.0302
375 225 0.0557
222 226 0.003
223 226 0.0133
227 226 0.0695
390 226 0.0435
226 227 0.0695
378 227 0.0436
386 227 0.0408
388 227 0.0373
389 227 0.1147
1 228 0.0065
209 228 0.0214
351 228 0.0287
332 229 0.0029
335 229 0.0198
351 229 0.0148
40 230 0.0036
52 230 0.0024
511 230 0.0027
377 231 0.0824
385 231 0.0534
388 231 0.0365
248 232 0.0548
375 232 0.0244
382 232 0.0123
385 232 0.1101
234 233 0.005
236 233 0.0063
380 233 0.0082
381 233 0.0302
383 233 0.0059
219 234 0.0017
233 234 0.005
395 234 0.0041
512 234 0.0011
240 235 0.004
397 235 0.0345
398 235 0.006
233 236 0.0063
237 236 0.0179
396 236 0.005
236 237 0.0179
238 237 0.049
248 237 0.0349
398 237 0.1509
237 238 0.049
383 238 0.0087
393 238 0.0399
384 239 0.0075
622 239 0.0168
627 239 0.057
235 240 0.004
416 240 0.0064
421 240 0.0076
399 241 0.0256
410 241 0.147
411 241 0.0094
413 241 0.0173
507 241 0.0429
248 242 0.0593
404 242 0.0449
507 242 0.0644
402 243 0.0182
403 243 0.009
406 243 0.0178
400 244 0.0074
401 244 0.0083
403 244 0.0029
389 245 0.0061
401 245 0.0029
407 245 0.02
247 246 0.0058
401 246 0.0034
407 246 0.0036
408 246 0.0043
190 247 0.0048
246 247 0.0058
392 247 0.001
407 247 0.0034
232 248 0.0548
237 248 0.0349
242 248 0.0593
385 248 0.052
387 248 0.0741
393 248 0.0984
399 248 0.0308
51 249 0.0023
251 249 0.0074
418 249 0.0072
422 249 0.0106
416 250 0.006
422 250 0.0387
424 250 0.0434
63 251 0.0048
64 251 0.0068
249 251 0.0074
427 251 0.004
253 252 0.0094
62 253 0.0115
252 253 0.0094
427 253 0.0183
428 253 0.014
261 254 0.0018
406 254 0.0095
412 254 0.0027
412 255 0.002
414 255 0.0012
419 255 0.0028
423 256 0.0138
515 256 0.0154
519 256 0.0039
423 257 0.0015
515 257 0.0389
516 257 0.0009
520 257 0.0307
267 258 0.0049
268 258 0.006
541 258 0.0015
266 259 0.0073
539 259 0.0044
540 259 0.0034
261 260 0.0049
319 260 0.0028
540 260 0.0009
254 261 0.0018
260 261 0.0049
415 261 0.0041
539 261 0.0019
424 262 0.0036
431 262 0.0614
518 262 0.0106
521 262 0.0071
430 263 0.0442
265 264 0.0051
517 264 0.0197
522 264 0.0032
264 265 0.0051
517 265 0.003
526 265 0.0021
530 265 0.0589
259 266 0.0073
267 266 0.0123
539 266 0.0038
258 267 0.0049
266 267 0.0123
268 267 0.002
270 267 0.0059
272 267 0.0007
258 268 0.006
267 268 0.002
269 268 0.0048
190 269 0.0151
268 269 0.0048
555 269 0.003
267 270 0.0059
273 270 0.0122
553 270 0.0027
313 271 0.0006
553 271 0.004
554 271 0.0039
267 272 0.0007
279 272 0.0005
554 272 0.0027
190 273 0.0054
270 273 0.0122
280 273 0.0009
190 274 0.0131
275 274 0.0052
563 274 0.0092
274 275 0.0052
563 275 0.0064
564 275 0.0193
566 275 0.0011
281 276 0.0013
564 276 0.0204
565 276 0.0103
190 277 0.014
563 277 0.0283
565 277 0.0275
279 278 0.0114
318 278 0.0017
540 278 0.0018
546 278 0.0077
272 279 0.0005
278 279 0.0114
314 279 0.0083
273 280 0.0009
566 280 0.0033
567 280 0.0013
276 281 0.0013
282 281 0.0017
304 281 0.0023
189 282 0.0004
281 282 0.0017
283 282 0.0056
181 283 0.0028
282 283 0.0056
571 283 0.0004
164 284 0.0025
302 284 0.0002
573 284 0.0041
576 285 0.0038
577 285 0.0129
578 285 0.0069
579 285 0.0414
574 286 0.0003
288 287 0.0041
306 287 0.0027
573 287 0.0052
181 288 0.0006
287 288 0.0041
573 288 0.002
290 289 0.0014
578 289 0.0004
582 289 0.0025
289 290 0.0014
291 290 0.0024
293 290 0.0011
156 291 0.0009
290 291 0.0024
292 291 0.0007
155 292 0.0012
291 292 0.0007
299 292 0.0007
290 293 0.0011
294 293 0.0019
296 293 0.0011
293 294 0.0019
295 294 0.0013
296 294 0.002
583 294 0.001
294 295 0.0013
297 295 0.0021
583 295 0.0005
293 296 0.0011
294 296 0.002
298 296 0.0022
295 297 0.0021
298 297 0.0009
299 297 0.0021
300 297 0.0021
301 297 0.0024
296 298 0.0022
297 298 0.0009
299 298 0.001
292 299 0.0007
297 299 0.0021
298 299 0.001
297 300 0.0021
297 301 0.0024
284 302 0.0002
303 302 0.0001
584 302 0.0007
585 302 0.0024
302 303 0.0001
580 303 0.0074
581 303 0.014
281 304 0.0023
556 304 0.0055
570 304 0.0016
310 305 0.0042
570 305 0.0005
571 305 0.0009
287 306 0.0027
309 307 0.002
556 307 0.0021
560 307 0.0045
310 308 0.0004
559 308 0.025
562 308 0.0012
307 309 0.002
557 309 0.0036
558 309 0.0037
305 310 0.0042
308 310 0.0004
311 310 0.0006
310 311 0.0006
313 312 0.0011
315 312 0.0049
568 312 0.0004
271 313 0.0006
312 313 0.0011
314 313 0.0033
569 313 0.0011
279 314 0.0083
313 314 0.0033
315 314 0.0071
312 315 0.0049
314 315 0.0071
316 315 0.0011
548 315 0.0039
315 316 0.0011
548 316 0.001
550 316 0.0038
557 316 0.001
550 317 0.0012
278 318 0.0017
542 318 0.0033
543 318 0.0019
260 319 0.0028
320 319 0.0008
536 319 0.0069
319 320 0.0008
536 321 0.0087
537 321 0.0029
544 321 0.0021
323 322 0.0015
537 322 0.0282
538 322 0.004
322 323 0.0015
324 323 0.0026
544 323 0.0046
323 324 0.0026
182 325 0.0795
184 325 0.0034
328 325 0.0035
170 326 0.007
172 326 0.017
182 326 0.087
182 327 0.0715
365 327 0.044
367 327 0.0844
174 328 0.016
176 328 0.0046
178 328 0.009
325 328 0.0035
177 329 0.0641
1 330 0.0058
178 330 0.0148
331 330 0.0049
203 331 0.1259
330 331 0.0049
332 331 0.0413
229 332 0.0029
331 332 0.0413
342 332 0.0071
208 333 0.0032
335 334 0.0362
229 335 0.0198
334 335 0.0362
336 335 0.0069
335 336 0.0069
337 336 0.0011
350 336 0.0054
336 337 0.0011
202 338 0.009
339 338 0.0052
341 338 0.0097
338 339 0.0052
340 339 0.0079
341 339 0.036
368 339 0.0353
201 340 0.0445
339 340 0.0079
344 340 0.0051
201 341 0.0053
338 341 0.0097
339 341 0.036
202 342 0.0394
332 342 0.0071
368 342 0.0998
199 343 0.0211
198 344 0.0071
201 344 0.0051
340 344 0.0051
208 345 0.0066
346 345 0.0501
348 345 0.0234
205 346 0.1316
345 346 0.0501
347 346 0.2252
207 347 0.0168
346 347 0.2252
348 347 0.0141
210 348 0.0203
345 348 0.0234
347 348 0.0141
210 349 0.0073
211 349 0.005
212 349 0.0435
209 350 0.1477
336 350 0.0054
351 350 0.0271
228 351 0.0287
229 351 0.0148
350 351 0.0271
1 352 0.0048
2 352 0.0384
23 352 0.0552
1 353 0.0115
3 353 0.0265
354 353 0.006
356 353 0.0089
3 354 0.1079
161 354 0.0063
353 354 0.006
167 355 0.0021
160 356 0.0011
161 356 0.0089
353 356 0.0089
160 357 0.0034
159 358 0.0036
160 358 0.0011
363 358 0.003
162 359 0.0488
163 359 0.0072
360 359 0.0117
159 360 0.0043
163 360 0.0075
359 360 0.0117
172 361 0.0101
173 361 0.0596
362 361 0.0805
171 362 0.024
172 362 0.017
361 362 0.0805
158 363 0.0057
159 363 0.0317
358 363 0.003
186 364 0.0242
190 364 0.0089
192 364 0.0314
189 365 0.0075
327 365 0.044
366 365 0.0279
188 366 0.0491
365 366 0.0279
367 366 0.0227
187 367 0.017
327 367 0.0844
366 367 0.0227
205 368 0.0102
339 368 0.0353
342 368 0.0998
204 369 0.0141
205 369 0.1015
370 369 0.0036
206 370 0.0103
207 370 0.1414
216 370 0.0109
369 370 0.0036
220 371 0.0224
223 371 0.0227
372 371 0.0494
206 372 0.0122
224 372 0.0306
371 372 0.0494
373 372 0.0206
224 373 0.0688
225 373 0.0323
372 373 0.0206
218 374 0.0166
225 374 0.0302
375 374 0.0146
225 375 0.0557
232 375 0.0244
374 375 0.0146
376 375 0.0355
224 376 0.0526
375 376 0.0355
377 376 0.153
231 377 0.0824
376 377 0.153
378 377 0.0163
223 378 0.0149
227 378 0.0436
377 378 0.0163
388 378 0.1063
381 379 0.0208
218 380 0.0097
233 380 0.0082
381 380 0.0197
382 380 0.0024
233 381 0.0302
379 381 0.0208
380 381 0.0197
232 382 0.0123
380 382 0.0024
383 382 0.0006
233 383 0.0059
238 383 0.0087
382 383 0.0006
219 384 0.011
239 384 0.0075
394 384 0.0061
231 385 0.0534
232 385 0.1101
248 385 0.052
386 385 0.1669
227 386 0.0408
385 386 0.1669
387 386 0.1328
388 386 0.0548
389 386 0.0337
400 386 0.0018
248 387 0.0741
386 387 0.1328
402 387 0.0046
227 388 0.0373
231 388 0.0365
378 388 0.1063
386 388 0.0548
227 389 0.1147
245 389 0.0061
386 389 0.0337
226 390 0.0435
222 391 0.0026
247 392 0.001
238 393 0.0399
248 393 0.0984
398 393 0.0342
384 394 0.0061
234 395 0.0041
396 395 0.0082
397 395 0.0265
236 396 0.005
395 396 0.0082
397 396 0.0836
398 396 0.0037
235 397 0.0345
395 397 0.0265
396 397 0.0836
421 397 0.0018
235 398 0.006
237 398 0.1509
393 398 0.0342
396 398 0.0037
399 398 0.0591
241 399 0.0256
248 399 0.0308
398 399 0.0591
244 400 0.0074
386 400 0.0018
401 400 0.008
403 400 0.0137
244 401 0.0083
245 401 0.0029
246 401 0.0034
400 401 0.008
243 402 0.0182
387 402 0.0046
404 402 0.0041
243 403 0.009
244 403 0.0029
400 403 0.0137
242 404 0.0449
402 404 0.0041
405 404 0.0249
413 404 0.0083
507 404 0.0345
404 405 0.0249
406 405 0.0079
413 405 0.0048
243 406 0.0178
254 406 0.0095
405 406 0.0079
245 407 0.02
246 407 0.0036
247 407 0.0034
190 408 0.0012
246 408 0.0043
409 408 0.004
408 409 0.004
241 410 0.147
411 410 0.0047
416 410 0.012
241 411 0.0094
410 411 0.0047
412 411 0.0329
413 411 0.0063
254 412 0.0027
255 412 0.002
411 412 0.0329
241 413 0.0173
404 413 0.0083
405 413 0.0048
411 413 0.0063
255 414 0.0012
261 415 0.0041
240 416 0.0064
250 416 0.006
410 416 0.012
417 416 0.0221
419 416 0.1224
51 417 0.0016
416 417 0.0221
418 417 0.0035
249 418 0.0072
417 418 0.0035
422 418 0.0026
255 419 0.0028
416 419 0.1224
423 419 0.0031
53 420 0.0091
54 420 0.0146
421 420 0.0212
508 420 0.0019
240 421 0.0076
397 421 0.0018
420 421 0.0212
249 422 0.0106
250 422 0.0387
418 422 0.0026
256 423 0.0138
257 423 0.0015
419 423 0.0031
250 424 0.0434
262 424 0.0036
425 424 0.0198
424 425 0.0198
426 425 0.0894
430 425 0.017
425 426 0.0894
427 426 0.0397
428 426 0.017
429 426 0.0175
251 427 0.004
253 427 0.0183
426 427 0.0397
253 428 0.014
426 428 0.017
429 428 0.0416
432 428 0.0248
426 429 0.0175
428 429 0.0416
430 429 0.1149
524 429 0.0068
263 430 0.0442
425 430 0.017
429 430 0.1149
431 430 0.0105
262 431 0.0614
430 431 0.0105
523 431 0.0051
428 432 0.0248
433 432 0.0144
434 432 0.0097
432 433 0.0144
432 434 0.0097
63 435 0.0047
64 435 0.0036
444 435 0.0055
57 436 0.1105
442 436 0.0514
444 436 0.0326
447 436 0.0077
49 437 0.0089
50 437 0.0038
64 437 0.001
438 437 0.0016
44 438 0.016
50 438 0.0056
437 438 0.0016
439 438 0.007
44 439 0.0448
47 439 0.0098
438 439 0.007
55 440 0.0045
57 440 0.0254
444 440 0.007
62 441 0.0063
442 441 0.0706
444 441 0.0128
436 442 0.0514
441 442 0.0706
443 442 0.0138
442 443 0.0138
435 444 0.0055
436 444 0.0326
440 444 0.007
441 444 0.0128
58 445 0.0727
446 445 0.0377
450 445 0.0746
445 446 0.0377
447 446 0.0253
454 446 0.0379
455 446 0.0239
436 447 0.0077
446 447 0.0253
455 447 0.0161
57 448 0.0352
450 448 0.03
465 448 0.0256
56 449 0.1217
59 449 0.0505
463 449 0.015
464 449 0.0296
58 450 0.1252
445 450 0.0746
448 450 0.03
58 451 0.0778
59 451 0.0562
461 451 0.0659
464 451 0.0125
453 452 0.0149
459 452 0.0751
461 452 0.024
58 453 0.1075
452 453 0.0149
454 453 0.0148
446 454 0.0379
453 454 0.0148
455 454 0.0683
446 455 0.0239
447 455 0.0161
454 455 0.0683
61 456 0.0284
457 456 0.0266
469 456 0.0656
456 457 0.0266
458 457 0.0386
466 457 0.1178
467 457 0.074
457 458 0.0386
459 458 0.0377
466 458 0.0271
452 459 0.0751
458 459 0.0377
460 459 0.0143
459 460 0.0143
466 460 0.0569
472 460 0.0383
59 461 0.085
451 461 0.0659
452 461 0.024
55 462 0.0018
463 462 0.0203
465 462 0.0066
449 463 0.015
462 463 0.0203
464 463 0.0072
449 464 0.0296
451 464 0.0125
463 464 0.0072
465 464 0.0521
448 465 0.0256
462 465 0.0066
464 465 0.0521
457 466 0.1178
458 466 0.0271
460 466 0.0569
472 466 0.0252
59 467 0.1284
457 467 0.074
468 467 0.1411
467 468 0.1411
469 468 0.0631
470 468 0.0262
456 469 0.0656
468 469 0.0631
471 469 0.0504
56 470 0.0339
468 470 0.0262
471 470 0.0601
61 471 0.0093
469 471 0.0504
470 471 0.0601
460 472 0.0383
466 472 0.0252
473 472 0.199
60 473 0.0276
472 473 0.199
474 473 0.0453
60 474 0.0397
473 474 0.0453
475 474 0.1292
60 475 0.03
61 475 0.0349
474 475 0.1292
65 476 0.0285
66 476 0.084
67 476 0.0081
70 477 0.0103
70 478 0.0141
71 479 0.0237
42 480 0.0026
36 481 0.0096
30 482 0.0176
31 482 0.0034
483 482 0.0066
33 483 0.0408
482 483 0.0066
484 483 0.0898
32 484 0.0129
483 484 0.0898
485 484 0.1054
488 484 0.0481
33 485 0.0139
484 485 0.1054
487 485 0.0753
487 486 0.0037
485 487 0.0753
486 487 0.0037
488 487 0.0833
32 488 0.0035
484 488 0.0481
487 488 0.0833
34 489 0.0934
76 490 0.019
77 490 0.0644
78 490 0.0132
78 491 0.0278
492 491 0.0037
632 491 0.0012
491 492 0.0037
494 493 0.009
495 493 0.0142
632 493 0.0035
493 494 0.009
493 495 0.0142
80 496 0.0042
83 496 0.0178
632 496 0.0135
9 497 0.0008
80 497 0.0081
499 497 0.0124
89 498 0.0017
90 498 0.0018
91 498 0.0038
497 499 0.0124
81 500 0.0199
1 501 0.0005
82 501 0.0017
87 501 0.0072
8 502 0.0103
13 503 0.0039
87 504 0.0063
88 504 0.0387
89 504 0.0022
92 505 0.0049
96 506 0.0511
241 507 0.0429
242 507 0.0644
404 507 0.0345
53 508 0.0022
420 508 0.0019
631 508 0.0042
51 509 0.0084
52 509 0.0035
513 509 0.0043
51 510 0.0206
230 511 0.0027
52 512 0.0119
234 512 0.0011
630 512 0.0015
631 512 0.0137
39 513 0.0012
48 513 0.0297
509 513 0.0043
44 514 0.0103
45 514 0.0024
49 514 0.0028
50 514 0.0673
256 515 0.0154
257 515 0.0389
519 515 0.0045
257 516 0.0009
264 517 0.0197
265 517 0.003
520 517 0.0106
262 518 0.0106
519 518 0.0096
520 518 0.0029
256 519 0.0039
515 519 0.0045
518 519 0.0096
257 520 0.0307
517 520 0.0106
518 520 0.0029
262 521 0.0071
522 521 0.0033
523 521 0.0158
264 522 0.0032
521 522 0.0033
527 522 0.0139
431 523 0.0051
521 523 0.0158
524 523 0.0251
429 524 0.0068
523 524 0.0251
525 524 0.0054
524 525 0.0054
265 526 0.0021
522 527 0.0139
528 527 0.0094
530 527 0.0076
527 528 0.0094
529 528 0.0136
530 528 0.0092
531 528 0.0024
528 529 0.0136
265 530 0.0589
527 530 0.0076
528 530 0.0092
528 531 0.0024
532 531 0.0231
533 531 0.0116
531 532 0.0231
531 533 0.0116
534 533 0.0065
535 533 0.0087
533 534 0.0065
533 535 0.0087
319 536 0.0069
321 536 0.0087
537 536 0.001
321 537 0.0029
322 537 0.0282
536 537 0.001
322 538 0.004
259 539 0.0044
261 539 0.0019
266 539 0.0038
259 540 0.0034
260 540 0.0009
278 540 0.0018
258 541 0.0015
318 542 0.0033
318 543 0.0019
321 544 0.0021
323 544 0.0046
545 544 0.0019
544 545 0.0019
278 546 0.0077
547 546 0.001
549 546 0.0014
546 547 0.001
548 547 0.0094
552 547 0.0008
315 548 0.0039
316 548 0.001
547 548 0.0094
546 549 0.0014
316 550 0.0038
317 550 0.0012
551 550 0.0031
550 551 0.0031
547 552 0.0008
270 553 0.0027
271 553 0.004
554 553 0.0023
271 554 0.0039
272 554 0.0027
553 554 0.0023
269 555 0.003
304 556 0.0055
307 556 0.0021
568 556 0.024
570 556 0.001
309 557 0.0036
316 557 0.001
559 557 0.001
309 558 0.0037
559 558 0.0053
561 558 0.0019
308 559 0.025
557 559 0.001
558 559 0.0053
307 560 0.0045
561 560 0.0008
562 560 0.0011
558 561 0.0019
560 561 0.0008
562 561 0.0027
308 562 0.0012
560 562 0.0011
561 562 0.0027
274 563 0.0092
275 563 0.0064
277 563 0.0283
275 564 0.0193
276 564 0.0204
565 564 0.0095
276 565 0.0103
277 565 0.0275
564 565 0.0095
275 566 0.0011
280 566 0.0033
567 566 0.0037
280 567 0.0013
566 567 0.0037
568 567 0.0019
312 568 0.0004
556 568 0.024
567 568 0.0019
313 569 0.0011
304 570 0.0016
305 570 0.0005
556 570 0.001
283 571 0.0004
305 571 0.0009
572 571 0.0007
571 572 0.0007
284 573 0.0041
287 573 0.0052
288 573 0.002
162 574 0.0035
164 574 0.001
286 574 0.0003
576 575 0.0024
163 576 0.0019
285 576 0.0038
575 576 0.0024
141 577 0.0004
285 577 0.0129
579 577 0.0156
285 578 0.0069
289 578 0.0004
579 578 0.0063
580 578 0.0006
285 579 0.0414
577 579 0.0156
578 579 0.0063
303 580 0.0074
578 580 0.0006
581 580 0.0076
303 581 0.014
580 581 0.0076
582 581 0.0004
289 582 0.0025
581 582 0.0004
583 582 0.0016
294 583 0.001
295 583 0.0005
582 583 0.0016
302 584 0.0007
302 585 0.0024
157 586 0.0021
150 587 0.0016
152 587 0.0034
153 587 0.0103
589 588 0.0044
140 589 0.0014
141 589 0.0022
588 589 0.0044
140 590 0.0036
592 591 0.0013
4 592 0.0007
139 592 0.012
591 592 0.0013
133 593 0.0014
594 593 0.0182
595 593 0.0143
593 594 0.0182
595 594 0.0215
596 594 0.0061
131 595 0.0016
132 595 0.0005
593 595 0.0143
594 595 0.0215
594 596 0.0061
130 597 0.0014
108 598 0.0182
109 598 0.0014
599 598 0.0339
108 599 0.0027
125 599 0.0003
598 599 0.0339
103 600 0.0304
104 600 0.0008
601 600 0.0003
105 601 0.0005
600 601 0.0003
602 601 0.0117
95 602 0.001
111 602 0.0154
601 602 0.0117
603 602 0.0543
98 603 0.0045
111 603 0.0014
602 603 0.0543
604 603 0.0008
95 604 0.0029
98 604 0.0054
603 604 0.0008
605 604 0.0147
95 605 0.0123
96 605 0.0091
604 605 0.0147
99 606 0.0122
101 606 0.0071
102 606 0.0159
128 607 0.0035
115 608 0.0114
116 608 0.0021
121 608 0.0011
1 609 0.0116
1 610 0.0114
16 611 0.031
612 611 0.0042
615 611 0.0179
24 612 0.0056
611 612 0.0042
614 612 0.0136
629 613 0.011
16 614 0.0775
17 614 0.0843
612 614 0.0136
12 615 0.0472
24 615 0.0053
611 615 0.0179
15 616 0.0502
24 616 0.0029
28 616 0.0034
15 617 0.0019
28 617 0.009
74 617 0.0008
24 618 0.0056
18 619 0.0123
624 620 0.0023
25 621 0.0141
625 621 0.0179
626 621 0.0091
22 622 0.0171
239 622 0.0168
624 622 0.0061
26 623 0.0684
27 623 0.0469
627 623 0.004
620 624 0.0023
622 624 0.0061
626 624 0.0052
621 625 0.0179
621 626 0.0091
624 626 0.0052
627 626 0.0372
239 627 0.057
623 627 0.004
626 627 0.0372
26 628 0.0034
27 628 0.0606
41 628 0.0086
24 629 0.0645
37 629 0.0052
613 629 0.011
512 630 0.0015
52 631 0.0403
508 631 0.0042
512 631 0.0137
491 632 0.0012
493 632 0.0035
496 632 0.0135
24 633 0.0803
24 634 0.0461
