2 1 0.0107
3 1 0.0121
4 1 0.0095
5 1 0.0102
6 1 0.0114
7 1 0.0133
8 1 0.0101
9 1 0.0113
10 1 0.0112
11 1 0.0114
12 1 0.0088
13 1 0.0086
14 1 0.0088
15 1 0.0032
19 1 0.01
21 1 0.0076
154 1 0.0123
156 1 0.0032
160 1 0.0091
210 1 0.0086
214 1 0.0089
218 1 0.0098
225 1 0.005
244 1 0.0086
256 1 0.0067
302 1 0.0081
316 1 0.0067
317 1 0.0072
1 2 0.0107
15 2 0.0042
18 2 0.0034
1 3 0.0121
16 3 0.007
19 3 0.0833
1 4 0.0095
28 4 0.0203
102 4 0.0453
115 4 0.0138
1 5 0.0102
102 5 0.0406
124 5 0.0151
1 6 0.0114
206 6 0.0154
210 6 0.08
1 7 0.0133
244 7 0.0231
255 7 0.0064
1 8 0.0101
257 8 0.032
284 8 0.0154
303 8 0.0093
1 9 0.0113
302 9 0.0286
305 9 0.0364
1 10 0.0112
305 10 0.0373
313 10 0.0364
1 11 0.0114
312 11 0.0493
316 11 0.0157
1 12 0.0088
326 12 0.0301
327 12 0.0288
330 12 0.0295
1 13 0.0086
74 13 0.0165
331 13 0.0348
334 13 0.0418
335 13 0.0183
336 13 0.0071
1 14 0.0088
24 14 0.0201
74 14 0.0157
1 15 0.0032
2 15 0.0042
16 15 0.0062
18 15 0.002
3 16 0.007
15 16 0.0062
17 16 0.0069
19 16 0.0094
20 16 0.008
16 17 0.0069
18 17 0.0068
27 17 0.0246
2 18 0.0034
15 18 0.002
17 18 0.0068
1 19 0.01
3 19 0.0833
16 19 0.0094
20 19 0.0744
16 20 0.008
19 20 0.0744
30 20 0.0029
1 21 0.0076
22 21 0.0049
23 21 0.0111
21 22 0.0049
23 22 0.0083
25 22 0.0386
27 22 0.0155
21 23 0.0111
22 23 0.0083
24 23 0.056
14 24 0.0201
23 24 0.056
25 24 0.0144
22 25 0.0386
24 25 0.0144
26 25 0.0076
25 26 0.0076
27 26 0.0081
48 26 0.0251
17 27 0.0246
22 27 0.0155
26 27 0.0081
4 28 0.0203
29 28 0.0044
31 28 0.0041
28 29 0.0044
30 29 0.0024
34 29 0.0052
40 29 0.0111
90 29 0.0119
98 29 0.003
99 29 0.0017
20 30 0.0029
29 30 0.0024
47 30 0.0294
28 31 0.0041
32 31 0.0258
113 31 0.0055
115 31 0.0058
31 32 0.0258
98 32 0.0373
119 32 0.0102
34 33 0.0016
47 33 0.0081
89 33 0.0012
29 34 0.0052
33 34 0.0016
89 34 0.0004
36 35 0.0058
37 35 0.0035
47 35 0.0058
65 35 0.0009
84 35 0.0032
35 36 0.0058
37 36 0.0066
38 36 0.0034
68 36 0.001
35 37 0.0035
36 37 0.0066
38 37 0.0039
36 38 0.0034
37 38 0.0039
39 38 0.0037
38 39 0.0037
29 40 0.0111
41 40 0.0073
42 40 0.0033
100 40 0.0016
40 41 0.0073
91 41 0.005
93 41 0.0001
40 42 0.0033
43 42 0.0005
97 42 0.0011
42 43 0.0005
46 44 0.0032
87 44 0.0012
90 44 0.0076
87 45 0.0008
44 46 0.0032
84 46 0.003
85 46 0.0061
86 46 0.0073
88 46 0.0039
30 47 0.0294
33 47 0.0081
35 47 0.0058
88 47 0.009
26 48 0.0251
49 48 0.0099
51 48 0.026
48 49 0.0099
50 49 0.0194
53 49 0.0016
49 50 0.0194
51 50 0.0473
55 50 0.0165
48 51 0.026
50 51 0.0473
52 51 0.0101
51 52 0.0101
55 52 0.0197
57 52 0.0119
71 52 0.0663
80 52 0.0113
49 53 0.0016
54 53 0.0085
58 53 0.0134
53 54 0.0085
55 54 0.002
56 54 0.009
50 55 0.0165
52 55 0.0197
54 55 0.002
56 55 0.0342
54 56 0.009
55 56 0.0342
57 56 0.0476
52 57 0.0119
56 57 0.0476
58 57 0.0097
389 57 0.0128
53 58 0.0134
57 58 0.0097
62 58 0.0096
65 58 0.0161
60 59 0.0066
61 59 0.0047
83 59 0.0059
387 59 0.022
391 59 0.0266
392 59 0.0055
59 60 0.0066
59 61 0.0047
58 62 0.0096
63 62 0.0048
64 62 0.005
62 63 0.0048
62 64 0.005
35 65 0.0009
58 65 0.0161
66 65 0.0027
65 66 0.0027
67 66 0.0078
70 66 0.0061
66 67 0.0078
68 67 0.002
70 67 0.0079
36 68 0.001
67 68 0.002
69 68 0.0185
70 68 0.0113
68 69 0.0185
66 70 0.0061
67 70 0.0079
68 70 0.0113
52 71 0.0663
72 71 0.003
79 71 0.0059
71 72 0.003
73 72 0.0153
75 72 0.0037
77 72 0.0049
72 73 0.0153
74 73 0.0571
75 73 0.0101
13 74 0.0165
14 74 0.0157
73 74 0.0571
344 74 0.0021
72 75 0.0037
73 75 0.0101
364 75 0.0008
77 76 0.0338
72 77 0.0049
76 77 0.0338
78 77 0.0418
364 77 0.0033
366 77 0.0021
77 78 0.0418
79 78 0.0038
369 78 0.0047
71 79 0.0059
78 79 0.0038
80 79 0.0449
52 80 0.0113
79 80 0.0449
81 80 0.0206
80 81 0.0206
82 81 0.0302
384 81 0.0015
388 81 0.0065
81 82 0.0302
83 82 0.0203
386 82 0.0076
388 82 0.0107
393 82 0.0104
59 83 0.0059
82 83 0.0203
388 83 0.0064
393 83 0.0162
396 83 0.0046
399 83 0.0005
35 84 0.0032
46 84 0.003
85 84 0.0016
46 85 0.0061
84 85 0.0016
86 85 0.0048
46 86 0.0073
85 86 0.0048
87 86 0.0049
44 87 0.0012
45 87 0.0008
86 87 0.0049
46 88 0.0039
47 88 0.009
89 88 0.0016
33 89 0.0012
34 89 0.0004
88 89 0.0016
90 89 0.0136
29 90 0.0119
44 90 0.0076
89 90 0.0136
41 91 0.005
92 91 0.0036
94 91 0.0002
91 92 0.0036
95 92 0.0005
96 92 0.0002
41 93 0.0001
91 94 0.0002
92 95 0.0005
92 96 0.0002
42 97 0.0011
29 98 0.003
32 98 0.0373
99 98 0.0182
29 99 0.0017
98 99 0.0182
100 99 0.0028
40 100 0.0016
99 100 0.0028
101 100 0.0005
100 101 0.0005
4 102 0.0453
5 102 0.0406
103 102 0.0187
124 102 0.0156
102 103 0.0187
104 103 0.0135
116 103 0.0089
103 104 0.0135
105 104 0.0048
116 104 0.0115
127 104 0.0066
104 105 0.0048
106 105 0.0052
113 105 0.0044
120 105 0.0057
121 105 0.0094
123 105 0.0043
105 106 0.0052
107 106 0.0029
110 106 0.001
111 106 0.0002
112 106 0.0035
106 107 0.0029
109 107 0.0012
137 107 0.0101
137 108 0.0062
107 109 0.0012
106 110 0.001
106 111 0.0002
106 112 0.0035
31 113 0.0055
105 113 0.0044
114 113 0.0029
113 114 0.0029
4 115 0.0138
31 115 0.0058
116 115 0.0082
103 116 0.0089
104 116 0.0115
115 116 0.0082
118 117 0.0021
119 117 0.009
120 117 0.0068
117 118 0.0021
32 119 0.0102
117 119 0.009
120 119 0.0043
105 120 0.0057
117 120 0.0068
119 120 0.0043
121 120 0.0058
105 121 0.0094
120 121 0.0058
122 121 0.0026
121 122 0.0026
105 123 0.0043
5 124 0.0151
102 124 0.0156
125 124 0.014
124 125 0.014
126 125 0.0038
128 125 0.0192
125 126 0.0038
127 126 0.0093
129 126 0.0553
104 127 0.0066
126 127 0.0093
131 127 0.016
125 128 0.0192
129 128 0.0084
156 128 0.0118
126 129 0.0553
128 129 0.0084
140 129 0.019
147 130 0.0073
153 130 0.005
155 130 0.0073
156 130 0.003
127 131 0.016
132 131 0.0171
139 131 0.0015
131 132 0.0171
133 132 0.0009
135 132 0.0104
132 133 0.0009
134 133 0.0031
135 133 0.003
133 134 0.0031
136 134 0.0039
431 134 0.0013
132 135 0.0104
133 135 0.003
136 135 0.0024
134 136 0.0039
135 136 0.0024
140 136 0.0012
146 136 0.0024
107 137 0.0101
108 137 0.0062
139 137 0.0031
139 138 0.0015
131 139 0.0015
137 139 0.0031
138 139 0.0015
129 140 0.019
136 140 0.0012
141 140 0.0028
142 140 0.0053
144 140 0.0009
194 140 0.0029
140 141 0.0028
140 142 0.0053
143 142 0.0016
145 142 0.0012
142 143 0.0016
140 144 0.0009
142 145 0.0012
136 146 0.0024
130 147 0.0073
148 147 0.0142
163 147 0.008
147 148 0.0142
149 148 0.0019
163 148 0.0044
148 149 0.0019
150 149 0.0041
194 149 0.0015
149 150 0.0041
153 151 0.0055
153 152 0.0025
130 153 0.005
151 153 0.0055
152 153 0.0025
1 154 0.0123
155 154 0.0355
157 154 0.0136
130 155 0.0073
154 155 0.0355
156 155 0.0106
157 155 0.0198
197 155 0.0074
1 156 0.0032
128 156 0.0118
130 156 0.003
155 156 0.0106
154 157 0.0136
155 157 0.0198
158 157 0.0112
196 157 0.0114
157 158 0.0112
159 158 0.0244
161 158 0.0025
158 159 0.0244
160 159 0.0176
162 159 0.0071
1 160 0.0091
159 160 0.0176
166 160 0.006
158 161 0.0025
162 161 0.0168
163 161 0.0042
159 162 0.0071
161 162 0.0168
164 162 0.0088
147 163 0.008
148 163 0.0044
161 163 0.0042
162 164 0.0088
165 164 0.0041
184 164 0.0012
164 165 0.0041
160 166 0.006
167 166 0.0457
168 166 0.01
166 167 0.0457
181 167 0.0061
206 167 0.0318
166 168 0.01
170 168 0.0365
185 168 0.0158
186 168 0.0033
187 168 0.0177
205 168 0.0065
198 169 0.0002
199 169 0.0002
205 169 0.0138
168 170 0.0365
171 170 0.0033
177 170 0.0058
193 170 0.0023
200 170 0.0055
170 171 0.0033
172 171 0.0088
173 171 0.0045
174 171 0.0016
175 171 0.0011
176 171 0.0087
171 172 0.0088
171 173 0.0045
171 174 0.0016
171 175 0.0011
171 176 0.0087
170 177 0.0058
178 177 0.0031
188 177 0.0028
177 178 0.0031
179 178 0.0016
180 178 0.0022
178 179 0.0016
178 180 0.0022
167 181 0.0061
182 181 0.0161
185 181 0.0141
181 182 0.0161
186 182 0.0147
190 182 0.0244
190 183 0.0053
164 184 0.0012
168 185 0.0158
181 185 0.0141
186 185 0.023
168 186 0.0033
182 186 0.0147
185 186 0.023
168 187 0.0177
188 187 0.0079
189 187 0.0072
177 188 0.0028
187 188 0.0079
191 188 0.0006
187 189 0.0072
182 190 0.0244
183 190 0.0053
191 190 0.0117
188 191 0.0006
190 191 0.0117
192 191 0.0028
191 192 0.0028
170 193 0.0023
140 194 0.0029
149 194 0.0015
195 194 0.0006
194 195 0.0006
157 196 0.0114
155 197 0.0074
169 198 0.0002
169 199 0.0002
170 200 0.0055
201 200 0.0008
202 200 0.0044
200 201 0.0008
200 202 0.0044
205 203 0.0036
205 204 0.0042
168 205 0.0065
169 205 0.0138
203 205 0.0036
204 205 0.0042
6 206 0.0154
167 206 0.0318
207 206 0.019
206 207 0.019
208 207 0.0524
209 207 0.0209
207 208 0.0524
209 208 0.0261
211 208 0.0101
212 208 0.0381
207 209 0.0209
208 209 0.0261
217 209 0.0166
1 210 0.0086
6 210 0.08
211 210 0.0352
213 210 0.0169
208 211 0.0101
210 211 0.0352
212 211 0.0329
208 212 0.0381
211 212 0.0329
213 212 0.0569
210 213 0.0169
212 213 0.0569
215 213 0.0294
1 214 0.0089
215 214 0.0522
218 214 0.0102
213 215 0.0294
214 215 0.0522
216 215 0.0253
215 216 0.0253
217 216 0.0186
219 216 0.0126
209 217 0.0166
216 217 0.0186
220 217 0.021
222 217 0.0229
1 218 0.0098
214 218 0.0102
219 218 0.0298
216 219 0.0126
218 219 0.0298
220 219 0.0267
227 219 0.0295
217 220 0.021
219 220 0.0267
221 220 0.0543
226 220 0.0518
220 221 0.0543
222 221 0.0957
228 221 0.019
217 222 0.0229
221 222 0.0957
229 222 0.0143
230 222 0.0097
231 222 0.0166
224 223 0.0164
225 223 0.03
227 223 0.0394
223 224 0.0164
226 224 0.022
232 224 0.0161
239 224 0.0073
1 225 0.005
223 225 0.03
227 225 0.0298
220 226 0.0518
224 226 0.022
227 226 0.0325
219 227 0.0295
223 227 0.0394
225 227 0.0298
226 227 0.0325
221 228 0.019
222 229 0.0143
222 230 0.0097
222 231 0.0166
224 232 0.0161
233 232 0.0098
234 232 0.0048
232 233 0.0098
235 233 0.0076
236 233 0.0127
232 234 0.0048
233 235 0.0076
233 236 0.0127
237 236 0.0081
238 236 0.0079
236 237 0.0081
236 238 0.0079
224 239 0.0073
240 239 0.0119
243 239 0.0006
239 240 0.0119
241 240 0.0057
242 240 0.0097
240 241 0.0057
240 242 0.0097
239 243 0.0006
1 244 0.0086
7 244 0.0231
245 244 0.004
246 244 0.0051
254 244 0.0045
244 245 0.004
244 246 0.0051
247 246 0.0156
249 246 0.0541
246 247 0.0156
248 247 0.0107
249 247 0.0082
247 248 0.0107
246 249 0.0541
247 249 0.0082
250 249 0.0021
253 249 0.0015
249 250 0.0021
251 250 0.0065
252 250 0.0037
250 251 0.0065
250 252 0.0037
249 253 0.0015
244 254 0.0045
7 255 0.0064
1 256 0.0067
258 256 0.0089
260 256 0.0056
8 257 0.032
258 257 0.0161
261 257 0.0195
256 258 0.0089
257 258 0.0161
259 258 0.0055
258 259 0.0055
261 259 0.0107
266 259 0.0221
256 260 0.0056
257 261 0.0195
259 261 0.0107
262 261 0.0367
261 262 0.0367
263 262 0.0109
285 262 0.0562
262 263 0.0109
264 263 0.0549
283 263 0.002
263 264 0.0549
265 264 0.0224
269 264 0.0331
264 265 0.0224
274 265 0.0062
276 265 0.0107
259 266 0.0221
267 266 0.0033
268 266 0.0023
266 267 0.0033
266 268 0.0023
264 269 0.0331
270 269 0.0037
271 269 0.0042
269 270 0.0037
269 271 0.0042
272 271 0.005
273 271 0.0033
271 272 0.005
271 273 0.0033
265 274 0.0062
275 274 0.0031
278 274 0.001
274 275 0.0031
265 276 0.0107
277 276 0.0258
281 276 0.0035
282 276 0.0115
276 277 0.0258
279 277 0.0075
280 277 0.0093
274 278 0.001
277 279 0.0075
277 280 0.0093
276 281 0.0035
276 282 0.0115
263 283 0.002
8 284 0.0154
285 284 0.0194
304 284 0.0118
262 285 0.0562
284 285 0.0194
286 285 0.0118
285 286 0.0118
288 286 0.0252
294 286 0.0214
298 287 0.0241
299 287 0.0266
300 287 0.0157
301 287 0.0124
286 288 0.0252
301 288 0.0165
304 288 0.0239
305 288 0.0029
306 288 0.0077
361 288 0.0019
290 289 0.0109
293 289 0.0047
298 289 0.0298
289 290 0.0109
291 290 0.0023
292 290 0.0049
290 291 0.0023
290 292 0.0049
289 293 0.0047
427 293 0.0093
429 293 0.0022
286 294 0.0214
295 294 0.0041
299 294 0.0499
301 294 0.0398
294 295 0.0041
296 295 0.0027
300 295 0.0036
295 296 0.0027
297 296 0.0044
298 296 0.0032
296 297 0.0044
287 298 0.0241
289 298 0.0298
296 298 0.0032
287 299 0.0266
294 299 0.0499
300 299 0.0088
287 300 0.0157
295 300 0.0036
299 300 0.0088
287 301 0.0124
288 301 0.0165
294 301 0.0398
1 302 0.0081
9 302 0.0286
303 302 0.0075
8 303 0.0093
302 303 0.0075
304 303 0.0043
284 304 0.0118
288 304 0.0239
303 304 0.0043
9 305 0.0364
10 305 0.0373
288 305 0.0029
314 305 0.0826
288 306 0.0077
307 306 0.0038
308 306 0.0053
306 307 0.0038
306 308 0.0053
309 308 0.0049
360 308 0.0012
308 309 0.0049
310 309 0.0019
311 309 0.0032
309 310 0.0019
309 311 0.0032
11 312 0.0493
313 312 0.0442
316 312 0.019
10 313 0.0364
312 313 0.0442
314 313 0.0894
318 313 0.0179
305 314 0.0826
313 314 0.0894
315 314 0.0023
319 314 0.0102
314 315 0.0023
1 316 0.0067
11 316 0.0157
312 316 0.019
317 316 0.0544
1 317 0.0072
316 317 0.0544
325 317 0.0422
326 317 0.1056
313 318 0.0179
319 318 0.0338
325 318 0.0159
314 319 0.0102
318 319 0.0338
320 319 0.008
325 319 0.0119
319 320 0.008
322 321 0.0301
326 321 0.0414
328 321 0.0162
321 322 0.0301
323 322 0.0041
324 322 0.0024
322 323 0.0041
322 324 0.0024
317 325 0.0422
318 325 0.0159
319 325 0.0119
12 326 0.0301
317 326 0.1056
321 326 0.0414
12 327 0.0288
328 327 0.0133
330 327 0.0864
321 328 0.0162
327 328 0.0133
329 328 0.0066
330 328 0.0117
331 328 0.0139
328 329 0.0066
332 329 0.0078
333 329 0.048
12 330 0.0295
327 330 0.0864
328 330 0.0117
331 330 0.0981
13 331 0.0348
328 331 0.0139
330 331 0.0981
329 332 0.0078
333 332 0.0039
360 332 0.0089
329 333 0.048
332 333 0.0039
335 333 0.0013
13 334 0.0418
336 334 0.0125
337 334 0.0076
13 335 0.0183
333 335 0.0013
413 335 0.0033
13 336 0.0071
334 336 0.0125
337 336 0.0055
375 336 0.0015
334 337 0.0076
336 337 0.0055
338 337 0.0128
359 337 0.0026
337 338 0.0128
339 338 0.0062
356 338 0.0018
338 339 0.0062
340 339 0.0168
356 339 0.0047
339 340 0.0168
341 340 0.013
375 340 0.0048
340 341 0.013
371 341 0.0037
403 341 0.0034
344 342 0.0007
372 343 0.0088
376 343 0.0001
383 343 0.0072
74 344 0.0021
342 344 0.0007
373 344 0.0025
374 344 0.0013
375 344 0.0097
346 345 0.0075
350 345 0.0051
373 345 0.0199
401 345 0.0012
345 346 0.0075
347 346 0.0012
395 346 0.001
400 346 0.0004
346 347 0.0012
349 348 0.0032
350 348 0.0028
368 348 0.0008
369 348 0.0034
394 348 0.0003
348 349 0.0032
350 349 0.0091
395 349 0.002
345 350 0.0051
348 350 0.0028
349 350 0.0091
353 351 0.0033
357 351 0.0035
358 351 0.0119
353 352 0.3755
351 353 0.0033
352 353 0.3755
407 353 0.0024
355 354 0.0021
407 354 0.0052
410 354 0.002
354 355 0.0021
338 356 0.0018
339 356 0.0047
357 356 0.0069
351 357 0.0035
356 357 0.0069
359 357 0.0037
351 358 0.0119
359 358 0.0027
417 358 0.0106
337 359 0.0026
357 359 0.0037
358 359 0.0027
308 360 0.0012
332 360 0.0089
361 360 0.0203
288 361 0.0019
360 361 0.0203
362 361 0.0023
363 361 0.0034
361 362 0.0023
361 363 0.0034
75 364 0.0008
77 364 0.0033
365 364 0.0115
368 364 0.0017
373 364 0.0027
364 365 0.0115
366 365 0.0162
367 365 0.0083
77 366 0.0021
365 366 0.0162
367 366 0.0127
369 366 0.0036
365 367 0.0083
366 367 0.0127
368 367 0.0059
370 367 0.0045
348 368 0.0008
364 368 0.0017
367 368 0.0059
78 369 0.0047
348 369 0.0034
366 369 0.0036
367 370 0.0045
341 371 0.0037
372 371 0.021
402 371 0.0107
343 372 0.0088
371 372 0.021
406 372 0.0011
344 373 0.0025
345 373 0.0199
364 373 0.0027
344 374 0.0013
336 375 0.0015
340 375 0.0048
344 375 0.0097
343 376 0.0001
378 377 0.0004
379 377 0.001
383 377 0.0017
377 378 0.0004
377 379 0.001
381 380 0.001
382 380 0.0007
383 380 0.0051
380 381 0.001
380 382 0.0007
343 383 0.0072
377 383 0.0017
380 383 0.0051
81 384 0.0015
386 385 0.0028
82 386 0.0076
385 386 0.0028
393 386 0.0065
59 387 0.022
388 387 0.0134
391 387 0.0269
81 388 0.0065
82 388 0.0107
83 388 0.0064
387 388 0.0134
389 388 0.0304
390 388 0.0541
57 389 0.0128
388 389 0.0304
390 389 0.0348
388 390 0.0541
389 390 0.0348
391 390 0.0462
59 391 0.0266
387 391 0.0269
390 391 0.0462
59 392 0.0055
82 393 0.0104
83 393 0.0162
386 393 0.0065
394 393 0.0022
395 393 0.0004
348 394 0.0003
393 394 0.0022
395 394 0.0004
346 395 0.001
349 395 0.002
393 395 0.0004
394 395 0.0004
83 396 0.0046
397 396 0.0012
398 396 0.0043
396 397 0.0012
396 398 0.0043
83 399 0.0005
346 400 0.0004
345 401 0.0012
371 402 0.0107
405 402 0.0028
406 402 0.0007
341 403 0.0034
404 403 0.0023
405 403 0.0015
403 404 0.0023
402 405 0.0028
403 405 0.0015
406 405 0.0011
372 406 0.0011
402 406 0.0007
405 406 0.0011
411 406 0.0002
353 407 0.0024
354 407 0.0052
408 407 0.001
409 407 0.0008
407 408 0.001
407 409 0.0008
354 410 0.002
406 411 0.0002
416 412 0.0006
335 413 0.0033
414 413 0.0187
417 413 0.0251
413 414 0.0187
415 414 0.0013
416 414 0.019
414 415 0.0013
425 415 0.003
426 415 0.0027
412 416 0.0006
414 416 0.019
417 416 0.0198
358 417 0.0106
413 417 0.0251
416 417 0.0198
418 417 0.0138
417 418 0.0138
419 418 0.0088
421 418 0.0155
418 419 0.0088
420 419 0.0039
423 419 0.0014
419 420 0.0039
421 420 0.0023
424 420 0.0024
418 421 0.0155
420 421 0.0023
422 421 0.0033
421 422 0.0033
419 423 0.0014
420 424 0.0024
415 425 0.003
415 426 0.0027
293 427 0.0093
428 427 0.0021
430 427 0.0105
427 428 0.0021
293 429 0.0022
427 430 0.0105
134 431 0.0013
