2 1 0.0066
5 1 0.0023
8 1 0.0052
101 1 0.0054
103 1 0.0047
131 1 0.0113
215 1 0.0068
216 1 0.015
257 1 0.0119
264 1 0.0142
305 1 0.0137
421 1 0.0007
422 1 0.0126
423 1 0.0019
453 1 0.0027
463 1 0.0025
464 1 0.0018
485 1 0.0061
490 1 0.008
506 1 0.0083
515 1 0.0078
516 1 0.0106
517 1 0.0055
525 1 0.0141
610 1 0.0134
632 1 0.0075
634 1 0.012
637 1 0.0051
685 1 0.0113
749 1 0.0138
752 1 0.0048
760 1 0.0176
761 1 0.0176
766 1 0.0167
818 1 0.0082
820 1 0.0016
824 1 0.0079
1 2 0.0066
3 2 0.01
422 2 0.0042
2 3 0.01
4 3 0.0331
372 3 0.0069
3 4 0.0331
9 4 0.0227
10 4 0.0466
372 4 0.0083
1 5 0.0023
6 5 0.0204
313 5 0.0032
421 5 0.0015
5 6 0.0204
7 6 0.003
83 6 0.0527
359 6 0.0103
6 7 0.003
8 7 0.0016
82 7 0.0084
354 7 0.0261
1 8 0.0052
7 8 0.0016
9 8 0.0014
4 9 0.0227
8 9 0.0014
10 9 0.0086
82 9 0.0095
4 10 0.0466
9 10 0.0086
11 10 0.0491
386 10 0.0119
10 11 0.0491
12 11 0.0651
28 11 0.0253
52 11 0.0623
11 12 0.0651
13 12 0.0175
34 12 0.0051
12 13 0.0175
14 13 0.0047
15 13 0.0363
65 13 0.0011
13 14 0.0047
61 14 0.0095
62 14 0.0025
80 14 0.0022
81 14 0.0031
13 15 0.0363
34 15 0.002
65 15 0.0076
68 15 0.0235
17 16 0.0504
35 16 0.0006
38 16 0.0397
69 16 0.075
16 17 0.0504
18 17 0.0483
70 17 0.0004
17 18 0.0483
19 18 0.0126
71 18 0.0014
413 18 0.0041
18 19 0.0126
20 19 0.1019
72 19 0.0011
73 19 0.0076
19 20 0.1019
21 20 0.0133
25 20 0.0149
20 21 0.0133
22 21 0.0176
76 21 0.0005
21 22 0.0176
23 22 0.0111
79 22 0.002
22 23 0.0111
24 23 0.0141
78 23 0.0012
418 23 0.0024
23 24 0.0141
1211 24 0.0129
1498 24 0.008
20 25 0.0149
26 25 0.0256
412 25 0.0059
1236 25 0.0161
25 26 0.0256
1223 26 0.0004
1228 26 0.0114
1225 27 0.0316
1228 27 0.0752
1237 27 0.0191
11 28 0.0253
29 28 0.0557
34 28 0.0558
28 29 0.0557
30 29 0.0065
368 29 0.006
29 30 0.0065
31 30 0.0148
351 30 0.0053
30 31 0.0148
32 31 0.0236
327 31 0.0014
31 32 0.0236
33 32 0.025
346 32 0.0019
32 33 0.025
345 33 0.0088
346 33 0.0013
419 33 0.0035
12 34 0.0051
15 34 0.002
28 34 0.0558
35 34 0.0045
16 35 0.0006
34 35 0.0045
36 35 0.0039
35 36 0.0039
37 36 0.0036
77 36 0.0015
36 37 0.0036
420 37 0.0235
1211 37 0.0031
16 38 0.0397
39 38 0.0063
47 38 0.0212
38 39 0.0063
40 39 0.0147
45 39 0.0025
413 39 0.0063
39 40 0.0147
41 40 0.0044
43 40 0.0045
40 41 0.0044
42 41 0.0082
44 41 0.0047
45 41 0.004
41 42 0.0082
1232 42 0.0179
1488 42 0.0229
40 43 0.0045
44 43 0.0075
1260 43 0.0005
41 44 0.0047
43 44 0.0075
1261 44 0.0036
39 45 0.0025
41 45 0.004
46 45 0.0094
45 46 0.0094
38 47 0.0212
48 47 0.012
60 47 0.0044
47 48 0.012
49 48 0.0239
59 48 0.0086
392 48 0.0045
48 49 0.0239
50 49 0.0035
393 49 0.0019
49 50 0.0035
51 50 0.0232
393 50 0.0067
50 51 0.0232
393 51 0.0022
1488 51 0.0094
11 52 0.0623
53 52 0.031
370 52 0.0151
52 53 0.031
54 53 0.0055
383 53 0.0052
53 54 0.0055
55 54 0.0168
384 54 0.0033
54 55 0.0168
56 55 0.003
373 55 0.0031
55 56 0.003
57 56 0.0261
387 56 0.0278
56 57 0.0261
58 57 0.0111
61 57 0.0062
388 57 0.0048
57 58 0.0111
59 58 0.0093
60 58 0.0042
61 58 0.0033
48 59 0.0086
58 59 0.0093
60 59 0.0118
47 60 0.0044
58 60 0.0042
59 60 0.0118
14 61 0.0095
57 61 0.0062
58 61 0.0033
14 62 0.0025
63 62 0.0139
66 62 0.002
62 63 0.0139
64 63 0.0082
67 63 0.0014
63 64 0.0082
13 65 0.0011
15 65 0.0076
66 65 0.0108
62 66 0.002
65 66 0.0108
67 66 0.008
68 66 0.0057
63 67 0.0014
66 67 0.008
69 67 0.0062
15 68 0.0235
66 68 0.0057
69 68 0.0484
16 69 0.075
67 69 0.0062
68 69 0.0484
17 70 0.0004
18 71 0.0014
19 72 0.0011
19 73 0.0076
74 73 0.0032
75 73 0.002
73 74 0.0032
73 75 0.002
21 76 0.0005
36 77 0.0015
78 77 0.0081
79 77 0.0019
23 78 0.0012
77 78 0.0081
79 78 0.0066
22 79 0.002
77 79 0.0019
78 79 0.0066
14 80 0.0022
14 81 0.0031
7 82 0.0084
9 82 0.0095
358 82 0.0014
6 83 0.0527
84 83 0.0066
314 83 0.0299
359 83 0.0287
83 84 0.0066
85 84 0.0582
311 84 0.0086
340 84 0.0034
84 85 0.0582
86 85 0.0169
108 85 0.0224
311 85 0.0047
85 86 0.0169
87 86 0.04
107 86 0.0012
86 87 0.04
110 87 0.0032
114 87 0.0276
115 87 0.0029
89 88 0.0253
90 88 0.0171
111 88 0.0116
114 88 0.0205
88 89 0.0253
90 89 0.0121
119 89 0.0273
88 90 0.0171
89 90 0.0121
91 90 0.0182
90 91 0.0182
92 91 0.0059
109 91 0.0092
91 92 0.0059
93 92 0.0154
98 92 0.0069
102 92 0.0093
92 93 0.0154
94 93 0.0156
184 93 0.0034
93 94 0.0156
95 94 0.005
185 94 0.0059
94 95 0.005
96 95 0.0158
186 95 0.0069
95 96 0.0158
97 96 0.0073
182 96 0.0127
96 97 0.0073
127 97 0.0237
182 97 0.0106
92 98 0.0069
99 98 0.0032
102 98 0.0257
98 99 0.0032
100 99 0.0021
109 99 0.0059
115 99 0.0031
99 100 0.0021
101 100 0.0064
104 100 0.0031
1 101 0.0054
100 101 0.0064
102 101 0.0089
92 102 0.0093
98 102 0.0257
101 102 0.0089
1 103 0.0047
104 103 0.006
312 103 0.0032
100 104 0.0031
103 104 0.006
105 104 0.011
310 104 0.0083
104 105 0.011
106 105 0.0114
108 105 0.0013
105 106 0.0114
107 106 0.0101
115 106 0.0032
86 107 0.0012
106 107 0.0101
108 107 0.0074
85 108 0.0224
105 108 0.0013
107 108 0.0074
311 108 0.0028
91 109 0.0092
99 109 0.0059
114 109 0.001
87 110 0.0032
112 110 0.0069
335 110 0.0016
88 111 0.0116
116 111 0.0065
309 111 0.0007
110 112 0.0069
113 112 0.0179
114 112 0.0008
112 113 0.0179
87 114 0.0276
88 114 0.0205
109 114 0.001
112 114 0.0008
87 115 0.0029
99 115 0.0031
106 115 0.0032
111 116 0.0065
117 116 0.0016
119 116 0.0029
306 116 0.0019
116 117 0.0016
118 117 0.0134
122 117 0.0043
123 117 0.0006
1163 117 0.0183
117 118 0.0134
1153 118 0.003
1170 118 0.0037
89 119 0.0273
116 119 0.0029
120 119 0.0562
119 120 0.0562
121 120 0.0156
126 120 0.0074
120 121 0.0156
122 121 0.0146
125 121 0.0014
117 122 0.0043
121 122 0.0146
123 122 0.0435
175 122 0.0056
117 123 0.0006
122 123 0.0435
124 123 0.0143
175 123 0.0013
123 124 0.0143
180 124 0.0034
1147 124 0.0069
121 125 0.0014
120 126 0.0074
127 126 0.0062
128 126 0.0068
130 126 0.0146
97 127 0.0237
126 127 0.0062
128 127 0.006
181 127 0.0038
126 128 0.0068
127 128 0.006
129 128 0.0109
128 129 0.0109
126 130 0.0146
1 131 0.0113
132 131 0.0365
191 131 0.0972
131 132 0.0365
133 132 0.0426
187 132 0.0034
132 133 0.0426
134 133 0.0185
195 133 0.0015
133 134 0.0185
135 134 0.011
152 134 0.029
134 135 0.011
136 135 0.009
152 135 0.0116
135 136 0.009
183 136 0.004
303 136 0.0139
138 137 0.0331
173 137 0.0028
181 137 0.0038
303 137 0.0157
137 138 0.0331
139 138 0.0186
144 138 0.0069
173 138 0.0031
175 138 0.0017
138 139 0.0186
140 139 0.0028
176 139 0.0014
139 140 0.0028
141 140 0.0125
144 140 0.0015
140 141 0.0125
142 141 0.0032
180 141 0.0009
1146 141 0.0015
141 142 0.0032
143 142 0.0041
150 142 0.003
142 143 0.0041
1140 143 0.0003
1141 143 0.0076
138 144 0.0069
140 144 0.0015
145 144 0.0301
171 144 0.001
144 145 0.0301
146 145 0.023
170 145 0.0047
145 146 0.023
147 146 0.0188
169 146 0.0013
146 147 0.0188
148 147 0.0192
168 147 0.0035
147 148 0.0192
149 148 0.0181
150 148 0.0071
148 149 0.0181
163 149 0.0006
1131 149 0.0022
142 150 0.003
148 150 0.0071
151 150 0.0027
150 151 0.0027
134 152 0.029
135 152 0.0116
153 152 0.0595
172 152 0.0073
152 153 0.0595
154 153 0.0338
174 153 0.0099
153 154 0.0338
155 154 0.0146
200 154 0.0201
301 154 0.0027
154 155 0.0146
156 155 0.0081
171 155 0.0103
155 156 0.0081
157 156 0.0137
171 156 0.0078
156 157 0.0137
158 157 0.1012
162 157 0.0045
157 158 0.1012
159 158 0.0077
162 158 0.0079
199 158 0.0077
158 159 0.0077
160 159 0.005
163 159 0.0061
217 159 0.0081
159 160 0.005
161 160 0.001
164 160 0.0199
160 161 0.001
157 162 0.0045
158 162 0.0079
163 162 0.001
149 163 0.0006
159 163 0.0061
162 163 0.001
220 163 0.0003
160 164 0.0199
165 164 0.0028
166 164 0.0013
167 164 0.0012
164 165 0.0028
164 166 0.0013
164 167 0.0012
147 168 0.0035
146 169 0.0013
145 170 0.0047
144 171 0.001
155 171 0.0103
156 171 0.0078
301 171 0.0234
152 172 0.0073
173 172 0.0068
303 172 0.0023
137 173 0.0028
138 173 0.0031
172 173 0.0068
174 173 0.0159
153 174 0.0099
173 174 0.0159
301 174 0.0029
122 175 0.0056
123 175 0.0013
138 175 0.0017
139 176 0.0014
177 176 0.0007
178 176 0.0017
176 177 0.0007
176 178 0.0017
179 178 0.0026
180 178 0.0006
178 179 0.0026
124 180 0.0034
141 180 0.0009
178 180 0.0006
127 181 0.0038
137 181 0.0038
182 181 0.001
96 182 0.0127
97 182 0.0106
181 182 0.001
136 183 0.004
184 183 0.0026
186 183 0.0036
304 183 0.0016
93 184 0.0034
183 184 0.0026
185 184 0.007
188 184 0.0061
94 185 0.0059
184 185 0.007
186 185 0.0067
95 186 0.0069
183 186 0.0036
185 186 0.0067
132 187 0.0034
188 187 0.0062
190 187 0.0153
184 188 0.0061
187 188 0.0062
189 188 0.0026
188 189 0.0026
187 190 0.0153
131 191 0.0972
192 191 0.0109
211 191 0.0154
213 191 0.0187
191 192 0.0109
193 192 0.0019
195 192 0.0011
192 193 0.0019
194 193 0.0016
201 193 0.0016
193 194 0.0016
133 195 0.0015
192 195 0.0011
196 195 0.0049
195 196 0.0049
197 196 0.0416
200 196 0.0014
202 196 0.0122
196 197 0.0416
198 197 0.0191
202 197 0.0151
292 197 0.003
197 198 0.0191
199 198 0.0313
292 198 0.0061
158 199 0.0077
198 199 0.0313
200 199 0.0234
217 199 0.0177
154 200 0.0201
196 200 0.0014
199 200 0.0234
193 201 0.0016
196 202 0.0122
197 202 0.0151
203 202 0.0179
298 202 0.0086
202 203 0.0179
204 203 0.001
206 203 0.0114
296 203 0.0009
203 204 0.001
205 204 0.0025
213 204 0.03
204 205 0.0025
206 205 0.0023
208 205 0.0033
203 206 0.0114
205 206 0.0023
207 206 0.0106
300 206 0.0026
206 207 0.0106
208 207 0.0107
275 207 0.0308
293 207 0.0034
205 208 0.0033
207 208 0.0107
209 208 0.0254
208 209 0.0254
210 209 0.0118
215 209 0.0062
305 209 0.0023
209 210 0.0118
211 210 0.0116
305 210 0.0061
191 211 0.0154
210 211 0.0116
212 211 0.0353
211 212 0.0353
213 212 0.0223
214 212 0.0105
191 213 0.0187
204 213 0.03
212 213 0.0223
212 214 0.0105
1 215 0.0068
209 215 0.0062
216 215 0.0145
1 216 0.015
215 216 0.0145
275 216 0.0053
159 217 0.0081
199 217 0.0177
218 217 0.0125
280 217 0.0009
217 218 0.0125
219 218 0.0056
290 218 0.0042
218 219 0.0056
220 219 0.0079
238 219 0.0048
163 220 0.0003
219 220 0.0079
221 220 0.059
249 220 0.0115
220 221 0.059
222 221 0.0081
1135 221 0.0006
221 222 0.0081
223 222 0.0006
1136 222 0.0003
222 223 0.0006
224 223 0.0004
882 223 0.0009
223 224 0.0004
225 224 0.0122
250 224 0.0299
224 225 0.0122
226 225 0.0147
248 225 0.0015
880 225 0.0007
225 226 0.0147
227 226 0.0153
243 226 0.0008
226 227 0.0153
228 227 0.0763
241 227 0.0019
870 227 0.0047
873 227 0.0016
227 228 0.0763
229 228 0.0672
240 228 0.0004
228 229 0.0672
230 229 0.0524
856 229 0.0006
229 230 0.0524
231 230 0.0521
256 230 0.0039
857 230 0.0092
230 231 0.0521
232 231 0.0338
854 231 0.0025
231 232 0.0338
233 232 0.0056
256 232 0.0035
263 232 0.0206
853 232 0.0026
232 233 0.0056
234 233 0.0061
237 233 0.001
233 234 0.0061
235 234 0.0198
238 234 0.0018
234 235 0.0198
236 235 0.0033
256 235 0.0011
235 236 0.0033
233 237 0.001
238 237 0.0031
287 237 0.0019
219 238 0.0048
234 238 0.0018
237 238 0.0031
239 238 0.0019
238 239 0.0019
228 240 0.0004
227 241 0.0019
242 241 0.0007
246 241 0.0042
241 242 0.0007
247 242 0.0011
881 242 0.0006
226 243 0.0008
244 243 0.0013
245 243 0.0015
243 244 0.0013
243 245 0.0015
241 246 0.0042
242 247 0.0011
225 248 0.0015
220 249 0.0115
1132 249 0.0018
1133 249 0.0007
224 250 0.0299
251 250 0.0041
253 250 0.0018
255 250 0.0006
250 251 0.0041
252 251 0.0005
254 251 0.0005
1126 251 0.0003
251 252 0.0005
250 253 0.0018
1117 253 0.0051
1118 253 0.005
251 254 0.0005
250 255 0.0006
230 256 0.0039
232 256 0.0035
235 256 0.0011
1 257 0.0119
258 257 0.0337
276 257 0.0094
257 258 0.0337
259 258 0.0652
825 258 0.0037
258 259 0.0652
260 259 0.135
267 259 0.0387
845 259 0.0231
259 260 0.135
261 260 0.0591
268 260 0.0184
848 260 0.0006
260 261 0.0591
262 261 0.0255
849 261 0.0007
261 262 0.0255
263 262 0.0426
286 262 0.006
851 262 0.0009
232 263 0.0206
262 263 0.0426
831 263 0.0015
850 263 0.0075
1 264 0.0142
265 264 0.0332
275 264 0.0135
264 265 0.0332
266 265 0.0416
274 265 0.0056
276 265 0.0726
265 266 0.0416
267 266 0.0293
269 266 0.0241
276 266 0.069
259 267 0.0387
266 267 0.0293
268 267 0.0354
276 267 0.007
260 268 0.0184
267 268 0.0354
269 268 0.0242
271 268 0.0033
266 269 0.0241
268 269 0.0242
270 269 0.0212
269 270 0.0212
271 270 0.0028
273 270 0.0051
268 271 0.0033
270 271 0.0028
272 271 0.0067
271 272 0.0067
273 272 0.0055
277 272 0.0035
286 272 0.0081
296 272 0.0005
270 273 0.0051
272 273 0.0055
274 273 0.0049
295 273 0.001
265 274 0.0056
273 274 0.0049
293 274 0.0012
207 275 0.0308
216 275 0.0053
264 275 0.0135
257 276 0.0094
265 276 0.0726
266 276 0.069
267 276 0.007
272 277 0.0035
278 277 0.0039
285 277 0.0044
277 278 0.0039
279 278 0.0042
296 278 0.0024
278 279 0.0042
297 279 0.0017
299 279 0.0043
217 280 0.0009
281 280 0.0012
292 280 0.0013
299 280 0.0066
280 281 0.0012
282 281 0.0308
285 281 0.0112
281 282 0.0308
283 282 0.0044
290 282 0.0036
282 283 0.0044
284 283 0.0032
288 283 0.0042
289 283 0.0017
283 284 0.0032
285 284 0.0033
287 284 0.0042
277 285 0.0044
281 285 0.0112
284 285 0.0033
262 286 0.006
272 286 0.0081
287 286 0.0009
237 287 0.0019
284 287 0.0042
286 287 0.0009
283 288 0.0042
283 289 0.0017
218 290 0.0042
282 290 0.0036
291 290 0.0005
290 291 0.0005
197 292 0.003
198 292 0.0061
280 292 0.0013
207 293 0.0034
274 293 0.0012
294 293 0.0049
293 294 0.0049
273 295 0.001
203 296 0.0009
272 296 0.0005
278 296 0.0024
297 296 0.0073
279 297 0.0017
296 297 0.0073
298 297 0.0036
202 298 0.0086
297 298 0.0036
299 298 0.0018
279 299 0.0043
280 299 0.0066
298 299 0.0018
206 300 0.0026
154 301 0.0027
171 301 0.0234
174 301 0.0029
302 301 0.0025
301 302 0.0025
136 303 0.0139
137 303 0.0157
172 303 0.0023
183 304 0.0016
1 305 0.0137
209 305 0.0023
210 305 0.0061
116 306 0.0019
307 306 0.0005
308 306 0.0008
306 307 0.0005
306 308 0.0008
111 309 0.0007
104 310 0.0083
311 310 0.0033
312 310 0.0034
84 311 0.0086
85 311 0.0047
108 311 0.0028
310 311 0.0033
103 312 0.0032
310 312 0.0034
313 312 0.0075
5 313 0.0032
312 313 0.0075
421 313 0.0006
83 314 0.0299
315 314 0.0172
321 314 0.0095
314 315 0.0172
316 315 0.0142
360 315 0.0299
315 316 0.0142
317 316 0.0235
336 316 0.0075
316 317 0.0235
318 317 0.0271
332 317 0.0103
317 318 0.0271
319 318 0.015
341 318 0.0023
342 318 0.0007
318 319 0.015
320 319 0.0146
324 319 0.009
319 320 0.0146
314 321 0.0095
322 321 0.0189
354 321 0.0025
321 322 0.0189
323 322 0.0082
350 322 0.0041
356 322 0.0312
357 322 0.0364
322 323 0.0082
324 323 0.0078
327 323 0.0211
319 324 0.009
323 324 0.0078
325 324 0.0711
324 325 0.0711
326 325 0.0428
343 325 0.0156
325 326 0.0428
331 326 0.0035
344 326 0.0012
1172 326 0.0031
1174 326 0.0079
31 327 0.0014
323 327 0.0211
328 327 0.0153
327 328 0.0153
329 328 0.0046
330 328 0.0032
331 328 0.0027
349 328 0.0128
328 329 0.0046
328 330 0.0032
326 331 0.0035
328 331 0.0027
1189 331 0.0062
317 332 0.0103
333 332 0.0113
336 332 0.0016
337 332 0.0048
332 333 0.0113
334 333 0.0011
335 333 0.0022
333 334 0.0011
110 335 0.0016
333 335 0.0022
1172 335 0.0034
316 336 0.0075
332 336 0.0016
337 336 0.0016
339 336 0.0015
332 337 0.0048
336 337 0.0016
338 337 0.0049
337 338 0.0049
336 339 0.0015
84 340 0.0034
318 341 0.0023
318 342 0.0007
325 343 0.0156
326 344 0.0012
33 345 0.0088
1196 345 0.0044
1202 345 0.0039
32 346 0.0019
33 346 0.0013
347 346 0.0019
348 346 0.0047
346 347 0.0019
346 348 0.0047
328 349 0.0128
322 350 0.0041
351 350 0.0018
352 350 0.0039
30 351 0.0053
350 351 0.0018
353 351 0.002
350 352 0.0039
351 353 0.002
7 354 0.0261
321 354 0.0025
355 354 0.0017
359 354 0.0065
354 355 0.0017
356 355 0.0156
358 355 0.0029
322 356 0.0312
355 356 0.0156
357 356 0.0385
322 357 0.0364
356 357 0.0385
358 357 0.0068
365 357 0.0015
82 358 0.0014
355 358 0.0029
357 358 0.0068
365 358 0.0013
6 359 0.0103
83 359 0.0287
354 359 0.0065
315 360 0.0299
361 360 0.0016
362 360 0.0024
360 361 0.0016
360 362 0.0024
363 362 0.0024
364 362 0.0039
362 363 0.0024
362 364 0.0039
357 365 0.0015
358 365 0.0013
366 365 0.0047
365 366 0.0047
367 366 0.0012
368 366 0.009
366 367 0.0012
29 368 0.006
366 368 0.009
369 368 0.0085
368 369 0.0085
52 370 0.0151
371 370 0.0034
385 370 0.003
386 370 0.0042
370 371 0.0034
3 372 0.0069
4 372 0.0083
380 372 0.0057
382 372 0.0022
385 372 0.0082
431 372 0.0115
55 373 0.0031
374 373 0.0019
385 373 0.0195
373 374 0.0019
375 374 0.0044
387 374 0.0122
374 375 0.0044
376 375 0.0673
396 375 0.1151
375 376 0.0673
377 376 0.0282
394 376 0.0113
396 376 0.0587
449 376 0.0012
376 377 0.0282
378 377 0.0183
450 377 0.0505
377 378 0.0183
379 378 0.0264
432 378 0.0189
434 378 0.0727
378 379 0.0264
380 379 0.01
424 379 0.0012
372 380 0.0057
379 380 0.01
381 380 0.0019
424 380 0.0016
380 381 0.0019
372 382 0.0022
53 383 0.0052
54 384 0.0033
370 385 0.003
372 385 0.0082
373 385 0.0195
386 385 0.0028
10 386 0.0119
370 386 0.0042
385 386 0.0028
56 387 0.0278
374 387 0.0122
388 387 0.0054
57 388 0.0048
387 388 0.0054
389 388 0.0371
409 388 0.0157
388 389 0.0371
390 389 0.0104
411 389 0.0189
389 390 0.0104
391 390 0.0093
392 390 0.0056
1263 390 0.0374
1264 390 0.0045
390 391 0.0093
410 391 0.0249
1269 391 0.0186
48 392 0.0045
390 392 0.0056
393 392 0.0165
49 393 0.0019
50 393 0.0067
51 393 0.0022
392 393 0.0165
376 394 0.0113
395 394 0.0081
396 394 0.0119
394 395 0.0081
415 395 0.005
910 395 0.0075
375 396 0.1151
376 396 0.0587
394 396 0.0119
397 396 0.0169
399 396 0.0051
396 397 0.0169
398 397 0.0268
402 397 0.0779
397 398 0.0268
399 398 0.0231
401 398 0.0059
396 399 0.0051
398 399 0.0231
400 399 0.0058
416 399 0.0075
399 400 0.0058
416 400 0.0131
903 400 0.0087
398 401 0.0059
397 402 0.0779
403 402 0.0428
406 402 0.0093
409 402 0.0037
402 403 0.0428
404 403 0.0146
405 403 0.0128
1265 403 0.0053
1274 403 0.0146
1428 403 0.0033
403 404 0.0146
1265 404 0.0205
1266 404 0.0056
1274 404 0.0379
403 405 0.0128
1271 405 0.0091
1272 405 0.0081
1274 405 0.071
402 406 0.0093
407 406 0.0031
408 406 0.0019
409 406 0.0029
1265 406 0.0157
406 407 0.0031
410 407 0.0064
1265 407 0.0129
406 408 0.0019
388 409 0.0157
402 409 0.0037
406 409 0.0029
417 409 0.0076
391 410 0.0249
407 410 0.0064
1266 410 0.0068
389 411 0.0189
25 412 0.0059
18 413 0.0041
39 413 0.0063
414 413 0.0062
413 414 0.0062
395 415 0.005
416 415 0.0093
910 415 0.005
1276 415 0.0119
399 416 0.0075
400 416 0.0131
415 416 0.0093
409 417 0.0076
23 418 0.0024
33 419 0.0035
1207 419 0.0227
1217 419 0.0511
37 420 0.0235
1209 420 0.0021
1217 420 0.0021
1 421 0.0007
5 421 0.0015
313 421 0.0006
1 422 0.0126
2 422 0.0042
431 422 0.0003
1 423 0.0019
424 423 0.0018
431 423 0.0007
379 424 0.0012
380 424 0.0016
423 424 0.0018
425 424 0.0072
431 424 0.0091
424 425 0.0072
426 425 0.0257
432 425 0.0129
425 426 0.0257
427 426 0.0123
448 426 0.0054
426 427 0.0123
428 427 0.0157
435 427 0.0102
448 427 0.0609
466 427 0.0123
427 428 0.0157
429 428 0.0094
468 428 0.0031
428 429 0.0094
430 429 0.0033
438 429 0.017
439 429 0.0172
470 429 0.0182
429 430 0.0033
920 430 0.0039
921 430 0.0071
372 431 0.0115
422 431 0.0003
423 431 0.0007
424 431 0.0091
378 432 0.0189
425 432 0.0129
433 432 0.0093
448 432 0.0098
432 433 0.0093
378 434 0.0727
427 435 0.0102
436 435 0.0033
438 435 0.005
448 435 0.0103
435 436 0.0033
437 436 0.0122
450 436 0.0262
436 437 0.0122
429 438 0.017
435 438 0.005
452 438 0.0029
429 439 0.0172
440 439 0.044
442 439 0.0045
439 440 0.044
441 440 0.0112
445 440 0.0114
440 441 0.0112
447 441 0.0126
919 441 0.0049
439 442 0.0045
443 442 0.0017
444 442 0.0055
442 443 0.0017
442 444 0.0055
440 445 0.0114
446 445 0.0102
447 445 0.0025
445 446 0.0102
910 446 0.0146
913 446 0.0045
441 447 0.0126
445 447 0.0025
1487 447 0.0067
426 448 0.0054
427 448 0.0609
432 448 0.0098
435 448 0.0103
376 449 0.0012
377 450 0.0505
436 450 0.0262
451 450 0.0019
450 451 0.0019
438 452 0.0029
1 453 0.0027
454 453 0.0005
464 453 0.0006
453 454 0.0005
455 454 0.0019
462 454 0.0074
454 455 0.0019
456 455 0.0068
459 455 0.0088
460 455 0.0083
462 455 0.0113
455 456 0.0068
457 456 0.0209
466 456 0.0117
456 457 0.0209
458 457 0.078
466 457 0.0521
457 458 0.078
459 458 0.0104
461 458 0.0066
480 458 0.0098
455 459 0.0088
458 459 0.0104
460 459 0.013
455 460 0.0083
459 460 0.013
461 460 0.003
462 460 0.003
458 461 0.0066
460 461 0.003
479 461 0.0137
454 462 0.0074
455 462 0.0113
460 462 0.003
487 462 0.0041
1 463 0.0025
1 464 0.0018
453 464 0.0006
465 464 0.0007
464 465 0.0007
427 466 0.0123
456 466 0.0117
457 466 0.0521
468 467 0.0059
469 467 0.003
483 467 0.0055
428 468 0.0031
467 468 0.0059
483 468 0.0165
467 469 0.003
470 469 0.0044
481 469 0.0066
482 469 0.0384
429 470 0.0182
469 470 0.0044
471 470 0.0145
483 470 0.0165
470 471 0.0145
472 471 0.0192
475 471 0.0046
471 472 0.0192
473 472 0.0134
474 472 0.0043
472 473 0.0134
474 473 0.0039
482 473 0.0175
472 474 0.0043
473 474 0.0039
475 474 0.0032
471 475 0.0046
474 475 0.0032
476 475 0.0236
484 475 0.0076
475 476 0.0236
477 476 0.0052
521 476 0.0068
529 476 0.0113
476 477 0.0052
478 477 0.005
482 477 0.0062
523 477 0.0059
477 478 0.005
479 478 0.0119
480 478 0.0356
485 478 0.0077
491 478 0.0191
495 478 0.0021
461 479 0.0137
478 479 0.0119
480 479 0.034
458 480 0.0098
478 480 0.0356
479 480 0.034
481 480 0.0348
469 481 0.0066
480 481 0.0348
482 481 0.0178
469 482 0.0384
473 482 0.0175
477 482 0.0062
481 482 0.0178
467 483 0.0055
468 483 0.0165
470 483 0.0165
475 484 0.0076
1 485 0.0061
478 485 0.0077
486 485 0.0065
485 486 0.0065
487 486 0.0064
488 486 0.0089
462 487 0.0041
486 487 0.0064
488 487 0.0144
486 488 0.0089
487 488 0.0144
489 488 0.0054
488 489 0.0054
1 490 0.008
491 490 0.0125
493 490 0.0463
517 490 0.0249
478 491 0.0191
490 491 0.0125
492 491 0.0041
491 492 0.0041
490 493 0.0463
494 493 0.0034
497 493 0.0026
499 493 0.0037
500 493 0.011
493 494 0.0034
495 494 0.0091
496 494 0.0045
478 495 0.0021
494 495 0.0091
523 495 0.0039
494 496 0.0045
497 496 0.0035
522 496 0.0075
493 497 0.0026
496 497 0.0035
498 497 0.0082
497 498 0.0082
499 498 0.0038
501 498 0.009
493 499 0.0037
498 499 0.0038
500 499 0.0112
493 500 0.011
499 500 0.0112
501 500 0.045
513 500 0.013
498 501 0.009
500 501 0.045
502 501 0.0061
1484 501 0.0736
1485 501 0.0498
501 502 0.0061
503 502 0.0035
508 502 0.0109
518 502 0.0033
502 503 0.0035
504 503 0.0168
514 503 0.0822
503 504 0.0168
505 504 0.0249
506 504 0.0088
504 505 0.0249
506 505 0.0153
525 505 0.0362
1 506 0.0083
504 506 0.0088
505 506 0.0153
507 506 0.0628
610 506 0.0293
506 507 0.0628
508 507 0.0333
610 507 0.023
502 508 0.0109
507 508 0.0333
509 508 0.0371
508 509 0.0371
510 509 0.0237
518 509 0.0063
509 510 0.0237
607 510 0.0283
608 510 0.0033
1482 510 0.0146
512 511 0.022
1482 511 0.0179
1486 511 0.0427
511 512 0.022
526 512 0.0021
529 512 0.0009
530 512 0.0276
544 512 0.0026
500 513 0.013
514 513 0.12
516 513 0.0521
503 514 0.0822
513 514 0.12
515 514 0.0322
525 514 0.005
1 515 0.0078
514 515 0.0322
516 515 0.0491
1 516 0.0106
513 516 0.0521
515 516 0.0491
517 516 0.0216
1 517 0.0055
490 517 0.0249
516 517 0.0216
502 518 0.0033
509 518 0.0063
519 518 0.0035
518 519 0.0035
1483 519 0.0214
1484 519 0.0728
521 520 0.0021
1485 520 0.0931
1486 520 0.0725
476 521 0.0068
520 521 0.0021
529 521 0.003
496 522 0.0075
477 523 0.0059
495 523 0.0039
524 523 0.0061
523 524 0.0061
1 525 0.0141
505 525 0.0362
514 525 0.005
512 526 0.0021
527 526 0.0066
531 526 0.0031
526 527 0.0066
528 527 0.0028
529 527 0.015
527 528 0.0028
476 529 0.0113
512 529 0.0009
521 529 0.003
527 529 0.015
512 530 0.0276
531 530 0.0009
533 530 0.0653
545 530 0.0056
526 531 0.0031
530 531 0.0009
532 531 0.0011
921 531 0.0022
531 532 0.0011
530 533 0.0653
534 533 0.0023
538 533 0.0206
546 533 0.017
533 534 0.0023
535 534 0.0018
536 534 0.0067
534 535 0.0018
536 535 0.0023
923 535 0.0072
534 536 0.0067
535 536 0.0023
537 536 0.0022
536 537 0.0022
533 538 0.0206
539 538 0.0556
546 538 0.0222
547 538 0.01
551 538 0.0435
909 538 0.0027
538 539 0.0556
540 539 0.0137
543 539 0.0143
539 540 0.0137
541 540 0.0321
542 540 0.0104
540 541 0.0321
542 541 0.0502
917 541 0.0119
540 542 0.0104
541 542 0.0502
902 542 0.0215
906 542 0.0809
911 542 0.017
539 543 0.0143
915 543 0.009
1278 543 0.0041
512 544 0.0026
545 544 0.0048
549 544 0.0049
558 544 0.014
570 544 0.0073
530 545 0.0056
544 545 0.0048
546 545 0.0233
533 546 0.017
538 546 0.0222
545 546 0.0233
547 546 0.0079
538 547 0.01
546 547 0.0079
548 547 0.0057
547 548 0.0057
549 548 0.0074
556 548 0.0135
544 549 0.0049
548 549 0.0074
550 549 0.0043
549 550 0.0043
538 551 0.0435
552 551 0.0065
556 551 0.0051
551 552 0.0065
553 552 0.014
554 552 0.0149
555 552 0.0152
552 553 0.014
552 554 0.0149
552 555 0.0152
548 556 0.0135
551 556 0.0051
557 556 0.0222
556 557 0.0222
544 558 0.014
559 558 0.0066
568 558 0.0039
558 559 0.0066
560 559 0.0059
606 559 0.0045
608 559 0.0161
609 559 0.002
559 560 0.0059
561 560 0.0024
562 560 0.0016
563 560 0.0019
560 561 0.0024
562 561 0.0652
606 561 0.0871
560 562 0.0016
561 562 0.0652
563 562 0.0446
1481 562 0.0015
560 563 0.0019
562 563 0.0446
564 563 0.0241
563 564 0.0241
565 564 0.0132
570 564 0.0004
586 564 0.0111
592 564 0.008
564 565 0.0132
566 565 0.0301
580 565 0.0231
589 565 0.0031
565 566 0.0301
567 566 0.0286
571 566 0.0028
581 566 0.0028
884 566 0.0005
886 566 0.0122
1279 566 0.0042
566 567 0.0286
883 567 0.0025
887 567 0.0164
889 567 0.0035
558 568 0.0039
569 568 0.0017
570 568 0.0008
568 569 0.0017
544 570 0.0073
564 570 0.0004
568 570 0.0008
566 571 0.0028
572 571 0.005
579 571 0.0022
1279 571 0.0152
571 572 0.005
573 572 0.0136
576 572 0.0114
1279 572 0.0042
1406 572 0.0068
572 573 0.0136
574 573 0.0273
575 573 0.02
573 574 0.0273
573 575 0.02
572 576 0.0114
577 576 0.0092
578 576 0.0114
576 577 0.0092
576 578 0.0114
571 579 0.0022
565 580 0.0231
581 580 0.0063
585 580 0.0027
587 580 0.0017
566 581 0.0028
580 581 0.0063
582 581 0.0032
584 581 0.0067
581 582 0.0032
583 582 0.003
933 582 0.0029
582 583 0.003
581 584 0.0067
1280 584 0.0003
1281 584 0.0003
580 585 0.0027
564 586 0.0111
587 586 0.0035
592 586 0.0091
614 586 0.0063
580 587 0.0017
586 587 0.0035
588 587 0.0024
618 587 0.0015
587 588 0.0024
565 589 0.0031
590 589 0.0014
591 589 0.001
589 590 0.0014
589 591 0.001
564 592 0.008
586 592 0.0091
614 592 0.0045
1476 592 0.0438
594 593 0.0069
613 593 0.006
1475 593 0.0155
593 594 0.0069
595 594 0.0048
598 594 0.0032
604 594 0.0037
605 594 0.0075
606 594 0.0029
594 595 0.0048
596 595 0.0218
606 595 0.0251
595 596 0.0218
597 596 0.0224
607 596 0.0113
610 596 0.0158
620 596 0.0068
638 596 0.0204
596 597 0.0224
598 597 0.009
599 597 0.0144
594 598 0.0032
597 598 0.009
599 598 0.0047
597 599 0.0144
598 599 0.0047
600 599 0.033
623 599 0.0021
599 600 0.033
601 600 0.014
611 600 0.0057
600 601 0.014
602 601 0.0417
612 601 0.002
601 602 0.0417
603 602 0.0039
617 602 0.0143
602 603 0.0039
671 603 0.001
1473 603 0.0036
594 604 0.0037
594 605 0.0075
559 606 0.0045
561 606 0.0871
594 606 0.0029
595 606 0.0251
510 607 0.0283
596 607 0.0113
608 607 0.0059
510 608 0.0033
559 608 0.0161
607 608 0.0059
559 609 0.002
1 610 0.0134
506 610 0.0293
507 610 0.023
596 610 0.0158
600 611 0.0057
601 612 0.002
616 612 0.0057
1477 612 0.0088
593 613 0.006
586 614 0.0063
592 614 0.0045
615 614 0.0021
614 615 0.0021
612 616 0.0057
602 617 0.0143
618 617 0.0168
1473 617 0.001
587 618 0.0015
617 618 0.0168
619 618 0.0401
953 618 0.0106
618 619 0.0401
935 619 0.0064
1472 619 0.0007
596 620 0.0068
621 620 0.0096
638 620 0.0069
620 621 0.0096
622 621 0.0104
623 621 0.0011
629 621 0.0068
621 622 0.0104
625 622 0.0008
626 622 0.0055
599 623 0.0021
621 623 0.0011
624 623 0.0042
623 624 0.0042
622 625 0.0008
626 625 0.0044
670 625 0.0047
622 626 0.0055
625 626 0.0044
627 626 0.0057
626 627 0.0057
628 627 0.0066
662 627 0.0005
668 627 0.005
671 627 0.0044
627 628 0.0066
629 628 0.0047
655 628 0.0114
621 629 0.0068
628 629 0.0047
630 629 0.0012
631 629 0.0462
629 630 0.0012
629 631 0.0462
632 631 0.0138
633 631 0.0099
1 632 0.0075
631 632 0.0138
638 632 0.0048
631 633 0.0099
634 633 0.0164
635 633 0.0587
1 634 0.012
633 634 0.0164
635 634 0.0128
633 635 0.0587
634 635 0.0128
636 635 0.0229
635 636 0.0229
637 636 0.0088
639 636 0.017
642 636 0.0334
653 636 0.0013
1 637 0.0051
636 637 0.0088
646 637 0.013
652 637 0.0052
596 638 0.0204
620 638 0.0069
632 638 0.0048
636 639 0.017
640 639 0.0321
654 639 0.0016
639 640 0.0321
641 640 0.009
643 640 0.044
640 641 0.009
662 641 0.0036
673 641 0.01
636 642 0.0334
643 642 0.0132
652 642 0.015
640 643 0.044
642 643 0.0132
644 643 0.0198
643 644 0.0198
645 644 0.0049
649 644 0.004
650 644 0.003
644 645 0.0049
676 645 0.0012
682 645 0.0039
637 646 0.013
647 646 0.0067
684 646 0.0035
686 646 0.0024
646 647 0.0067
648 647 0.0142
678 647 0.0022
647 648 0.0142
649 648 0.0051
652 648 0.0021
644 649 0.004
648 649 0.0051
650 649 0.0145
644 650 0.003
649 650 0.0145
651 650 0.0034
682 650 0.0041
650 651 0.0034
637 652 0.0052
642 652 0.015
648 652 0.0021
636 653 0.0013
639 654 0.0016
628 655 0.0114
656 655 0.0021
659 655 0.0019
655 656 0.0021
657 656 0.0022
658 656 0.0032
656 657 0.0022
656 658 0.0032
655 659 0.0019
660 659 0.0039
661 659 0.0091
659 660 0.0039
659 661 0.0091
627 662 0.0005
641 662 0.0036
663 662 0.0056
964 662 0.0006
662 663 0.0056
664 663 0.003
669 663 0.0013
663 664 0.003
665 664 0.0016
963 664 0.0021
664 665 0.0016
666 665 0.004
669 665 0.0055
961 665 0.0046
665 666 0.004
667 666 0.002
668 666 0.0021
666 667 0.002
954 667 0.0126
1474 667 0.0014
627 668 0.005
666 668 0.0021
669 668 0.0082
663 669 0.0013
665 669 0.0055
668 669 0.0082
625 670 0.0047
603 671 0.001
627 671 0.0044
1474 671 0.0093
953 672 0.0156
1474 672 0.0027
1480 672 0.0028
641 673 0.01
677 673 0.0004
679 673 0.0515
675 674 0.0132
679 674 0.0092
967 674 0.0004
982 674 0.0011
984 674 0.0031
674 675 0.0132
970 675 0.007
994 675 0.0042
645 676 0.0012
673 677 0.0004
647 678 0.0022
681 678 0.0002
693 678 0.0052
714 678 0.003
673 679 0.0515
674 679 0.0092
680 679 0.0003
679 680 0.0003
678 681 0.0002
645 682 0.0039
650 682 0.0041
683 682 0.0065
682 683 0.0065
646 684 0.0035
1 685 0.0113
686 685 0.0159
740 685 0.0032
646 686 0.0024
685 686 0.0159
687 686 0.0313
686 687 0.0313
688 687 0.0076
694 687 0.021
687 688 0.0076
689 688 0.0271
709 688 0.0016
688 689 0.0271
690 689 0.0154
702 689 0.0009
689 690 0.0154
691 690 0.0195
701 690 0.0032
690 691 0.0195
712 691 0.0011
1572 691 0.0297
693 692 0.0392
1020 692 0.0013
1040 692 0.0026
1572 692 0.0504
678 693 0.0052
692 693 0.0392
713 693 0.0044
714 693 0.0325
687 694 0.021
695 694 0.0441
747 694 0.0111
694 695 0.0441
696 695 0.0212
710 695 0.0013
743 695 0.0013
1571 695 0.0018
695 696 0.0212
697 696 0.014
707 696 0.0039
736 696 0.0017
696 697 0.014
698 697 0.0199
703 697 0.0228
707 697 0.0009
697 698 0.0199
699 698 0.0101
775 698 0.0006
698 699 0.0101
700 699 0.0233
734 699 0.0009
699 700 0.0233
724 700 0.0387
735 700 0.0008
896 700 0.0149
901 700 0.0065
690 701 0.0032
702 701 0.0023
1020 701 0.0005
689 702 0.0009
701 702 0.0023
706 702 0.0006
697 703 0.0228
704 703 0.0025
705 703 0.0017
703 704 0.0025
703 705 0.0017
706 705 0.0017
720 705 0.002
702 706 0.0006
705 706 0.0017
1021 706 0.001
696 707 0.0039
697 707 0.0009
708 707 0.0021
707 708 0.0021
688 709 0.0016
695 710 0.0013
723 711 0.0007
1020 711 0.0181
1022 711 0.0083
1035 711 0.0039
691 712 0.0011
693 713 0.0044
678 714 0.003
693 714 0.0325
715 714 0.0225
719 714 0.0082
714 715 0.0225
716 715 0.0902
718 715 0.0138
715 716 0.0902
717 716 0.0124
997 716 0.0172
716 717 0.0124
982 717 0.0052
995 717 0.001
715 718 0.0138
1000 718 0.0053
1002 718 0.0041
1003 718 0.0054
714 719 0.0082
1003 719 0.012
1005 719 0.003
705 720 0.002
721 720 0.0018
722 720 0.0026
720 721 0.0018
720 722 0.0026
723 722 0.004
901 722 0.0155
711 723 0.0007
722 723 0.004
1021 723 0.0051
700 724 0.0387
725 724 0.0078
730 724 0.0017
732 724 0.0019
896 724 0.0031
724 725 0.0078
726 725 0.003
895 725 0.0013
725 726 0.003
727 726 0.0007
891 726 0.0002
1047 726 0.0004
726 727 0.0007
728 727 0.0005
729 727 0.0005
891 727 0.0005
727 728 0.0005
727 729 0.0005
724 730 0.0017
731 730 0.0006
1028 730 0.0008
730 731 0.0006
724 732 0.0019
733 732 0.0004
890 732 0.0005
732 733 0.0004
893 733 0.0004
894 733 0.0007
699 734 0.0009
700 735 0.0008
696 736 0.0017
737 736 0.0071
758 736 0.0029
775 736 0.0371
788 736 0.0038
736 737 0.0071
738 737 0.0053
751 737 0.0036
737 738 0.0053
739 738 0.0078
746 738 0.0116
748 738 0.0022
738 739 0.0078
740 739 0.0021
748 739 0.0063
685 740 0.0032
739 740 0.0021
741 740 0.0027
740 741 0.0027
742 741 0.0017
746 741 0.0035
741 742 0.0017
743 742 0.0028
744 742 0.0023
745 742 0.0017
695 743 0.0013
742 743 0.0028
744 743 0.0036
742 744 0.0023
743 744 0.0036
745 744 0.0052
742 745 0.0017
744 745 0.0052
746 745 0.002
738 746 0.0116
741 746 0.0035
745 746 0.002
694 747 0.0111
738 748 0.0022
739 748 0.0063
749 748 0.0014
1 749 0.0138
748 749 0.0014
750 749 0.0012
749 750 0.0012
751 750 0.0067
754 750 0.0026
737 751 0.0036
750 751 0.0067
754 751 0.005
759 751 0.0043
773 751 0.0093
1 752 0.0048
753 752 0.0017
755 752 0.0012
760 752 0.0083
752 753 0.0017
754 753 0.0058
772 753 0.0031
750 754 0.0026
751 754 0.005
753 754 0.0058
752 755 0.0012
756 755 0.0145
764 755 0.0261
755 756 0.0145
757 756 0.0202
759 756 0.0108
765 756 0.0019
773 756 0.0016
756 757 0.0202
758 757 0.0086
780 757 0.0377
790 757 0.0005
736 758 0.0029
757 758 0.0086
759 758 0.0064
787 758 0.0049
751 759 0.0043
756 759 0.0108
758 759 0.0064
1 760 0.0176
752 760 0.0083
762 760 0.0039
1 761 0.0176
762 761 0.005
770 761 0.0095
760 762 0.0039
761 762 0.005
763 762 0.0091
762 763 0.0091
764 763 0.0165
770 763 0.0232
755 764 0.0261
763 764 0.0165
765 764 0.0063
756 765 0.0019
764 765 0.0063
799 765 0.0101
817 765 0.0016
1 766 0.0167
767 766 0.0074
770 766 0.0182
766 767 0.0074
768 767 0.0052
817 767 0.0021
767 768 0.0052
769 768 0.0013
815 768 0.003
816 768 0.0025
817 768 0.0006
819 768 0.0021
833 768 0.0027
768 769 0.0013
761 770 0.0095
763 770 0.0232
766 770 0.0182
771 770 0.0038
770 771 0.0038
753 772 0.0031
751 773 0.0093
756 773 0.0016
774 773 0.0029
773 774 0.0029
698 775 0.0006
736 775 0.0371
776 775 0.0122
789 775 0.0017
775 776 0.0122
777 776 0.0034
784 776 0.0016
1048 776 0.0003
776 777 0.0034
778 777 0.0218
785 777 0.011
777 778 0.0218
779 778 0.0013
1049 778 0.0003
778 779 0.0013
757 780 0.0377
781 780 0.0184
797 780 0.0003
799 780 0.0046
780 781 0.0184
782 781 0.0084
798 781 0.0008
781 782 0.0084
783 782 0.0019
793 782 0.0041
795 782 0.0006
796 782 0.0007
782 783 0.0019
784 783 0.0097
789 783 0.0048
776 784 0.0016
783 784 0.0097
785 784 0.0055
777 785 0.011
784 785 0.0055
786 785 0.0226
785 786 0.0226
758 787 0.0049
788 787 0.0043
791 787 0.0035
736 788 0.0038
787 788 0.0043
789 788 0.0027
791 788 0.0035
775 789 0.0017
783 789 0.0048
788 789 0.0027
757 790 0.0005
787 791 0.0035
788 791 0.0035
792 791 0.0015
791 792 0.0015
782 793 0.0041
806 793 0.0007
1050 793 0.0071
891 794 0.0002
1051 794 0.0037
1055 794 0.0007
782 795 0.0006
782 796 0.0007
780 797 0.0003
781 798 0.0008
765 799 0.0101
780 799 0.0046
800 799 0.0054
817 799 0.0023
799 800 0.0054
801 800 0.0123
804 800 0.0174
811 800 0.0045
800 801 0.0123
802 801 0.0112
807 801 0.0025
801 802 0.0112
803 802 0.0161
806 802 0.0008
802 803 0.0161
1060 803 0.0002
1064 803 0.0014
800 804 0.0174
805 804 0.0148
812 804 0.001
804 805 0.0148
813 805 0.0014
814 805 0.001
1089 805 0.0065
793 806 0.0007
802 806 0.0008
1056 806 0.0013
1059 806 0.0016
801 807 0.0025
808 807 0.0016
809 807 0.0011
810 807 0.0009
807 808 0.0016
807 809 0.0011
807 810 0.0009
800 811 0.0045
804 812 0.001
837 812 0.0009
1087 812 0.0021
1094 812 0.0009
805 813 0.0014
805 814 0.001
768 815 0.003
816 815 0.006
832 815 0.001
768 816 0.0025
815 816 0.006
838 816 0.0002
765 817 0.0016
767 817 0.0021
768 817 0.0006
799 817 0.0023
1 818 0.0082
819 818 0.0033
820 818 0.0034
821 818 0.0012
768 819 0.0021
818 819 0.0033
822 819 0.0016
1 820 0.0016
818 820 0.0034
821 820 0.0026
824 820 0.0047
818 821 0.0012
820 821 0.0026
822 821 0.0037
824 821 0.004
819 822 0.0016
821 822 0.0037
823 822 0.0026
822 823 0.0026
1 824 0.0079
820 824 0.0047
821 824 0.004
825 824 0.0039
827 824 0.016
258 825 0.0037
824 825 0.0039
826 825 0.0024
829 825 0.0041
843 825 0.0002
825 826 0.0024
843 826 0.0009
844 826 0.0015
824 827 0.016
828 827 0.0066
829 827 0.0022
827 828 0.0066
829 828 0.0084
830 828 0.0023
825 829 0.0041
827 829 0.0022
828 829 0.0084
840 829 0.0076
828 830 0.0023
263 831 0.0015
815 832 0.001
768 833 0.0027
834 833 0.0049
841 833 0.0014
833 834 0.0049
835 834 0.0108
838 834 0.0011
834 835 0.0108
836 835 0.0015
837 835 0.0069
835 836 0.0015
837 836 0.0229
842 836 0.0064
812 837 0.0009
835 837 0.0069
836 837 0.0229
838 837 0.0086
839 837 0.0034
1570 837 0.0013
816 838 0.0002
834 838 0.0011
837 838 0.0086
837 839 0.0034
1084 839 0.0055
1094 839 0.004
829 840 0.0076
841 840 0.0006
842 840 0.0089
833 841 0.0014
840 841 0.0006
842 841 0.0005
836 842 0.0064
840 842 0.0089
841 842 0.0005
825 843 0.0002
826 843 0.0009
1569 843 0.002
1570 843 0.0059
826 844 0.0015
259 845 0.0231
846 845 0.007
858 845 0.0065
845 846 0.007
847 846 0.0017
861 846 0.0091
846 847 0.0017
860 847 0.0004
1085 847 0.0009
260 848 0.0006
261 849 0.0007
263 850 0.0075
851 850 0.0012
853 850 0.0047
262 851 0.0009
850 851 0.0012
852 851 0.0025
851 852 0.0025
853 852 0.001
859 852 0.0031
232 853 0.0026
850 853 0.0047
852 853 0.001
854 853 0.0027
231 854 0.0025
853 854 0.0027
855 854 0.0018
857 854 0.0022
854 855 0.0018
856 855 0.0079
868 855 0.0004
869 855 0.0007
871 855 0.0014
876 855 0.0009
229 856 0.0006
855 856 0.0079
857 856 0.0038
230 857 0.0092
854 857 0.0022
856 857 0.0038
845 858 0.0065
852 859 0.0031
847 860 0.0004
846 861 0.0091
862 861 0.0123
864 861 0.0004
867 861 0.0005
1093 861 0.0014
861 862 0.0123
863 862 0.0166
1078 862 0.0016
1128 862 0.0005
1129 862 0.0002
862 863 0.0166
865 863 0.0088
1568 863 0.0041
861 864 0.0004
863 865 0.0088
866 865 0.0006
1100 865 0.0031
865 866 0.0006
1113 866 0.0004
1115 866 0.0039
1121 866 0.0008
1568 866 0.0087
861 867 0.0005
855 868 0.0004
855 869 0.0007
227 870 0.0047
871 870 0.0005
875 870 0.0012
855 871 0.0014
870 871 0.0005
872 871 0.0009
871 872 0.0009
227 873 0.0016
874 873 0.0017
875 873 0.0019
873 874 0.0017
879 874 0.0041
1130 874 0.0128
870 875 0.0012
873 875 0.0019
876 875 0.0021
1127 875 0.0012
855 876 0.0009
875 876 0.0021
877 876 0.007
878 876 0.0014
876 877 0.007
876 878 0.0014
874 879 0.0041
1121 879 0.0045
1122 879 0.0002
225 880 0.0007
242 881 0.0006
223 882 0.0009
567 883 0.0025
885 883 0.0075
889 883 0.0087
934 883 0.0041
566 884 0.0005
883 885 0.0075
566 886 0.0122
567 887 0.0164
888 887 0.0102
1282 887 0.0272
1284 887 0.007
887 888 0.0102
924 888 0.0244
1405 888 0.0111
567 889 0.0035
883 889 0.0087
932 889 0.0195
732 890 0.0005
726 891 0.0002
727 891 0.0005
794 891 0.0002
892 891 0.0006
891 892 0.0006
733 893 0.0004
733 894 0.0007
725 895 0.0013
700 896 0.0149
724 896 0.0031
897 896 0.0012
898 896 0.0048
899 896 0.0128
896 897 0.0012
896 898 0.0048
1028 898 0.0017
1029 898 0.0117
896 899 0.0128
900 899 0.0352
901 899 0.0126
899 900 0.0352
901 900 0.0147
1023 900 0.0118
700 901 0.0065
722 901 0.0155
899 901 0.0126
900 901 0.0147
542 902 0.0215
903 902 0.0245
1426 902 0.009
400 903 0.0087
902 903 0.0245
904 903 0.0261
905 903 0.0291
911 903 0.0133
903 904 0.0261
903 905 0.0291
542 906 0.0809
907 906 0.0159
908 906 0.0129
906 907 0.0159
1427 907 0.0096
1433 907 0.0065
906 908 0.0129
538 909 0.0027
395 910 0.0075
415 910 0.005
446 910 0.0146
914 910 0.0291
542 911 0.017
903 911 0.0133
912 911 0.0588
911 912 0.0588
446 913 0.0045
910 914 0.0291
543 915 0.009
916 915 0.0344
918 915 0.0091
1411 915 0.0142
915 916 0.0344
1277 916 0.0297
1410 916 0.0158
541 917 0.0119
915 918 0.0091
1419 918 0.0454
1425 918 0.0112
441 919 0.0049
430 920 0.0039
430 921 0.0071
531 921 0.0022
922 921 0.012
921 922 0.012
535 923 0.0072
888 924 0.0244
925 924 0.0223
926 924 0.0183
1406 924 0.0143
924 925 0.0223
924 926 0.0183
928 927 0.0189
931 927 0.0339
1282 927 0.0257
927 928 0.0189
929 928 0.0236
930 928 0.0622
1401 928 0.033
928 929 0.0236
1397 929 0.0174
1398 929 0.0122
1404 929 0.0155
928 930 0.0622
927 931 0.0339
889 932 0.0195
582 933 0.0029
883 934 0.0041
619 935 0.0064
936 935 0.0325
945 935 0.0027
1396 935 0.0024
935 936 0.0325
937 936 0.0253
945 936 0.0045
952 936 0.0038
936 937 0.0253
938 937 0.0274
942 937 0.0133
943 937 0.0022
937 938 0.0274
939 938 0.0154
941 938 0.0008
942 938 0.0223
1393 938 0.0027
938 939 0.0154
940 939 0.0037
1385 939 0.0017
