2 1 0.0124
9 1 0.0186
29 1 0.0058
35 1 0.0081
46 1 0.0117
55 1 0.0042
58 1 0.0052
59 1 0.0147
60 1 0.0058
62 1 0.0043
64 1 0.0053
66 1 0.0129
68 1 0.0028
75 1 0.0062
76 1 0.0033
79 1 0.0038
80 1 0.0059
94 1 0.008
100 1 0.0046
101 1 0.0105
103 1 0.015
104 1 0.0142
257 1 0.0053
494 1 0.011
526 1 0.0048
531 1 0.0032
540 1 0.0024
543 1 0.015
544 1 0.0054
581 1 0.0052
616 1 0.0024
618 1 0.0105
621 1 0.0009
641 1 0.001
648 1 0.012
651 1 0.0006
1 2 0.0124
3 2 0.0181
5 2 0.0201
2 3 0.0181
4 3 0.0996
498 3 0.042
3 4 0.0996
422 4 0.0164
426 4 0.0357
492 4 0.013
2 5 0.0201
6 5 0.0633
10 5 0.0118
17 5 0.0089
5 6 0.0633
7 6 0.0353
19 6 0.0227
6 7 0.0353
8 7 0.007
422 7 0.0164
7 8 0.007
1 9 0.0186
10 9 0.0411
30 9 0.0114
5 10 0.0118
9 10 0.0411
11 10 0.0201
10 11 0.0201
12 11 0.0695
18 11 0.1042
11 12 0.0695
13 12 0.0507
379 12 0.0796
12 13 0.0507
14 13 0.0412
369 13 0.0063
13 14 0.0412
15 14 0.023
32 14 0.0164
368 14 0.0034
14 15 0.023
16 15 0.0394
369 15 0.0075
15 16 0.0394
370 16 0.0082
371 16 0.1059
5 17 0.0089
18 17 0.0367
19 17 0.0246
11 18 0.1042
17 18 0.0367
377 18 0.0042
379 18 0.0092
6 19 0.0227
17 19 0.0246
20 19 0.0483
19 20 0.0483
21 20 0.0435
377 20 0.0061
20 21 0.0435
22 21 0.0569
380 21 0.0086
21 22 0.0569
23 22 0.0463
982 22 0.0365
983 22 0.2279
22 23 0.0463
24 23 0.0293
382 23 0.0264
982 23 0.0345
23 24 0.0293
25 24 0.1034
384 24 0.0035
24 25 0.1034
26 25 0.0581
417 25 0.0088
25 26 0.0581
385 26 0.0074
395 26 0.0074
400 26 0.0154
416 26 0.0086
28 27 0.0083
27 28 0.0083
29 28 0.0151
31 28 0.0605
1 29 0.0058
28 29 0.0151
30 29 0.0098
9 30 0.0114
29 30 0.0098
31 30 0.0091
28 31 0.0605
30 31 0.0091
32 31 0.0173
14 32 0.0164
31 32 0.0173
33 32 0.0068
32 33 0.0068
34 33 0.0043
364 33 0.0115
33 34 0.0043
350 34 0.0046
363 34 0.0027
1 35 0.0081
36 35 0.0496
44 35 0.0027
35 36 0.0496
37 36 0.0039
38 36 0.0115
36 37 0.0039
344 37 0.0088
357 37 0.0032
36 38 0.0115
39 38 0.0061
41 38 0.0124
51 38 0.0083
38 39 0.0061
40 39 0.0031
340 39 0.0059
39 40 0.0031
38 41 0.0124
42 41 0.0216
43 41 0.0027
48 41 0.0053
41 42 0.0216
41 43 0.0027
35 44 0.0027
45 44 0.0051
357 44 0.009
44 45 0.0051
359 45 0.0052
360 45 0.0224
1 46 0.0117
47 46 0.0054
52 46 0.0101
46 47 0.0054
49 47 0.0162
316 47 0.0041
41 48 0.0053
49 48 0.0158
312 48 0.0052
318 48 0.0099
47 49 0.0162
48 49 0.0158
50 49 0.0065
49 50 0.0065
38 51 0.0083
46 52 0.0101
53 52 0.0034
315 52 0.0079
52 53 0.0034
304 53 0.0101
305 53 0.0058
311 53 0.0038
55 54 0.0174
56 54 0.0158
58 54 0.0271
303 54 0.0035
1 55 0.0042
54 55 0.0174
56 55 0.0078
59 55 0.0025
54 56 0.0158
55 56 0.0078
57 56 0.0051
304 56 0.0023
56 57 0.0051
1 58 0.0052
54 58 0.0271
59 58 0.0031
1 59 0.0147
55 59 0.0025
58 59 0.0031
1 60 0.0058
61 60 0.0061
255 60 0.0027
60 61 0.0061
254 61 0.0223
302 61 0.0029
1 62 0.0043
257 62 0.0057
258 62 0.0183
245 63 0.0111
250 63 0.0034
258 63 0.0255
1 64 0.0053
65 64 0.0074
70 64 0.0114
257 64 0.0303
64 65 0.0074
236 65 0.0165
240 65 0.0057
241 65 0.0239
1 66 0.0129
67 66 0.0061
73 66 0.0359
66 67 0.0061
68 67 0.015
70 67 0.0161
1 68 0.0028
67 68 0.015
69 68 0.0108
68 69 0.0108
64 70 0.0114
67 70 0.0161
71 70 0.035
208 70 0.0153
70 71 0.035
72 71 0.0386
87 71 0.004
71 72 0.0386
209 72 0.0109
240 72 0.0162
66 73 0.0359
74 73 0.0463
84 73 0.0062
73 74 0.0463
84 74 0.0095
191 74 0.0028
1 75 0.0062
76 75 0.0069
78 75 0.0068
1 76 0.0033
75 76 0.0069
77 76 0.0253
76 77 0.0253
75 78 0.0068
1 79 0.0038
89 79 0.0067
977 79 0.0054
1 80 0.0059
81 80 0.0344
83 80 0.0111
80 81 0.0344
82 81 0.0339
699 81 0.0024
81 82 0.0339
83 82 0.0003
95 82 0.0096
110 82 0.0118
173 82 0.0026
80 83 0.0111
82 83 0.0003
700 83 0.0103
73 84 0.0062
74 84 0.0095
85 84 0.0212
88 84 0.0037
207 84 0.008
84 85 0.0212
86 85 0.0057
207 85 0.0119
85 86 0.0057
87 86 0.0077
208 86 0.0146
71 87 0.004
86 87 0.0077
88 87 0.005
210 87 0.0244
84 88 0.0037
87 88 0.005
233 88 0.0011
79 89 0.0067
90 89 0.0046
91 89 0.0143
176 89 0.0053
89 90 0.0046
157 90 0.0035
159 90 0.0054
89 91 0.0143
92 91 0.0012
93 91 0.0045
91 92 0.0012
91 93 0.0045
182 93 0.0015
187 93 0.0017
1 94 0.008
95 94 0.023
259 94 0.0051
82 95 0.0096
94 95 0.023
96 95 0.0186
95 96 0.0186
97 96 0.0641
98 96 0.037
96 97 0.0641
98 97 0.0612
102 97 0.0038
115 97 0.0038
979 97 0.0108
96 98 0.037
97 98 0.0612
99 98 0.0053
108 98 0.015
98 99 0.0053
117 99 0.001
123 99 0.004
1 100 0.0046
1 101 0.0105
102 101 0.059
103 101 0.0278
97 102 0.0038
101 102 0.059
107 102 0.0043
111 102 0.029
1 103 0.015
101 103 0.0278
105 103 0.0102
106 103 0.0059
1 104 0.0142
105 104 0.0301
647 104 0.0045
103 105 0.0102
104 105 0.0301
106 105 0.0046
103 106 0.0059
105 106 0.0046
107 106 0.007
102 107 0.0043
106 107 0.007
111 107 0.0049
98 108 0.015
109 108 0.0075
110 108 0.0111
108 109 0.0075
82 110 0.0118
108 110 0.0111
148 110 0.0233
102 111 0.029
107 111 0.0049
112 111 0.0404
115 111 0.0022
111 112 0.0404
113 112 0.0082
666 112 0.0045
112 113 0.0082
114 113 0.0193
121 113 0.0091
667 113 0.0015
113 114 0.0193
121 114 0.0029
133 114 0.0061
97 115 0.0038
111 115 0.0022
116 115 0.014
121 115 0.0077
979 115 0.0116
980 115 0.0147
981 115 0.0063
115 116 0.014
117 116 0.0867
981 116 0.0213
99 117 0.001
116 117 0.0867
118 117 0.0048
119 117 0.0083
120 117 0.0036
117 118 0.0048
117 119 0.0083
117 120 0.0036
113 121 0.0091
114 121 0.0029
115 121 0.0077
122 121 0.0015
121 122 0.0015
123 122 0.0014
149 122 0.0008
978 122 0.0043
99 123 0.004
122 123 0.0014
124 123 0.02
147 123 0.0018
123 124 0.02
125 124 0.0056
978 124 0.0017
124 125 0.0056
126 125 0.0137
978 125 0.0003
125 126 0.0137
127 126 0.0087
141 126 0.0037
126 127 0.0087
128 127 0.0014
816 127 0.0003
818 127 0.0012
127 128 0.0014
129 128 0.0005
131 128 0.0051
128 129 0.0005
130 129 0.0018
132 129 0.0023
133 129 0.0037
129 130 0.0018
128 131 0.0051
129 132 0.0023
114 133 0.0061
129 133 0.0037
134 133 0.0071
139 133 0.0018
133 134 0.0071
135 134 0.0115
820 134 0.0017
825 134 0.0009
134 135 0.0115
136 135 0.0029
137 135 0.0006
820 135 0.0004
135 136 0.0029
135 137 0.0006
138 137 0.0093
139 137 0.0033
137 138 0.0093
133 139 0.0018
137 139 0.0033
140 139 0.0019
139 140 0.0019
126 141 0.0037
142 141 0.006
146 141 0.0019
141 142 0.006
145 142 0.0014
815 142 0.0066
144 143 0.0005
806 143 0.0115
811 143 0.0023
815 143 0.0128
819 143 0.0005
143 144 0.0005
145 144 0.0048
152 144 0.0018
142 145 0.0014
144 145 0.0048
146 145 0.006
141 146 0.0019
145 146 0.006
147 146 0.0044
123 147 0.0018
146 147 0.0044
148 147 0.0052
110 148 0.0233
147 148 0.0052
166 148 0.0174
122 149 0.0008
150 149 0.0008
151 149 0.0007
149 150 0.0008
149 151 0.0007
144 152 0.0018
153 152 0.0033
157 152 0.0013
158 152 0.0006
152 153 0.0033
154 153 0.0026
156 153 0.0068
158 153 0.0003
153 154 0.0026
155 154 0.0016
800 154 0.0026
154 155 0.0016
153 156 0.0068
160 156 0.0003
805 156 0.0003
90 157 0.0035
152 157 0.0013
158 157 0.0032
152 158 0.0006
153 158 0.0003
157 158 0.0032
159 158 0.0006
90 159 0.0054
158 159 0.0006
160 159 0.0048
162 159 0.0043
156 160 0.0003
159 160 0.0048
161 160 0.0011
160 161 0.0011
793 161 0.022
799 161 0.0003
159 162 0.0043
163 162 0.0048
164 162 0.0017
792 162 0.0014
162 163 0.0048
162 164 0.0017
165 164 0.0006
180 164 0.0008
164 165 0.0006
148 166 0.0174
167 166 0.0025
168 166 0.0008
166 167 0.0025
166 168 0.0008
169 168 0.0007
170 168 0.0014
168 169 0.0007
168 170 0.0014
171 170 0.0012
172 170 0.0009
170 171 0.0012
170 172 0.0009
82 173 0.0026
174 173 0.002
175 173 0.001
173 174 0.002
173 175 0.001
89 176 0.0053
177 176 0.0061
188 176 0.0008
176 177 0.0061
178 177 0.0032
206 177 0.0039
177 178 0.0032
179 178 0.0105
204 178 0.0002
178 179 0.0105
180 179 0.0054
189 179 0.0029
164 180 0.0008
179 180 0.0054
181 180 0.0035
180 181 0.0035
189 181 0.0009
790 181 0.0005
93 182 0.0015
183 182 0.0003
184 182 0.0004
185 182 0.0003
186 182 0.0005
205 182 0.0002
182 183 0.0003
182 184 0.0004
182 185 0.0003
182 186 0.0005
93 187 0.0017
176 188 0.0008
179 189 0.0029
181 189 0.0009
190 189 0.0075
189 190 0.0075
784 190 0.0005
787 190 0.0013
74 191 0.0028
192 191 0.012
203 191 0.0022
233 191 0.0031
191 192 0.012
193 192 0.0008
194 192 0.0142
192 193 0.0008
192 194 0.0142
195 194 0.0113
200 194 0.0102
194 195 0.0113
196 195 0.0005
197 195 0.0013
195 196 0.0005
195 197 0.0013
198 197 0.0007
199 197 0.0007
197 198 0.0007
197 199 0.0007
194 200 0.0102
201 200 0.0022
202 200 0.0003
200 201 0.0022
226 201 0.0003
773 201 0.0001
775 201 0.0015
778 201 0.0017
782 201 0.0004
200 202 0.0003
191 203 0.0022
178 204 0.0002
182 205 0.0002
177 206 0.0039
84 207 0.008
85 207 0.0119
208 207 0.0194
70 208 0.0153
86 208 0.0146
207 208 0.0194
72 209 0.0109
210 209 0.0126
214 209 0.0336
87 210 0.0244
209 210 0.0126
211 210 0.0142
210 211 0.0142
212 211 0.0173
214 211 0.0187
211 212 0.0173
213 212 0.0136
215 212 0.0051
212 213 0.0136
209 214 0.0336
211 214 0.0187
217 214 0.0013
212 215 0.0051
217 216 0.0116
230 216 0.0088
240 216 0.0603
214 217 0.0013
216 217 0.0116
218 217 0.014
217 218 0.014
219 218 0.0131
230 218 0.0107
260 218 0.0078
218 219 0.0131
220 219 0.0388
234 219 0.0009
263 219 0.0007
219 220 0.0388
221 220 0.0285
232 220 0.0005
220 221 0.0285
222 221 0.0276
231 221 0.0003
221 222 0.0276
223 222 0.0027
225 222 0.0083
222 223 0.0027
224 223 0.0003
231 223 0.0003
235 223 0.0003
223 224 0.0003
222 225 0.0083
226 225 0.0039
264 225 0.0031
201 226 0.0003
225 226 0.0039
227 226 0.0369
773 226 0.0032
226 227 0.0369
228 227 0.0014
265 227 0.0024
227 228 0.0014
265 229 0.0013
771 229 0.0014
772 229 0.0007
216 230 0.0088
218 230 0.0107
238 230 0.0079
221 231 0.0003
223 231 0.0003
233 231 0.0013
220 232 0.0005
88 233 0.0011
191 233 0.0031
231 233 0.0013
219 234 0.0009
223 235 0.0003
65 236 0.0165
237 236 0.0034
238 236 0.0076
236 237 0.0034
230 238 0.0079
236 238 0.0076
239 238 0.0033
238 239 0.0033
65 240 0.0057
72 240 0.0162
216 240 0.0603
65 241 0.0239
242 241 0.0082
251 241 0.0042
241 242 0.0082
243 242 0.0302
252 242 0.0166
266 242 0.0006
242 243 0.0302
244 243 0.0052
253 243 0.0032
243 244 0.0052
256 244 0.0006
297 244 0.0008
63 245 0.0111
246 245 0.0135
251 245 0.0056
245 246 0.0135
247 246 0.0026
252 246 0.0028
253 246 0.003
246 247 0.0026
248 247 0.002
253 247 0.0261
267 247 0.0038
247 248 0.002
249 248 0.0082
254 248 0.033
248 249 0.0082
269 249 0.0242
279 249 0.002
63 250 0.0034
241 251 0.0042
245 251 0.0056
252 251 0.015
242 252 0.0166
246 252 0.0028
251 252 0.015
243 253 0.0032
246 253 0.003
247 253 0.0261
268 253 0.0029
61 254 0.0223
248 254 0.033
302 254 0.0014
60 255 0.0027
244 256 0.0006
297 256 0.0005
765 256 0.0018
1 257 0.0053
62 257 0.0057
64 257 0.0303
258 257 0.0044
62 258 0.0183
63 258 0.0255
257 258 0.0044
94 259 0.0051
218 260 0.0078
261 260 0.004
769 260 0.0001
260 261 0.004
262 261 0.0004
766 261 0.0012
261 262 0.0004
219 263 0.0007
225 264 0.0031
265 264 0.0009
769 264 0.0017
227 265 0.0024
229 265 0.0013
264 265 0.0009
242 266 0.0006
247 267 0.0038
253 268 0.0029
249 269 0.0242
270 269 0.0153
281 269 0.0173
269 270 0.0153
271 270 0.0058
276 270 0.0012
270 271 0.0058
272 271 0.009
274 271 0.0009
271 272 0.009
273 272 0.0005
275 272 0.0003
277 272 0.0016
272 273 0.0005
271 274 0.0009
272 275 0.0003
270 276 0.0012
278 276 0.0029
297 276 0.002
764 276 0.0003
272 277 0.0016
278 277 0.0018
762 277 0.0014
763 277 0.0003
276 278 0.0029
277 278 0.0018
758 278 0.0022
762 278 0.0027
249 279 0.002
280 279 0.0041
701 279 0.0003
279 280 0.0041
269 281 0.0173
282 281 0.0011
283 281 0.0012
281 282 0.0011
281 283 0.0012
285 284 0.0089
296 284 0.0079
301 284 0.0048
284 285 0.0089
286 285 0.0463
293 285 0.0257
285 286 0.0463
287 286 0.0024
298 286 0.0038
286 287 0.0024
288 287 0.0069
289 287 0.0174
287 288 0.0069
287 289 0.0174
290 289 0.0023
291 289 0.0015
292 289 0.0011
749 289 0.0018
289 290 0.0023
751 290 0.0041
754 290 0.0021
289 291 0.0015
289 292 0.0011
285 293 0.0257
294 293 0.0251
296 293 0.0041
755 293 0.0006
293 294 0.0251
295 294 0.01
296 294 0.0037
294 295 0.01
284 296 0.0079
293 296 0.0041
294 296 0.0037
244 297 0.0008
256 297 0.0005
276 297 0.002
286 298 0.0038
299 298 0.001
300 298 0.003
298 299 0.001
744 299 0.002
749 299 0.0011
298 300 0.003
284 301 0.0048
61 302 0.0029
254 302 0.0014
303 302 0.0052
54 303 0.0035
302 303 0.0052
304 303 0.0182
53 304 0.0101
56 304 0.0023
303 304 0.0182
53 305 0.0058
306 305 0.0049
309 305 0.0071
748 305 0.0008
305 306 0.0049
307 306 0.0131
308 306 0.0198
306 307 0.0131
306 308 0.0198
305 309 0.0071
310 309 0.0064
748 309 0.0004
309 310 0.0064
53 311 0.0038
312 311 0.0179
315 311 0.0028
48 312 0.0052
311 312 0.0179
313 312 0.0142
314 312 0.0058
312 313 0.0142
312 314 0.0058
52 315 0.0079
311 315 0.0028
316 315 0.005
47 316 0.0041
315 316 0.005
317 316 0.0089
316 317 0.0089
48 318 0.0099
319 318 0.0196
324 318 0.0045
318 319 0.0196
320 319 0.0392
324 319 0.004
338 319 0.0119
319 320 0.0392
321 320 0.0185
327 320 0.0158
330 320 0.0105
333 320 0.0199
320 321 0.0185
322 321 0.019
741 321 0.0112
321 322 0.019
323 322 0.0139
336 322 0.0077
719 322 0.0014
723 322 0.0022
322 323 0.0139
337 323 0.0164
707 323 0.0067
318 324 0.0045
319 324 0.004
326 324 0.0102
746 324 0.0048
746 325 0.0021
324 326 0.0102
320 327 0.0158
328 327 0.0053
330 327 0.0213
327 328 0.0053
329 328 0.0051
729 328 0.0022
741 328 0.0193
328 329 0.0051
741 329 0.0027
742 329 0.0017
320 330 0.0105
327 330 0.0213
331 330 0.0058
332 330 0.0014
330 331 0.0058
732 331 0.0014
737 331 0.0019
330 332 0.0014
745 332 0.0023
747 332 0.0026
320 333 0.0199
334 333 0.0088
335 333 0.0022
333 334 0.0088
724 334 0.0015
728 334 0.002
333 335 0.0022
322 336 0.0077
323 337 0.0164
712 337 0.0035
716 337 0.0007
319 338 0.0119
339 338 0.0019
743 338 0.0003
338 339 0.0019
39 340 0.0059
341 340 0.0035
342 340 0.0013
343 340 0.0023
340 341 0.0035
340 342 0.0013
340 343 0.0023
37 344 0.0088
345 344 0.0193
349 344 0.0294
344 345 0.0193
346 345 0.0033
348 345 0.0134
345 346 0.0033
347 346 0.0096
353 346 0.0006
702 346 0.0002
346 347 0.0096
972 347 0.0048
974 347 0.005
345 348 0.0134
355 348 0.0045
356 348 0.0064
344 349 0.0294
350 349 0.0031
352 349 0.0147
34 350 0.0046
349 350 0.0031
351 350 0.0065
353 350 0.0022
350 351 0.0065
349 352 0.0147
346 353 0.0006
350 353 0.0022
354 353 0.0028
353 354 0.0028
348 355 0.0045
348 356 0.0064
37 357 0.0032
44 357 0.009
358 357 0.0039
357 358 0.0039
45 359 0.0052
45 360 0.0224
361 360 0.0169
362 360 0.008
360 361 0.0169
360 362 0.008
34 363 0.0027
33 364 0.0115
367 364 0.0018
368 364 0.0242
366 365 0.0145
371 365 0.0267
373 365 0.0032
365 366 0.0145
367 366 0.0118
368 366 0.0175
374 366 0.0243
364 367 0.0018
366 367 0.0118
387 367 0.0052
14 368 0.0034
364 368 0.0242
366 368 0.0175
13 369 0.0063
15 369 0.0075
370 369 0.0064
16 370 0.0082
369 370 0.0064
372 370 0.0137
382 370 0.0062
16 371 0.1059
365 371 0.0267
372 371 0.0175
370 372 0.0137
371 372 0.0175
382 372 0.0045
383 372 0.0076
365 373 0.0032
366 374 0.0243
375 374 0.0061
376 374 0.0017
374 375 0.0061
374 376 0.0017
18 377 0.0042
20 377 0.0061
378 377 0.0289
377 378 0.0289
379 378 0.0118
380 378 0.016
12 379 0.0796
18 379 0.0092
378 379 0.0118
21 380 0.0086
378 380 0.016
381 380 0.0109
380 381 0.0109
23 382 0.0264
370 382 0.0062
372 382 0.0045
372 383 0.0076
24 384 0.0035
26 385 0.0074
386 385 0.0168
387 385 0.0036
385 386 0.0168
390 386 0.0039
391 386 0.0062
392 386 0.0137
395 386 0.006
367 387 0.0052
385 387 0.0036
388 387 0.0041
389 387 0.0015
387 388 0.0041
387 389 0.0015
386 390 0.0039
972 390 0.0015
973 390 0.0052
974 390 0.0064
386 391 0.0062
394 391 0.0476
963 391 0.0074
968 391 0.0028
386 392 0.0137
393 392 0.0072
398 392 0.0047
392 393 0.0072
394 393 0.0078
962 393 0.0024
391 394 0.0476
393 394 0.0078
962 394 0.0019
26 395 0.0074
386 395 0.006
396 395 0.0275
395 396 0.0275
397 396 0.0111
409 396 0.0249
396 397 0.0111
399 397 0.0031
410 397 0.0007
392 398 0.0047
408 398 0.0021
962 398 0.0023
397 399 0.0031
26 400 0.0154
401 400 0.0286
409 400 0.0019
412 400 0.0253
400 401 0.0286
402 401 0.0066
409 401 0.0028
401 402 0.0066
403 402 0.0203
411 402 0.0047
402 403 0.0203
404 403 0.0413
955 403 0.0026
403 404 0.0413
405 404 0.005
406 404 0.0206
404 405 0.005
956 405 0.0496
960 405 0.0058
404 406 0.0206
407 406 0.0113
408 406 0.0076
406 407 0.0113
398 408 0.0021
406 408 0.0076
961 408 0.021
396 409 0.0249
400 409 0.0019
401 409 0.0028
397 410 0.0007
402 411 0.0047
400 412 0.0253
413 412 0.0051
415 412 0.0019
419 412 0.0048
412 413 0.0051
414 413 0.0078
421 413 0.0051
413 414 0.0078
951 414 0.0156
953 414 0.003
954 414 0.0071
412 415 0.0019
26 416 0.0086
417 416 0.0044
419 416 0.0065
25 417 0.0088
416 417 0.0044
418 417 0.0164
417 418 0.0164
412 419 0.0048
416 419 0.0065
420 419 0.026
419 420 0.026
413 421 0.0051
4 422 0.0164
7 422 0.0164
423 422 0.0116
422 423 0.0116
424 423 0.0236
983 423 0.0276
423 424 0.0236
425 424 0.0186
982 424 0.0201
424 425 0.0186
431 425 0.008
432 425 0.0075
4 426 0.0357
427 426 0.0072
434 426 0.0256
426 427 0.0072
428 427 0.029
434 427 0.0077
427 428 0.029
429 428 0.0214
435 428 0.0044
428 429 0.0214
430 429 0.0141
436 429 0.0065
429 430 0.0141
433 430 0.0328
437 430 0.0034
425 431 0.008
425 432 0.0075
430 433 0.0328
426 434 0.0256
427 434 0.0077
435 434 0.0835
428 435 0.0044
434 435 0.0835
436 435 0.0784
429 436 0.0065
435 436 0.0784
437 436 0.0069
438 436 0.0292
430 437 0.0034
436 437 0.0069
464 437 0.0018
436 438 0.0292
439 438 0.0069
443 438 0.0133
984 438 0.0363
438 439 0.0069
440 439 0.011
448 439 0.0053
439 440 0.011
441 440 0.0106
442 440 0.0061
440 441 0.0106
440 442 0.0061
438 443 0.0133
444 443 0.03
461 443 0.007
443 444 0.03
445 444 0.0207
447 444 0.0048
444 445 0.0207
446 445 0.0096
450 445 0.0068
445 446 0.0096
451 446 0.006
454 446 0.0073
478 446 0.0015
444 447 0.0048
439 448 0.0053
449 448 0.0066
450 448 0.0019
448 449 0.0066
450 449 0.0089
463 449 0.0041
445 450 0.0068
448 450 0.0019
449 450 0.0089
446 451 0.006
452 451 0.0007
453 451 0.0006
451 452 0.0007
451 453 0.0006
446 454 0.0073
455 454 0.017
458 454 0.0223
460 454 0.0088
454 455 0.017
456 455 0.0052
457 455 0.009
455 456 0.0052
455 457 0.009
458 457 0.0089
947 457 0.0067
454 458 0.0223
457 458 0.0089
459 458 0.0082
458 459 0.0082
460 459 0.0131
943 459 0.0117
454 460 0.0088
459 460 0.0131
938 460 0.0045
443 461 0.007
462 461 0.0072
467 461 0.0146
461 462 0.0072
449 463 0.0041
437 464 0.0018
466 465 0.0642
489 465 0.0329
984 465 0.0277
465 466 0.0642
467 466 0.0174
471 466 0.022
461 467 0.0146
466 467 0.0174
468 467 0.033
467 468 0.033
469 468 0.0157
473 468 0.0172
468 469 0.0157
470 469 0.0025
474 469 0.0122
469 470 0.0025
466 471 0.022
472 471 0.0417
502 471 0.0147
471 472 0.0417
484 472 0.0031
491 472 0.0221
468 473 0.0172
474 473 0.0295
482 473 0.0033
469 474 0.0122
473 474 0.0295
475 474 0.0055
479 474 0.0134
474 475 0.0055
476 475 0.0057
477 475 0.0064
475 476 0.0057
475 477 0.0064
446 478 0.0015
474 479 0.0134
480 479 0.0045
937 479 0.0016
479 480 0.0045
481 480 0.0039
703 480 0.0012
480 481 0.0039
473 482 0.0033
483 482 0.0042
936 482 0.0023
482 483 0.0042
484 483 0.0071
485 483 0.0103
472 484 0.0031
483 484 0.0071
487 484 0.0175
929 484 0.0039
483 485 0.0103
486 485 0.0071
704 485 0.0051
485 486 0.0071
484 487 0.0175
491 487 0.007
500 487 0.0263
522 487 0.0154
492 488 0.0289
522 488 0.0357
985 488 0.0105
465 489 0.0329
490 489 0.0101
985 489 0.0178
489 490 0.0101
472 491 0.0221
487 491 0.007
503 491 0.0234
4 492 0.013
488 492 0.0289
493 492 0.0186
492 493 0.0186
496 493 0.0138
506 493 0.111
1 494 0.011
495 494 0.0191
497 494 0.0356
524 494 0.0019
494 495 0.0191
496 495 0.0152
497 495 0.0194
519 495 0.0066
493 496 0.0138
495 496 0.0152
504 496 0.0133
525 496 0.0029
494 497 0.0356
495 497 0.0194
498 497 0.0088
3 498 0.042
497 498 0.0088
499 498 0.0091
498 499 0.0091
487 500 0.0263
501 500 0.0037
510 500 0.0033
921 500 0.0041
500 501 0.0037
928 501 0.0097
929 501 0.0169
471 502 0.0147
491 503 0.0234
496 504 0.0133
505 504 0.0188
520 504 0.0031
504 505 0.0188
506 505 0.0153
517 505 0.0585
493 506 0.111
505 506 0.0153
507 506 0.038
506 507 0.038
508 507 0.023
515 507 0.0145
507 508 0.023
509 508 0.0315
512 508 0.0124
508 509 0.0315
510 509 0.0429
705 509 0.0133
500 510 0.0033
509 510 0.0429
511 510 0.011
510 511 0.011
914 511 0.0107
935 511 0.0095
508 512 0.0124
513 512 0.005
514 512 0.0027
512 513 0.005
512 514 0.0027
507 515 0.0145
516 515 0.0037
517 515 0.0073
518 515 0.0033
515 516 0.0037
505 517 0.0585
515 517 0.0073
518 517 0.0041
515 518 0.0033
517 518 0.0041
542 518 0.0063
495 519 0.0066
520 519 0.0052
537 519 0.0457
504 520 0.0031
519 520 0.0052
521 520 0.0012
520 521 0.0012
536 521 0.0441
537 521 0.0182
487 522 0.0154
488 522 0.0357
523 522 0.0104
985 522 0.0166
522 523 0.0104
494 524 0.0019
496 525 0.0029
1 526 0.0048
527 526 0.0028
530 526 0.004
526 527 0.0028
528 527 0.0034
529 527 0.0034
527 528 0.0034
527 529 0.0034
526 530 0.004
1 531 0.0032
532 531 0.0164
534 531 0.0021
539 531 0.0045
540 531 0.0052
531 532 0.0164
533 532 0.0081
534 532 0.0043
532 533 0.0081
531 534 0.0021
532 534 0.0043
535 534 0.0056
536 534 0.0024
538 534 0.0069
534 535 0.0056
536 535 0.0045
537 535 0.0051
521 536 0.0441
534 536 0.0024
535 536 0.0045
675 536 0.0037
519 537 0.0457
521 537 0.0182
535 537 0.0051
534 538 0.0069
531 539 0.0045
1 540 0.0024
531 540 0.0052
541 540 0.0203
580 540 0.0022
540 541 0.0203
542 541 0.0046
580 541 0.0227
518 542 0.0063
541 542 0.0046
548 542 0.0116
904 542 0.0038
1 543 0.015
544 543 0.0071
575 543 0.0006
1 544 0.0054
543 544 0.0071
545 544 0.0078
573 544 0.0015
544 545 0.0078
546 545 0.0796
573 545 0.0054
574 545 0.0055
580 545 0.0143
545 546 0.0796
547 546 0.0096
559 546 0.0241
569 546 0.0091
546 547 0.0096
548 547 0.0466
554 547 0.0013
542 548 0.0116
547 548 0.0466
549 548 0.0353
548 549 0.0353
550 549 0.0716
553 549 0.0109
549 550 0.0716
551 550 0.0387
553 550 0.0211
550 551 0.0387
552 551 0.0669
557 551 0.0029
676 551 0.0125
551 552 0.0669
677 552 0.0044
909 552 0.0028
549 553 0.0109
550 553 0.0211
558 553 0.0072
547 554 0.0013
555 554 0.0052
556 554 0.0065
554 555 0.0052
554 556 0.0065
551 557 0.0029
553 558 0.0072
546 559 0.0241
560 559 0.0141
614 559 0.0023
559 560 0.0141
561 560 0.0095
562 560 0.0016
614 560 0.0037
560 561 0.0095
562 561 0.0044
566 561 0.0068
560 562 0.0016
561 562 0.0044
563 562 0.0053
562 563 0.0053
565 563 0.0006
603 563 0.0122
886 563 0.0151
565 564 0.0038
605 564 0.0076
884 564 0.002
886 564 0.02
563 565 0.0006
564 565 0.0038
600 565 0.0031
873 565 0.0041
561 566 0.0068
567 566 0.011
568 566 0.0029
566 567 0.011
566 568 0.0029
546 569 0.0091
570 569 0.0011
571 569 0.0052
569 570 0.0011
569 571 0.0052
572 571 0.0022
577 571 0.0073
579 571 0.0088
571 572 0.0022
544 573 0.0015
545 573 0.0054
574 573 0.0125
545 574 0.0055
573 574 0.0125
575 574 0.0131
543 575 0.0006
574 575 0.0131
576 575 0.0328
575 576 0.0328
577 576 0.01
583 576 0.0055
571 577 0.0073
576 577 0.01
578 577 0.0171
577 578 0.0171
571 579 0.0088
540 580 0.0022
541 580 0.0227
545 580 0.0143
1 581 0.0052
582 581 0.0097
584 581 0.0017
581 582 0.0097
583 582 0.0057
587 582 0.0077
609 582 0.0012
576 583 0.0055
582 583 0.0057
585 583 0.0049
581 584 0.0017
583 585 0.0049
586 585 0.0018
590 585 0.0078
585 586 0.0018
600 586 0.0073
601 586 0.0046
582 587 0.0077
588 587 0.0035
610 587 0.0004
587 588 0.0035
589 588 0.0085
607 588 0.0021
686 588 0.0015
588 589 0.0085
608 589 0.0049
631 589 0.0057
585 590 0.0078
591 590 0.0212
684 590 0.0024
590 591 0.0212
592 591 0.0195
679 591 0.0008
591 592 0.0195
593 592 0.0099
598 592 0.0028
592 593 0.0099
594 593 0.0054
597 593 0.0019
680 593 0.0003
593 594 0.0054
595 594 0.0056
596 594 0.0005
638 594 0.0002
594 595 0.0056
597 595 0.0014
865 595 0.0441
594 596 0.0005
593 597 0.0019
595 597 0.0014
869 597 0.0019
592 598 0.0028
599 598 0.0034
869 598 0.0047
598 599 0.0034
565 600 0.0031
586 600 0.0073
872 600 0.0026
586 601 0.0046
602 601 0.0041
871 601 0.0045
601 602 0.0041
563 603 0.0122
604 603 0.0037
678 603 0.008
887 603 0.0099
603 604 0.0037
564 605 0.0076
606 605 0.0045
885 605 0.0025
605 606 0.0045
882 606 0.0049
886 606 0.005
588 607 0.0021
589 608 0.0049
582 609 0.0012
610 609 0.0053
642 609 0.004
587 610 0.0004
609 610 0.0053
612 610 0.0019
612 611 0.0016
610 612 0.0019
611 612 0.0016
613 612 0.0089
612 613 0.0089
559 614 0.0023
560 614 0.0037
615 614 0.0034
614 615 0.0034
1 616 0.0024
617 616 0.0106
639 616 0.0166
616 617 0.0106
624 617 0.0017
626 617 0.0057
1 618 0.0105
619 618 0.0053
622 618 0.0034
673 618 0.0045
618 619 0.0053
620 619 0.0075
623 619 0.0017
674 619 0.0047
619 620 0.0075
628 620 0.0065
687 620 0.0006
698 620 0.0049
1 621 0.0009
622 621 0.0096
641 621 0.0065
618 622 0.0034
621 622 0.0096
623 622 0.0067
640 622 0.0117
619 623 0.0017
622 623 0.0067
639 623 0.0047
617 624 0.0017
625 624 0.0043
627 624 0.0033
854 624 0.0003
624 625 0.0043
626 625 0.0002
691 625 0.0252
617 626 0.0057
625 626 0.0002
627 626 0.0021
624 627 0.0033
626 627 0.0021
690 627 0.0046
620 628 0.0065
629 628 0.0033
643 628 0.0049
650 628 0.0004
628 629 0.0033
630 629 0.0054
697 629 0.0014
629 630 0.0054
672 630 0.0005
692 630 0.0049
589 631 0.0057
632 631 0.0203
681 631 0.0051
631 632 0.0203
633 632 0.0093
637 632 0.0042
632 633 0.0093
634 633 0.0043
636 633 0.0023
633 634 0.0043
635 634 0.0075
859 634 0.002
634 635 0.0075
860 635 0.0015
861 635 0.0028
633 636 0.0023
632 637 0.0042
638 637 0.0028
685 637 0.0016
594 638 0.0002
637 638 0.0028
863 638 0.0009
616 639 0.0166
623 639 0.0047
640 639 0.0081
622 640 0.0117
639 640 0.0081
641 640 0.006
1 641 0.001
621 641 0.0065
640 641 0.006
609 642 0.004
628 643 0.0049
644 643 0.0073
696 643 0.0034
643 644 0.0073
645 644 0.0006
845 644 0.0041
644 645 0.0006
646 645 0.0005
665 645 0.0002
645 646 0.0005
104 647 0.0045
658 647 0.0044
666 647 0.0144
1 648 0.012
649 648 0.0078
650 648 0.0046
648 649 0.0078
650 649 0.0087
652 649 0.0129
628 650 0.0004
648 650 0.0046
649 650 0.0087
1 651 0.0006
649 652 0.0129
653 652 0.0032
658 652 0.0144
652 653 0.0032
654 653 0.0028
655 653 0.0096
653 654 0.0028
653 655 0.0096
656 655 0.0014
657 655 0.0033
655 656 0.0014
655 657 0.0033
647 658 0.0044
652 658 0.0144
659 658 0.0431
658 659 0.0431
660 659 0.0178
661 659 0.0042
659 660 0.0178
664 660 0.0046
669 660 0.0004
671 660 0.001
659 661 0.0042
662 661 0.0095
666 661 0.0025
661 662 0.0095
663 662 0.0033
668 662 0.0012
662 663 0.0033
667 663 0.0009
670 663 0.002
660 664 0.0046
665 664 0.0014
832 664 0.0002
645 665 0.0002
664 665 0.0014
695 665 0.0006
112 666 0.0045
647 666 0.0144
661 666 0.0025
667 666 0.0102
113 667 0.0015
663 667 0.0009
666 667 0.0102
662 668 0.0012
660 669 0.0004
663 670 0.002
660 671 0.001
829 671 0.0028
832 671 0.0011
630 672 0.0005
846 672 0.0007
848 672 0.0062
618 673 0.0045
619 674 0.0047
536 675 0.0037
551 676 0.0125
888 676 0.0046
898 676 0.0057
552 677 0.0044
603 678 0.008
591 679 0.0008
593 680 0.0003
631 681 0.0051
682 681 0.0005
683 681 0.0004
681 682 0.0005
681 683 0.0004
590 684 0.0024
637 685 0.0016
862 685 0.0048
863 685 0.0015
588 686 0.0015
620 687 0.0006
688 687 0.0017
689 687 0.0007
687 688 0.0017
687 689 0.0007
627 690 0.0046
625 691 0.0252
849 691 0.0013
855 691 0.0033
630 692 0.0049
693 692 0.0057
694 692 0.0007
692 693 0.0057
692 694 0.0007
665 695 0.0006
837 695 0.0015
840 695 0.0095
643 696 0.0034
629 697 0.0014
620 698 0.0049
81 699 0.0024
83 700 0.0103
279 701 0.0003
346 702 0.0002
480 703 0.0012
485 704 0.0051
509 705 0.0133
706 705 0.0186
910 705 0.0073
705 706 0.0186
323 707 0.0067
708 707 0.0068
709 707 0.0038
710 707 0.0068
711 707 0.0023
707 708 0.0068
707 709 0.0038
707 710 0.0068
707 711 0.0023
337 712 0.0035
713 712 0.0016
714 712 0.0047
715 712 0.0042
712 713 0.0016
712 714 0.0047
712 715 0.0042
337 716 0.0007
717 716 0.0054
718 716 0.0057
716 717 0.0054
716 718 0.0057
322 719 0.0014
720 719 0.0015
721 719 0.0141
722 719 0.0141
719 720 0.0015
719 721 0.0141
719 722 0.0141
322 723 0.0022
334 724 0.0015
725 724 0.0188
726 724 0.012
727 724 0.0076
724 725 0.0188
724 726 0.012
724 727 0.0076
334 728 0.002
328 729 0.0022
730 729 0.0019
731 729 0.0019
729 730 0.0019
729 731 0.0019
331 732 0.0014
733 732 0.0022
734 732 0.0007
735 732 0.0017
736 732 0.0007
732 733 0.0022
732 734 0.0007
732 735 0.0017
732 736 0.0007
331 737 0.0019
738 737 0.0051
739 737 0.002
740 737 0.0049
737 738 0.0051
737 739 0.002
737 740 0.0049
321 741 0.0112
328 741 0.0193
329 741 0.0027
329 742 0.0017
338 743 0.0003
299 744 0.002
745 744 0.0019
748 744 0.0016
332 745 0.0023
744 745 0.0019
746 745 0.0006
324 746 0.0048
325 746 0.0021
745 746 0.0006
332 747 0.0026
305 748 0.0008
309 748 0.0004
744 748 0.0016
289 749 0.0018
299 749 0.0011
750 749 0.0218
749 750 0.0218
290 751 0.0041
752 751 0.004
753 751 0.0032
751 752 0.004
751 753 0.0032
290 754 0.0021
293 755 0.0006
756 755 0.0022
757 755 0.0061
755 756 0.0022
755 757 0.0061
278 758 0.0022
759 758 0.0027
760 758 0.0072
761 758 0.0038
762 758 0.0023
758 759 0.0027
758 760 0.0072
758 761 0.0038
277 762 0.0014
278 762 0.0027
758 762 0.0023
277 763 0.0003
276 764 0.0003
256 765 0.0018
261 766 0.0012
767 766 0.0031
768 766 0.007
769 766 0.0009
766 767 0.0031
766 768 0.007
260 769 0.0001
264 769 0.0017
766 769 0.0009
770 769 0.0005
769 770 0.0005
229 771 0.0014
229 772 0.0007
201 773 0.0001
226 773 0.0032
774 773 0.0003
773 774 0.0003
201 775 0.0015
776 775 0.0013
777 775 0.001
775 776 0.0013
775 777 0.001
201 778 0.0017
779 778 0.0004
781 778 0.0066
778 779 0.0004
781 780 0.0042
778 781 0.0066
780 781 0.0042
782 781 0.0024
201 782 0.0004
781 782 0.0024
783 782 0.0042
782 783 0.0042
190 784 0.0005
785 784 0.0009
786 784 0.0088
784 785 0.0009
784 786 0.0088
190 787 0.0013
788 787 0.0134
789 787 0.0063
791 787 0.004
787 788 0.0134
787 789 0.0063
181 790 0.0005
787 791 0.004
162 792 0.0014
161 793 0.022
794 793 0.0075
795 793 0.0037
796 793 0.0014
797 793 0.0026
798 793 0.0009
793 794 0.0075
793 795 0.0037
793 796 0.0014
793 797 0.0026
793 798 0.0009
161 799 0.0003
154 800 0.0026
801 800 0.0023
802 800 0.0041
803 800 0.0018
804 800 0.0042
800 801 0.0023
800 802 0.0041
800 803 0.0018
800 804 0.0042
156 805 0.0003
143 806 0.0115
807 806 0.0005
810 806 0.0004
806 807 0.0005
808 807 0.0068
809 807 0.0045
807 808 0.0068
807 809 0.0045
806 810 0.0004
143 811 0.0023
812 811 0.0027
813 811 0.0008
814 811 0.0005
811 812 0.0027
811 813 0.0008
811 814 0.0005
142 815 0.0066
143 815 0.0128
816 815 0.0002
127 816 0.0003
815 816 0.0002
817 816 0.0005
816 817 0.0005
127 818 0.0012
143 819 0.0005
134 820 0.0017
135 820 0.0004
821 820 0.0028
820 821 0.0028
822 821 0.0073
825 821 0.0008
821 822 0.0073
823 822 0.001
824 822 0.0075
826 822 0.0013
827 822 0.0006
822 823 0.001
822 824 0.0075
134 825 0.0009
821 825 0.0008
826 825 0.0023
822 826 0.0013
825 826 0.0023
827 826 0.011
822 827 0.0006
826 827 0.011
828 827 0.0021
827 828 0.0021
671 829 0.0028
830 829 0.0129
831 829 0.004
829 830 0.0129
829 831 0.004
664 832 0.0002
671 832 0.0011
833 832 0.0036
834 832 0.0012
835 832 0.0058
836 832 0.0053
832 833 0.0036
832 834 0.0012
832 835 0.0058
832 836 0.0053
695 837 0.0015
838 837 0.0034
839 837 0.0133
837 838 0.0034
837 839 0.0133
695 840 0.0095
841 840 0.0051
842 840 0.0083
843 840 0.0055
845 840 0.0029
840 841 0.0051
840 842 0.0083
840 843 0.0055
845 844 0.0033
644 845 0.0041
840 845 0.0029
844 845 0.0033
846 845 0.0035
672 846 0.0007
845 846 0.0035
847 846 0.0117
846 847 0.0117
672 848 0.0062
691 849 0.0013
850 849 0.0037
851 849 0.0051
852 849 0.0058
853 849 0.0029
849 850 0.0037
849 851 0.0051
849 852 0.0058
849 853 0.0029
624 854 0.0003
691 855 0.0033
856 855 0.0193
857 855 0.0151
858 855 0.0149
855 856 0.0193
855 857 0.0151
855 858 0.0149
634 859 0.002
635 860 0.0015
635 861 0.0028
685 862 0.0048
638 863 0.0009
685 863 0.0015
864 863 0.0055
863 864 0.0055
595 865 0.0441
866 865 0.0027
867 865 0.0036
868 865 0.0095
865 866 0.0027
865 867 0.0036
865 868 0.0095
597 869 0.0019
598 869 0.0047
870 869 0.0112
869 870 0.0112
601 871 0.0045
600 872 0.0026
565 873 0.0041
874 873 0.0155
877 873 0.0093
880 873 0.0124
873 874 0.0155
875 874 0.0161
876 874 0.0273
874 875 0.0161
874 876 0.0273
873 877 0.0093
878 877 0.0388
879 877 0.0142
877 878 0.0388
877 879 0.0142
873 880 0.0124
881 880 0.0146
883 880 0.0126
880 881 0.0146
606 882 0.0049
880 883 0.0126
564 884 0.002
605 885 0.0025
563 886 0.0151
564 886 0.02
606 886 0.005
603 887 0.0099
676 888 0.0046
889 888 0.0415
890 888 0.0205
891 888 0.0082
892 888 0.0066
893 888 0.0068
894 888 0.0063
895 888 0.0065
896 888 0.0279
897 888 0.0068
888 889 0.0415
888 890 0.0205
888 891 0.0082
888 892 0.0066
888 893 0.0068
888 894 0.0063
888 895 0.0065
888 896 0.0279
888 897 0.0068
676 898 0.0057
899 898 0.0099
900 898 0.0094
901 898 0.0107
902 898 0.0103
903 898 0.0114
898 899 0.0099
898 900 0.0094
898 901 0.0107
898 902 0.0103
898 903 0.0114
542 904 0.0038
905 904 0.0114
906 904 0.0124
907 904 0.0147
908 904 0.0097
904 905 0.0114
904 906 0.0124
904 907 0.0147
904 908 0.0097
552 909 0.0028
705 910 0.0073
911 910 0.0226
912 910 0.0244
913 910 0.0162
910 911 0.0226
910 912 0.0244
910 913 0.0162
511 914 0.0107
915 914 0.0136
916 914 0.0048
917 914 0.004
918 914 0.0037
919 914 0.0044
920 914 0.004
914 915 0.0136
914 916 0.0048
914 917 0.004
914 918 0.0037
914 919 0.0044
914 920 0.004
500 921 0.0041
922 921 0.009
923 921 0.0069
924 921 0.008
925 921 0.0096
926 921 0.0128
927 921 0.0176
921 922 0.009
921 923 0.0069
921 924 0.008
921 925 0.0096
921 926 0.0128
921 927 0.0176
501 928 0.0097
484 929 0.0039
501 929 0.0169
930 929 0.0269
929 930 0.0269
931 930 0.0204
932 930 0.0126
933 930 0.0118
934 930 0.0149
930 931 0.0204
930 932 0.0126
930 933 0.0118
930 934 0.0149
511 935 0.0095
482 936 0.0023
479 937 0.0016
460 938 0.0045
939 938 0.0088
940 938 0.0017
941 938 0.0053
942 938 0.0078
938 939 0.0088
938 940 0.0017
938 941 0.0053
938 942 0.0078
459 943 0.0117
944 943 0.0086
945 943 0.0076
946 943 0.0128
943 944 0.0086
943 945 0.0076
943 946 0.0128
457 947 0.0067
948 947 0.0081
949 947 0.0071
950 947 0.0041
951 947 0.0039
947 948 0.0081
947 949 0.0071
947 950 0.0041
414 951 0.0156
947 951 0.0039
952 951 0.009
951 952 0.009
414 953 0.003
414 954 0.0071
403 955 0.0026
405 956 0.0496
957 956 0.0061
958 956 0.0247
959 956 0.0198
956 957 0.0061
956 958 0.0247
956 959 0.0198
405 960 0.0058
408 961 0.021
393 962 0.0024
394 962 0.0019
398 962 0.0023
391 963 0.0074
964 963 0.009
965 963 0.0115
966 963 0.0268
967 963 0.0087
963 964 0.009
963 965 0.0115
963 966 0.0268
963 967 0.0087
391 968 0.0028
969 968 0.0224
970 968 0.0175
971 968 0.0121
968 969 0.0224
968 970 0.0175
968 971 0.0121
347 972 0.0048
390 972 0.0015
974 972 0.0079
390 973 0.0052
347 974 0.005
390 974 0.0064
972 974 0.0079
975 974 0.0087
976 974 0.0058
974 975 0.0087
974 976 0.0058
79 977 0.0054
122 978 0.0043
124 978 0.0017
125 978 0.0003
97 979 0.0108
115 979 0.0116
980 979 0.0478
115 980 0.0147
979 980 0.0478
981 980 0.0058
115 981 0.0063
116 981 0.0213
980 981 0.0058
22 982 0.0365
23 982 0.0345
424 982 0.0201
983 982 0.0284
22 983 0.2279
423 983 0.0276
982 983 0.0284
438 984 0.0363
465 984 0.0277
985 984 0.0165
488 985 0.0105
489 985 0.0178
522 985 0.0166
984 985 0.0165
