2 1 0.0128
3 1 0.0119
4 1 0.0111
6 1 0.0081
16 1 0.0097
20 1 0.0083
21 1 0.002
34 1 0.0102
37 1 0.0055
139 1 0.004
187 1 0.0031
191 1 0.0093
194 1 0.011
196 1 0.0113
199 1 0.0105
227 1 0.0036
228 1 0.0067
236 1 0.0033
637 1 0.0016
710 1 0.0141
805 1 0.0073
1 2 0.0128
23 2 0.01
34 2 0.013
39 2 0.0066
1 3 0.0119
41 3 0.0245
42 3 0.009
1 4 0.0111
11 4 0.0489
19 4 0.0457
720 4 0.0031
8 5 0.0051
20 5 0.0041
136 5 0.0101
1 6 0.0081
7 6 0.0035
8 6 0.0098
6 7 0.0035
138 7 0.1054
333 7 0.0158
801 7 0.0272
5 8 0.0051
6 8 0.0098
9 8 0.0033
8 9 0.0033
262 9 0.01
802 9 0.004
112 10 0.0021
269 10 0.0042
698 10 0.0016
4 11 0.0489
17 11 0.0121
18 11 0.0593
13 12 0.0138
14 12 0.0108
15 12 0.0925
16 12 0.0456
12 13 0.0138
14 13 0.0231
17 13 0.0138
18 13 0.0299
12 14 0.0108
13 14 0.0231
59 14 0.003
12 15 0.0925
61 15 0.0049
693 15 0.0195
1 16 0.0097
12 16 0.0456
19 16 0.0148
11 17 0.0121
13 17 0.0138
43 17 0.003
11 18 0.0593
13 18 0.0299
19 18 0.0747
4 19 0.0457
16 19 0.0148
18 19 0.0747
1 20 0.0083
5 20 0.0041
693 20 0.009
1 21 0.002
23 22 0.0883
24 22 0.014
34 22 0.0527
2 23 0.01
22 23 0.0883
24 23 0.0415
22 24 0.014
23 24 0.0415
25 24 0.0275
29 24 0.0199
24 25 0.0275
30 25 0.0134
31 25 0.0137
814 25 0.0183
27 26 0.0842
242 26 0.02
814 26 0.0328
26 27 0.0842
28 27 0.0773
106 27 0.0644
246 27 0.0068
27 28 0.0773
30 28 0.0576
31 28 0.0348
32 28 0.1527
24 29 0.0199
242 29 0.0058
814 29 0.0108
25 30 0.0134
28 30 0.0576
814 30 0.0263
25 31 0.0137
28 31 0.0348
32 31 0.0389
33 31 0.0107
253 31 0.0083
28 32 0.1527
31 32 0.0389
33 32 0.0416
101 32 0.0084
31 33 0.0107
32 33 0.0416
91 33 0.0296
1 34 0.0102
2 34 0.013
22 34 0.0527
720 35 0.0361
722 35 0.0447
723 35 0.0312
110 36 0.0025
124 36 0.0051
125 36 0.02
377 36 0.0269
721 36 0.0067
1 37 0.0055
38 37 0.044
41 37 0.037
37 38 0.044
39 38 0.0113
42 38 0.0261
2 39 0.0066
38 39 0.0113
40 39 0.0665
39 40 0.0665
3 41 0.0245
37 41 0.037
42 41 0.0167
3 42 0.009
38 42 0.0261
41 42 0.0167
49 42 0.0083
87 42 0.0132
17 43 0.003
44 43 0.0043
50 43 0.0064
59 43 0.0027
255 43 0.0021
43 44 0.0043
45 44 0.0059
46 44 0.0024
720 44 0.0053
44 45 0.0059
44 46 0.0024
48 47 0.0153
88 47 0.0095
89 47 0.0139
47 48 0.0153
49 48 0.013
88 48 0.0191
42 49 0.0083
48 49 0.013
87 49 0.0188
43 50 0.0064
51 50 0.0034
52 50 0.0021
53 50 0.0041
54 50 0.0054
719 50 0.0019
50 51 0.0034
52 51 0.0041
683 51 0.0077
723 51 0.0023
50 52 0.0021
51 52 0.0041
109 52 0.0045
50 53 0.0041
54 53 0.0044
56 53 0.0026
411 53 0.0032
50 54 0.0054
53 54 0.0044
719 54 0.0012
110 55 0.0015
694 55 0.0047
727 55 0.0047
53 56 0.0026
694 56 0.0136
724 56 0.0054
724 57 0.0156
420 58 0.0005
717 58 0.0067
719 58 0.0056
14 59 0.003
43 59 0.0027
60 59 0.0054
59 60 0.0054
15 61 0.0049
62 61 0.0057
274 61 0.0048
61 62 0.0057
271 62 0.0129
273 62 0.0089
274 62 0.0045
66 63 0.003
271 63 0.0094
693 63 0.0292
271 64 0.0374
272 64 0.0932
746 64 0.0025
71 65 0.0007
79 65 0.0112
256 65 0.0083
63 66 0.003
68 67 0.0056
69 67 0.0057
70 67 0.0015
277 67 0.005
413 67 0.0013
67 68 0.0056
67 69 0.0057
74 69 0.0039
419 69 0.0066
67 70 0.0015
65 71 0.0007
72 71 0.0022
439 71 0.0004
71 72 0.0022
79 72 0.0008
439 72 0.0011
76 73 0.0139
79 73 0.0103
419 73 0.016
69 74 0.0039
75 74 0.004
417 74 0.0053
419 74 0.0271
420 74 0.0015
74 75 0.004
73 76 0.0139
83 76 0.0265
418 76 0.012
439 76 0.0011
78 77 0.0068
417 77 0.0402
421 77 0.0038
77 78 0.0068
420 78 0.002
422 78 0.0055
423 78 0.006
65 79 0.0112
72 79 0.0008
73 79 0.0103
81 80 0.0029
83 80 0.0594
798 80 0.0119
80 81 0.0029
426 81 0.0103
797 81 0.0096
83 82 0.0022
421 82 0.0017
713 82 0.0029
76 83 0.0265
80 83 0.0594
82 83 0.0022
86 83 0.0049
85 84 0.0024
715 84 0.0061
799 84 0.0123
84 85 0.0024
442 85 0.0034
716 85 0.0062
83 86 0.0049
445 86 0.0046
799 86 0.0185
42 87 0.0132
49 87 0.0188
88 87 0.0236
47 88 0.0095
48 88 0.0191
87 88 0.0236
47 89 0.0139
90 89 0.0195
116 89 0.0035
89 90 0.0195
116 90 0.0111
349 90 0.0977
33 91 0.0296
92 91 0.049
100 91 0.022
344 91 0.006
345 91 0.0084
91 92 0.049
93 92 0.1023
345 92 0.0222
92 93 0.1023
94 93 0.0262
99 93 0.0066
120 93 0.0059
93 94 0.0262
98 94 0.0202
359 94 0.0228
96 95 0.0019
97 95 0.0077
123 95 0.0202
359 95 0.0925
95 96 0.0019
95 97 0.0077
98 97 0.039
388 97 0.0048
700 97 0.0044
734 97 0.025
94 98 0.0202
97 98 0.039
99 98 0.0523
732 98 0.0067
93 99 0.0066
98 99 0.0523
100 99 0.0395
91 100 0.022
99 100 0.0395
250 100 0.0062
32 101 0.0084
104 101 0.0207
343 101 0.0036
344 102 0.0112
346 102 0.0028
382 102 0.0091
104 103 0.0061
101 104 0.0207
103 104 0.0061
105 104 0.0241
104 105 0.0241
106 105 0.0182
107 105 0.001
27 106 0.0644
105 106 0.0182
107 106 0.0102
249 106 0.0026
105 107 0.001
106 107 0.0102
246 107 0.0104
348 108 0.0145
349 108 0.0139
722 108 0.0112
52 109 0.0045
36 110 0.0025
55 110 0.0015
721 110 0.0139
723 110 0.0374
378 111 0.0173
387 111 0.1167
721 111 0.0314
10 112 0.0021
113 112 0.0029
783 112 0.0007
112 113 0.0029
114 113 0.0014
115 113 0.0038
783 113 0.0044
113 114 0.0014
115 114 0.0032
460 114 0.0017
781 114 0.0016
113 115 0.0038
114 115 0.0032
470 115 0.0021
783 115 0.005
89 116 0.0035
90 116 0.0111
117 116 0.0319
346 116 0.0091
116 117 0.0319
118 117 0.0292
372 117 0.0084
376 117 0.0019
117 118 0.0292
366 118 0.0143
370 118 0.0038
121 119 0.0051
372 119 0.0243
379 119 0.0045
93 120 0.0059
345 120 0.0162
359 120 0.0036
360 120 0.0827
363 120 0.035
367 120 0.0391
119 121 0.0051
362 121 0.0516
366 121 0.011
368 121 0.0093
373 121 0.0077
374 122 0.0313
95 123 0.0202
360 123 0.0331
368 123 0.0006
700 123 0.0081
36 124 0.0051
125 124 0.0081
348 124 0.01
36 125 0.02
124 125 0.0081
723 125 0.0053
336 126 0.0058
684 126 0.0084
698 126 0.005
698 127 0.0046
464 128 0.0081
467 128 0.004
751 128 0.0077
769 128 0.0124
336 129 0.0067
459 129 0.0062
753 129 0.0067
760 129 0.0059
762 129 0.0053
754 130 0.0047
760 130 0.0062
761 130 0.01
753 131 0.006
757 131 0.0029
775 131 0.0066
762 132 0.0066
795 132 0.0182
796 132 0.0135
134 133 0.0081
685 133 0.0033
747 133 0.0021
133 134 0.0081
685 134 0.0053
760 134 0.0059
761 134 0.0036
451 135 0.0107
685 135 0.0067
740 135 0.0071
5 136 0.0101
259 136 0.1036
262 136 0.0396
139 137 0.0049
149 137 0.0039
154 137 0.0361
339 137 0.0179
7 138 0.1054
139 138 0.1076
141 138 0.0058
1 139 0.004
137 139 0.0049
138 139 0.1076
189 139 0.0044
483 139 0.0365
184 140 0.0165
185 140 0.0134
288 140 0.0103
289 140 0.0048
339 140 0.0042
483 140 0.0257
808 140 0.0059
138 141 0.0058
142 141 0.0076
182 141 0.0013
141 142 0.0076
180 142 0.0014
181 142 0.0084
144 143 0.0077
157 143 0.0019
165 143 0.0021
181 143 0.0593
143 144 0.0077
168 144 0.0014
172 144 0.0009
178 145 0.0067
179 145 0.0221
472 145 0.0
147 146 0.0042
148 146 0.0026
157 146 0.0095
146 147 0.0042
146 148 0.0026
137 149 0.0039
150 149 0.0346
339 149 0.0059
149 150 0.0346
151 150 0.0021
337 150 0.0054
809 150 0.0072
150 151 0.0021
152 151 0.0148
153 151 0.0068
151 152 0.0148
151 153 0.0068
159 153 0.0095
484 153 0.0012
137 154 0.0361
182 154 0.009
800 154 0.0117
800 155 0.0028
157 156 0.0053
143 157 0.0019
146 157 0.0095
156 157 0.0053
158 157 0.0046
157 158 0.0046
153 159 0.0095
160 159 0.0019
161 159 0.0065
159 160 0.0019
159 161 0.0065
162 161 0.0037
163 161 0.0052
161 162 0.0037
161 163 0.0052
499 164 0.0024
500 164 0.003
501 164 0.0038
809 164 0.0046
143 165 0.0021
166 165 0.011
167 165 0.0014
165 166 0.011
165 167 0.0014
144 168 0.0014
169 168 0.0037
331 168 0.0013
168 169 0.0037
170 169 0.0021
171 169 0.0076
169 170 0.0021
169 171 0.0076
144 172 0.0009
174 173 0.0011
173 174 0.0011
175 174 0.0064
477 174 0.0069
174 175 0.0064
481 175 0.0094
790 175 0.0005
177 176 0.0514
178 176 0.005
801 176 0.0031
176 177 0.0514
179 177 0.0045
180 177 0.011
145 178 0.0067
176 178 0.005
179 178 0.0112
145 179 0.0221
177 179 0.0045
178 179 0.0112
477 179 0.0014
142 180 0.0014
177 180 0.011
181 180 0.0096
142 181 0.0084
143 181 0.0593
180 181 0.0096
182 181 0.0057
141 182 0.0013
154 182 0.009
181 182 0.0057
800 182 0.0187
800 183 0.0023
140 184 0.0165
185 184 0.0195
288 184 0.011
140 185 0.0134
184 185 0.0195
492 185 0.0035
485 186 0.006
489 186 0.013
492 186 0.0174
493 186 0.002
1 187 0.0031
189 188 0.04
190 188 0.0227
295 188 0.0085
296 188 0.013
297 188 0.0044
298 188 0.0299
805 188 0.0075
139 189 0.0044
188 189 0.04
483 189 0.0086
188 190 0.0227
291 190 0.0044
292 190 0.02
1 191 0.0093
192 191 0.0255
196 191 0.0306
320 191 0.0131
191 192 0.0255
193 192 0.0333
307 192 0.0217
192 193 0.0333
307 193 0.047
705 193 0.0053
1 194 0.011
195 194 0.0182
804 194 0.0515
194 195 0.0182
301 195 0.0096
804 195 0.0478
1 196 0.0113
191 196 0.0306
197 196 0.0215
196 197 0.0215
308 197 0.0596
320 197 0.0124
199 198 0.0881
200 198 0.0295
340 198 0.003
1 199 0.0105
198 199 0.0881
200 199 0.0204
198 200 0.0295
199 200 0.0204
207 200 0.005
203 201 0.0223
340 201 0.0553
633 201 0.0032
711 201 0.0019
633 202 0.0047
201 203 0.0223
204 203 0.0089
208 203 0.0248
203 204 0.0089
208 204 0.0174
222 204 0.0354
206 205 0.0184
222 205 0.0141
605 205 0.0134
205 206 0.0184
608 206 0.0154
612 206 0.008
200 207 0.005
209 207 0.0252
697 207 0.0108
203 208 0.0248
204 208 0.0174
697 208 0.0074
207 209 0.0252
210 209 0.0181
211 209 0.0086
212 209 0.0107
576 209 0.0168
578 209 0.0038
697 209 0.0236
209 210 0.0181
209 211 0.0086
209 212 0.0107
575 212 0.0017
579 212 0.0007
214 213 0.0127
218 213 0.0027
578 213 0.0105
213 214 0.0127
217 215 0.0055
226 215 0.0009
341 215 0.0049
580 215 0.0009
217 216 0.0159
224 216 0.0233
576 216 0.0144
215 217 0.0055
216 217 0.0159
576 217 0.0196
213 218 0.0027
219 218 0.0103
570 218 0.0028
574 218 0.0024
218 219 0.0103
598 220 0.0091
603 220 0.0117
605 220 0.0098
222 221 0.0067
602 221 0.0188
697 221 0.02
204 222 0.0354
205 222 0.0141
221 222 0.0067
223 222 0.0179
604 222 0.0041
222 223 0.0179
620 223 0.0153
621 223 0.0044
216 224 0.0233
597 224 0.0019
598 224 0.0082
586 225 0.0018
589 225 0.0283
597 225 0.0213
215 226 0.0009
581 226 0.001
582 226 0.0014
584 226 0.0094
1 227 0.0036
1 228 0.0067
229 228 0.0016
232 228 0.0659
228 229 0.0016
230 229 0.0085
231 229 0.013
229 230 0.0085
229 231 0.013
228 232 0.0659
233 232 0.0027
235 232 0.0034
232 233 0.0027
234 233 0.0192
244 233 0.0017
522 233 0.0094
233 234 0.0192
235 234 0.0244
243 234 0.1166
232 235 0.0034
234 235 0.0244
236 235 0.0717
1 236 0.0033
235 236 0.0717
243 236 0.019
238 237 0.001
241 237 0.0103
522 237 0.0178
237 238 0.001
554 238 0.0001
562 238 0.0032
240 239 0.0043
513 239 0.0025
538 239 0.0324
542 239 0.0018
239 240 0.0043
513 240 0.0043
538 240 0.0022
237 241 0.0103
516 241 0.0048
517 241 0.0026
518 241 0.0138
26 242 0.02
29 242 0.0058
243 242 0.0354
503 242 0.0081
234 243 0.1166
236 243 0.019
242 243 0.0354
502 243 0.0324
233 244 0.0017
503 245 0.0045
507 245 0.0033
508 245 0.0147
27 246 0.0068
107 246 0.0104
247 246 0.0121
351 246 0.0036
511 246 0.0049
246 247 0.0121
351 247 0.006
352 247 0.0108
353 247 0.0078
389 248 0.0006
390 248 0.0006
511 248 0.0061
106 249 0.0026
100 250 0.0062
252 250 0.0029
732 250 0.0135
252 251 0.0025
357 251 0.0008
700 251 0.0131
733 251 0.0053
734 251 0.0127
250 252 0.0029
251 252 0.0025
732 252 0.0088
733 252 0.043
31 253 0.0083
254 253 0.0133
343 253 0.0083
253 254 0.0133
43 255 0.0021
415 255 0.0055
416 255 0.0065
65 256 0.0083
257 256 0.0027
272 256 0.0446
256 257 0.0027
698 258 0.0031
748 258 0.0064
752 258 0.0059
136 259 0.1036
260 259 0.0161
268 259 0.0194
259 260 0.0161
265 261 0.0033
266 261 0.0054
268 261 0.0146
9 262 0.01
136 262 0.0396
264 262 0.0101
802 262 0.031
803 263 0.019
262 264 0.0101
261 265 0.0033
261 266 0.0054
268 267 0.0015
279 267 0.0024
698 267 0.0044
259 268 0.0194
261 268 0.0146
267 268 0.0015
270 268 0.0031
10 269 0.0042
281 269 0.0043
803 269 0.0218
268 270 0.0031
62 271 0.0129
63 271 0.0094
64 271 0.0374
278 271 0.002
64 272 0.0932
256 272 0.0446
273 272 0.0144
62 273 0.0089
272 273 0.0144
275 273 0.0147
61 274 0.0048
62 274 0.0045
276 274 0.1012
273 275 0.0147
276 275 0.0679
277 275 0.0143
274 276 0.1012
275 276 0.0679
277 276 0.0161
67 277 0.005
275 277 0.0143
276 277 0.0161
271 278 0.002
279 278 0.0126
746 278 0.0095
267 279 0.0024
278 279 0.0126
280 279 0.0292
746 279 0.0192
279 280 0.0292
684 280 0.0179
747 280 0.0625
269 281 0.0043
283 282 0.0014
284 282 0.0026
334 282 0.0099
282 283 0.0014
282 284 0.0026
286 285 0.0055
287 285 0.0026
808 285 0.01
285 286 0.0055
285 287 0.0026
140 288 0.0103
184 288 0.011
808 288 0.0052
140 289 0.0048
290 289 0.0081
807 289 0.0058
289 290 0.0081
190 291 0.0044
190 292 0.02
293 292 0.0104
294 292 0.01
292 293 0.0104
292 294 0.01
188 295 0.0085
188 296 0.013
188 297 0.0044
312 297 0.0114
807 297 0.013
188 298 0.0299
299 298 0.0215
300 298 0.0317
298 299 0.0215
298 300 0.0317
195 301 0.0096
310 301 0.0088
311 301 0.0077
312 301 0.0025
321 301 0.0021
806 301 0.0179
313 302 0.003
671 303 0.0357
679 303 0.078
812 303 0.0053
307 304 0.0525
640 304 0.014
702 304 0.0033
322 305 0.0078
680 305 0.0044
681 305 0.0036
315 306 0.0084
192 307 0.0217
193 307 0.047
304 307 0.0525
197 308 0.0596
309 308 0.0222
806 308 0.0216
308 309 0.0222
317 309 0.0335
320 309 0.0387
327 309 0.0261
301 310 0.0088
301 311 0.0077
297 312 0.0114
301 312 0.0025
313 312 0.0133
302 313 0.003
312 313 0.0133
807 313 0.0108
808 313 0.0014
315 314 0.0097
322 314 0.009
325 314 0.0181
806 314 0.0169
306 315 0.0084
314 315 0.0097
324 315 0.0141
320 316 0.0094
647 316 0.0357
648 316 0.0156
309 317 0.0335
318 317 0.0371
326 317 0.0078
327 317 0.0511
317 318 0.0371
319 318 0.0083
653 318 0.005
318 319 0.0083
326 319 0.0104
679 319 0.0282
191 320 0.0131
197 320 0.0124
309 320 0.0387
316 320 0.0094
301 321 0.0021
305 322 0.0078
314 322 0.009
324 322 0.0206
324 323 0.0238
315 324 0.0141
322 324 0.0206
323 324 0.0238
314 325 0.0181
328 325 0.0251
329 325 0.0434
330 325 0.0179
317 326 0.0078
319 326 0.0104
329 326 0.0481
309 327 0.0261
317 327 0.0511
328 327 0.011
806 327 0.0465
325 328 0.0251
327 328 0.011
329 328 0.026
325 329 0.0434
326 329 0.0481
328 329 0.026
325 330 0.0179
168 331 0.0013
343 332 0.0156
344 332 0.0121
346 332 0.0353
7 333 0.0158
334 333 0.0022
335 333 0.0064
801 333 0.0328
282 334 0.0099
333 334 0.0022
335 334 0.0123
333 335 0.0064
334 335 0.0123
801 335 0.0138
126 336 0.0058
129 336 0.0067
748 336 0.0157
150 337 0.0054
338 337 0.0026
339 337 0.0023
809 337 0.0071
337 338 0.0026
137 339 0.0179
140 339 0.0042
149 339 0.0059
337 339 0.0023
198 340 0.003
201 340 0.0553
697 340 0.0145
215 341 0.0049
387 342 0.0327
405 342 0.0071
726 342 0.0101
729 342 0.0038
101 343 0.0036
253 343 0.0083
332 343 0.0156
344 343 0.0209
91 344 0.006
102 344 0.0112
332 344 0.0121
343 344 0.0209
345 344 0.0047
91 345 0.0084
92 345 0.0222
120 345 0.0162
344 345 0.0047
102 346 0.0028
116 346 0.0091
332 346 0.0353
347 346 0.0113
382 346 0.0048
346 347 0.0113
348 347 0.0318
371 347 0.0144
108 348 0.0145
124 348 0.01
347 348 0.0318
349 348 0.0164
90 349 0.0977
108 349 0.0139
348 349 0.0164
720 349 0.0031
385 350 0.0826
405 350 0.0169
700 350 0.0142
246 351 0.0036
247 351 0.006
352 351 0.0047
247 352 0.0108
351 352 0.0047
353 352 0.0175
355 352 0.0006
247 353 0.0078
352 353 0.0175
394 353 0.0016
389 354 0.0069
397 354 0.0109
813 354 0.0005
352 355 0.0006
356 355 0.0124
391 355 0.0062
393 355 0.0014
355 356 0.0124
357 356 0.0072
391 356 0.0219
251 357 0.0008
356 357 0.0072
358 357 0.0018
357 358 0.0018
94 359 0.0228
95 359 0.0925
120 359 0.0036
120 360 0.0827
123 360 0.0331
361 360 0.0218
360 361 0.0218
362 361 0.0329
368 361 0.0138
121 362 0.0516
361 362 0.0329
363 362 0.0436
120 363 0.035
362 363 0.0436
364 363 0.0348
363 364 0.0348
365 364 0.0313
367 364 0.0041
364 365 0.0313
366 365 0.1087
370 365 0.0114
118 366 0.0143
121 366 0.011
365 366 0.1087
372 366 0.0121
120 367 0.0391
364 367 0.0041
369 367 0.0407
121 368 0.0093
123 368 0.0006
361 368 0.0138
381 368 0.0049
367 369 0.0407
370 369 0.0024
382 369 0.0029
383 369 0.0019
118 370 0.0038
365 370 0.0114
369 370 0.0024
383 370 0.0058
347 371 0.0144
382 371 0.0147
383 371 0.0308
117 372 0.0084
119 372 0.0243
366 372 0.0121
373 372 0.0062
121 373 0.0077
372 373 0.0062
379 373 0.0363
380 373 0.0045
122 374 0.0313
375 374 0.0291
376 374 0.0127
379 374 0.0105
374 375 0.0291
378 375 0.0224
384 375 0.07
117 376 0.0019
374 376 0.0127
377 376 0.0472
36 377 0.0269
376 377 0.0472
378 377 0.0229
111 378 0.0173
375 378 0.0224
377 378 0.0229
119 379 0.0045
373 379 0.0363
374 379 0.0105
380 379 0.0081
373 380 0.0045
379 380 0.0081
381 380 0.0126
368 381 0.0049
380 381 0.0126
700 381 0.0057
102 382 0.0091
346 382 0.0048
369 382 0.0029
371 382 0.0147
383 382 0.0566
369 383 0.0019
370 383 0.0058
371 383 0.0308
382 383 0.0566
375 384 0.07
385 384 0.0845
386 384 0.0262
350 385 0.0826
384 385 0.0845
386 385 0.0268
384 386 0.0262
385 386 0.0268
387 386 0.1645
111 387 0.1167
342 387 0.0327
386 387 0.1645
97 388 0.0048
248 389 0.0006
354 389 0.0069
390 389 0.0051
248 390 0.0006
389 390 0.0051
394 390 0.0207
395 390 0.0179
355 391 0.0062
356 391 0.0219
392 391 0.004
391 392 0.004
355 393 0.0014
353 394 0.0016
390 394 0.0207
395 394 0.0139
390 395 0.0179
394 395 0.0139
396 395 0.0027
397 395 0.0151
395 396 0.0027
354 397 0.0109
395 397 0.0151
398 397 0.0007
397 398 0.0007
529 398 0.0023
692 398 0.0005
813 398 0.0006
813 399 0.0006
726 400 0.0092
729 400 0.0086
730 400 0.0018
731 400 0.0043
728 401 0.0055
727 402 0.0059
727 403 0.0091
728 404 0.0046
342 405 0.0071
350 405 0.0169
700 405 0.0164
729 405 0.0014
407 406 0.0042
408 406 0.0035
412 406 0.0109
406 407 0.0042
408 407 0.008
717 407 0.0104
406 408 0.0035
407 408 0.008
409 408 0.0017
410 408 0.0016
408 409 0.0017
408 410 0.0016
53 411 0.0032
412 411 0.0046
719 411 0.0048
406 412 0.0109
411 412 0.0046
724 412 0.0081
67 413 0.0013
414 413 0.0032
423 413 0.0009
717 413 0.0104
413 414 0.0032
255 415 0.0055
255 416 0.0065
74 417 0.0053
77 417 0.0402
418 417 0.0252
76 418 0.012
417 418 0.0252
419 418 0.013
69 419 0.0066
73 419 0.016
74 419 0.0271
418 419 0.013
58 420 0.0005
74 420 0.0015
78 420 0.002
77 421 0.0038
82 421 0.0017
736 421 0.0014
737 421 0.0041
78 422 0.0055
425 422 0.0089
434 422 0.0018
78 423 0.006
413 423 0.0009
424 423 0.0059
423 424 0.0059
430 424 0.0054
735 424 0.0067
422 425 0.0089
433 425 0.0024
735 425 0.0043
81 426 0.0103
713 426 0.0962
714 426 0.0085
715 426 0.008
428 427 0.0028
440 427 0.0029
441 427 0.0034
713 427 0.0089
427 428 0.0028
717 429 0.0009
424 430 0.0054
735 431 0.0086
735 432 0.0046
425 433 0.0024
422 434 0.0018
435 434 0.002
436 434 0.0017
434 435 0.002
434 436 0.0017
736 437 0.0003
442 438 0.0016
713 438 0.0225
714 438 0.0265
71 439 0.0004
72 439 0.0011
76 439 0.0011
427 440 0.0029
427 441 0.0034
85 442 0.0034
438 442 0.0016
443 442 0.0042
450 442 0.0015
716 442 0.0086
442 443 0.0042
716 444 0.0008
86 445 0.0046
446 445 0.0034
448 445 0.0415
445 446 0.0034
738 446 0.0034
739 446 0.003
738 447 0.0106
445 448 0.0415
449 448 0.0017
716 448 0.0406
448 449 0.0017
442 450 0.0015
135 451 0.0107
453 451 0.0035
454 451 0.0069
455 451 0.0019
740 451 0.0164
740 452 0.0054
451 453 0.0035
686 453 0.0087
741 453 0.0078
451 454 0.0069
456 454 0.0011
773 454 0.0045
451 455 0.0019
454 456 0.0011
758 457 0.0058
686 458 0.0018
129 459 0.0062
750 459 0.0031
763 459 0.005
114 460 0.0017
752 460 0.0085
780 460 0.0131
470 461 0.0015
781 461 0.0077
794 461 0.0062
785 462 0.0021
689 463 0.0036
690 463 0.0039
768 463 0.0014
128 464 0.0081
465 464 0.0045
769 464 0.0124
779 464 0.019
464 465 0.0045
467 465 0.0047
788 465 0.0083
779 466 0.0006
792 466 0.005
793 466 0.0011
128 467 0.004
465 467 0.0047
782 467 0.0021
787 467 0.0053
788 468 0.0017
777 469 0.0021
115 470 0.0021
461 470 0.0015
471 470 0.0019
470 471 0.0019
472 471 0.0016
783 471 0.0014
145 472 0.0
471 472 0.0016
473 472 0.0014
472 473 0.0014
474 473 0.011
475 473 0.0158
473 474 0.011
784 474 0.0095
785 474 0.0027
473 475 0.0158
480 475 0.0022
482 475 0.0011
786 475 0.002
784 476 0.006
174 477 0.0069
179 477 0.0014
479 477 0.0011
481 478 0.0012
477 479 0.0011
480 479 0.0011
481 479 0.0114
475 480 0.0022
479 480 0.0011
791 480 0.0107
175 481 0.0094
478 481 0.0012
479 481 0.0114
790 481 0.0026
475 482 0.0011
789 482 0.0089
791 482 0.0037
139 483 0.0365
140 483 0.0257
189 483 0.0086
153 484 0.0012
186 485 0.006
486 485 0.011
701 485 0.0074
485 486 0.011
488 486 0.0068
701 486 0.0101
701 487 0.0023
486 488 0.0068
186 489 0.013
490 489 0.0045
496 489 0.0014
489 490 0.0045
494 490 0.0036
495 490 0.0059
492 491 0.0007
185 492 0.0035
186 492 0.0174
491 492 0.0007
186 493 0.002
490 494 0.0036
490 495 0.0059
489 496 0.0014
497 496 0.0015
498 496 0.0039
496 497 0.0015
496 498 0.0039
164 499 0.0024
164 500 0.003
164 501 0.0038
243 502 0.0324
503 502 0.022
504 502 0.0099
242 503 0.0081
245 503 0.0045
502 503 0.022
502 504 0.0099
505 504 0.0194
506 504 0.0129
504 505 0.0194
504 506 0.0129
245 507 0.0033
245 508 0.0147
509 508 0.0112
511 508 0.0027
508 509 0.0112
510 509 0.0059
512 509 0.0014
520 509 0.0013
509 510 0.0059
246 511 0.0049
248 511 0.0061
508 511 0.0027
509 512 0.0014
519 512 0.0086
523 512 0.006
524 512 0.0114
239 513 0.0025
240 513 0.0043
514 513 0.0014
513 514 0.0014
515 514 0.0062
517 514 0.0039
518 514 0.0281
514 515 0.0062
516 515 0.0109
537 515 0.0016
241 516 0.0048
515 516 0.0109
517 516 0.0279
519 516 0.0055
523 516 0.02
241 517 0.0026
514 517 0.0039
516 517 0.0279
518 517 0.014
241 518 0.0138
514 518 0.0281
517 518 0.014
512 519 0.0086
516 519 0.0055
520 519 0.0064
521 519 0.0026
509 520 0.0013
519 520 0.0064
521 520 0.0064
519 521 0.0026
520 521 0.0064
522 521 0.0067
233 522 0.0094
237 522 0.0178
521 522 0.0067
512 523 0.006
516 523 0.02
524 523 0.0258
512 524 0.0114
523 524 0.0258
525 524 0.0106
524 525 0.0106
526 525 0.0013
531 525 0.0013
534 525 0.002
525 526 0.0013
527 526 0.0018
528 526 0.0055
526 527 0.0018
526 528 0.0055
530 528 0.0014
813 528 0.0012
398 529 0.0023
528 530 0.0014
525 531 0.0013
532 531 0.0023
533 531 0.0005
531 532 0.0023
531 533 0.0005
525 534 0.002
535 534 0.0016
536 534 0.0043
534 535 0.0016
534 536 0.0043
515 537 0.0016
239 538 0.0324
240 538 0.0022
539 538 0.0008
538 539 0.0008
540 539 0.0006
541 539 0.0011
539 540 0.0006
539 541 0.0011
239 542 0.0018
543 542 0.0003
549 542 0.0064
542 543 0.0003
544 543 0.0031
545 543 0.0016
543 544 0.0031
543 545 0.0016
546 545 0.0025
547 545 0.0009
548 545 0.0033
545 546 0.0025
545 547 0.0009
545 548 0.0033
542 549 0.0064
550 549 0.0006
551 549 0.0078
549 550 0.0006
549 551 0.0078
552 551 0.001
553 551 0.0026
551 552 0.001
551 553 0.0026
238 554 0.0001
555 554 0.002
561 554 0.0007
554 555 0.002
556 555 0.0016
560 555 0.0031
555 556 0.0016
557 556 0.0032
560 556 0.0028
556 557 0.0032
558 557 0.0017
559 557 0.0029
557 558 0.0017
557 559 0.0029
555 560 0.0031
556 560 0.0028
574 560 0.0008
554 561 0.0007
238 562 0.0032
563 562 0.0014
564 562 0.0304
562 563 0.0014
562 564 0.0304
565 564 0.0039
566 564 0.0033
564 565 0.0039
564 566 0.0033
568 567 0.0011
569 567 0.0018
571 567 0.0006
567 568 0.0011
567 569 0.0018
218 570 0.0028
571 570 0.0023
573 570 0.0021
567 571 0.0006
570 571 0.0023
572 571 0.0017
571 572 0.0017
570 573 0.0021
218 574 0.0024
560 574 0.0008
575 574 0.0053
212 575 0.0017
574 575 0.0053
578 575 0.0024
209 576 0.0168
216 576 0.0144
217 576 0.0196
577 576 0.0054
576 577 0.0054
209 578 0.0038
213 578 0.0105
575 578 0.0024
212 579 0.0007
215 580 0.0009
226 581 0.001
226 582 0.0014
588 583 0.0074
226 584 0.0094
585 584 0.0023
588 584 0.0191
584 585 0.0023
225 586 0.0018
587 586 0.0026
588 586 0.0029
586 587 0.0026
583 588 0.0074
584 588 0.0191
586 588 0.0029
225 589 0.0283
590 589 0.0019
591 589 0.0075
589 590 0.0019
589 591 0.0075
593 592 0.0178
596 592 0.0022
597 592 0.0094
592 593 0.0178
594 593 0.0048
595 593 0.0062
593 594 0.0048
593 595 0.0062
592 596 0.0022
224 597 0.0019
225 597 0.0213
592 597 0.0094
220 598 0.0091
224 598 0.0082
599 598 0.0053
602 598 0.0035
598 599 0.0053
601 599 0.0055
712 599 0.0054
712 600 0.0101
599 601 0.0055
221 602 0.0188
598 602 0.0035
603 602 0.0027
220 603 0.0117
602 603 0.0027
604 603 0.0088
222 604 0.0041
603 604 0.0088
605 604 0.0076
205 605 0.0134
220 605 0.0098
604 605 0.0076
606 605 0.0055
605 606 0.0055
712 607 0.002
206 608 0.0154
609 608 0.0096
712 608 0.0054
608 609 0.0096
610 609 0.0029
611 609 0.0101
609 610 0.0029
609 611 0.0101
206 612 0.008
613 612 0.0123
618 612 0.0062
612 613 0.0123
614 613 0.006
617 613 0.0047
613 614 0.006
615 614 0.0082
616 614 0.0029
614 615 0.0082
614 616 0.0029
613 617 0.0047
612 618 0.0062
711 619 0.0018
223 620 0.0153
622 620 0.0063
711 620 0.0079
223 621 0.0044
620 622 0.0063
623 622 0.0016
624 622 0.0143
622 623 0.0016
622 624 0.0143
625 624 0.0051
626 624 0.0041
627 624 0.0056
628 624 0.0126
624 625 0.0051
624 626 0.0041
624 627 0.0056
624 628 0.0126
630 629 0.0051
631 629 0.0015
632 629 0.006
711 629 0.0117
629 630 0.0051
629 631 0.0015
629 632 0.006
201 633 0.0032
202 633 0.0047
634 633 0.0076
633 634 0.0076
635 634 0.0053
636 634 0.006
634 635 0.0053
634 636 0.006
1 637 0.0016
638 637 0.0024
639 637 0.0072
637 638 0.0024
637 639 0.0072
304 640 0.014
641 640 0.0156
642 640 0.0046
640 641 0.0156
643 641 0.0054
664 641 0.0109
640 642 0.0046
659 642 0.0082
664 642 0.0036
641 643 0.0054
644 643 0.0036
645 643 0.0102
643 644 0.0036
643 645 0.0102
659 646 0.014
669 646 0.0151
670 646 0.0047
316 647 0.0357
648 647 0.0387
650 647 0.0149
316 648 0.0156
647 648 0.0387
649 648 0.0108
648 649 0.0108
650 649 0.0272
655 649 0.0472
647 650 0.0149
649 650 0.0272
651 650 0.0089
650 651 0.0089
652 651 0.0104
811 651 0.0038
651 652 0.0104
318 653 0.005
810 653 0.0199
811 653 0.0156
695 654 0.0025
649 655 0.0472
656 655 0.0166
657 655 0.0073
658 655 0.0106
660 655 0.0109
810 655 0.0223
655 656 0.0166
655 657 0.0073
655 658 0.0106
642 659 0.0082
646 659 0.014
695 659 0.0121
655 660 0.0109
661 660 0.0219
810 660 0.0254
660 661 0.0219
662 661 0.0039
663 661 0.0025
661 662 0.0039
661 663 0.0025
641 664 0.0109
642 664 0.0036
665 664 0.0066
668 664 0.0018
664 665 0.0066
666 665 0.0057
667 665 0.004
665 666 0.0057
665 667 0.004
664 668 0.0018
646 669 0.0151
646 670 0.0047
303 671 0.0357
672 671 0.0305
677 671 0.0058
812 671 0.0501
671 672 0.0305
673 672 0.0676
676 672 0.0023
672 673 0.0676
674 673 0.0059
675 673 0.0061
673 674 0.0059
673 675 0.0061
672 676 0.0023
671 677 0.0058
812 678 0.0103
303 679 0.078
319 679 0.0282
680 679 0.0043
305 680 0.0044
679 680 0.0043
681 680 0.0162
812 680 0.0215
305 681 0.0036
680 681 0.0162
682 681 0.0066
812 681 0.006
681 682 0.0066
51 683 0.0077
694 683 0.003
723 683 0.0064
126 684 0.0084
280 684 0.0179
747 684 0.0151
133 685 0.0033
134 685 0.0053
135 685 0.0067
453 686 0.0087
458 686 0.0018
687 686 0.0048
741 686 0.047
686 687 0.0048
742 687 0.0008
743 687 0.0016
741 688 0.0032
463 689 0.0036
463 690 0.0039
691 690 0.0075
779 690 0.001
690 691 0.0075
398 692 0.0005
15 693 0.0195
20 693 0.009
63 693 0.0292
55 694 0.0047
56 694 0.0136
683 694 0.003
724 694 0.0136
654 695 0.0025
659 695 0.0121
810 695 0.0115
811 695 0.0139
701 696 0.0015
207 697 0.0108
208 697 0.0074
209 697 0.0236
221 697 0.02
340 697 0.0145
10 698 0.0016
126 698 0.005
127 698 0.0046
258 698 0.0031
267 698 0.0044
700 699 0.0188
97 700 0.0044
123 700 0.0081
251 700 0.0131
350 700 0.0142
381 700 0.0057
405 700 0.0164
699 700 0.0188
734 700 0.0225
485 701 0.0074
486 701 0.0101
487 701 0.0023
696 701 0.0015
304 702 0.0033
703 702 0.0039
704 702 0.0026
702 703 0.0039
702 704 0.0026
193 705 0.0053
706 705 0.0088
707 705 0.0046
708 705 0.0035
709 705 0.006
705 706 0.0088
705 707 0.0046
705 708 0.0035
705 709 0.006
1 710 0.0141
201 711 0.0019
619 711 0.0018
620 711 0.0079
629 711 0.0117
599 712 0.0054
600 712 0.0101
607 712 0.002
608 712 0.0054
82 713 0.0029
426 713 0.0962
427 713 0.0089
438 713 0.0225
736 713 0.0011
426 714 0.0085
438 714 0.0265
715 714 0.0048
84 715 0.0061
426 715 0.008
714 715 0.0048
797 715 0.0035
85 716 0.0062
442 716 0.0086
444 716 0.0008
448 716 0.0406
58 717 0.0067
407 717 0.0104
413 717 0.0104
429 717 0.0009
718 717 0.0105
717 718 0.0105
50 719 0.0019
54 719 0.0012
58 719 0.0056
411 719 0.0048
4 720 0.0031
35 720 0.0361
44 720 0.0053
349 720 0.0031
36 721 0.0067
110 721 0.0139
111 721 0.0314
725 721 0.0096
35 722 0.0447
108 722 0.0112
723 722 0.0554
35 723 0.0312
51 723 0.0023
110 723 0.0374
125 723 0.0053
683 723 0.0064
722 723 0.0554
56 724 0.0054
57 724 0.0156
412 724 0.0081
694 724 0.0136
721 725 0.0096
726 725 0.0157
727 725 0.0231
728 725 0.0127
342 726 0.0101
400 726 0.0092
725 726 0.0157
728 726 0.0129
55 727 0.0047
402 727 0.0059
403 727 0.0091
725 727 0.0231
401 728 0.0055
404 728 0.0046
725 728 0.0127
726 728 0.0129
342 729 0.0038
400 729 0.0086
405 729 0.0014
400 730 0.0018
400 731 0.0043
98 732 0.0067
250 732 0.0135
252 732 0.0088
733 732 0.0059
251 733 0.0053
252 733 0.043
732 733 0.0059
97 734 0.025
251 734 0.0127
700 734 0.0225
424 735 0.0067
425 735 0.0043
431 735 0.0086
432 735 0.0046
421 736 0.0014
437 736 0.0003
713 736 0.0011
421 737 0.0041
446 738 0.0034
447 738 0.0106
739 738 0.0355
740 738 0.0062
446 739 0.003
738 739 0.0355
744 739 0.0013
745 739 0.0004
135 740 0.0071
451 740 0.0164
452 740 0.0054
738 740 0.0062
453 741 0.0078
686 741 0.047
688 741 0.0032
687 742 0.0008
687 743 0.0016
739 744 0.0013
739 745 0.0004
64 746 0.0025
278 746 0.0095
279 746 0.0192
747 746 0.0048
133 747 0.0021
280 747 0.0625
684 747 0.0151
746 747 0.0048
258 748 0.0064
336 748 0.0157
749 748 0.0045
748 749 0.0045
750 749 0.0143
752 749 0.0253
459 750 0.0031
749 750 0.0143
751 750 0.0072
128 751 0.0077
750 751 0.0072
764 751 0.0077
258 752 0.0059
460 752 0.0085
749 752 0.0253
129 753 0.0067
131 753 0.006
754 753 0.0061
130 754 0.0047
753 754 0.0061
755 754 0.0122
754 755 0.0122
756 755 0.0065
773 755 0.0104
755 756 0.0065
758 756 0.0047
772 756 0.0053
773 756 0.0202
131 757 0.0029
758 757 0.0105
759 757 0.0064
457 758 0.0058
756 758 0.0047
757 758 0.0105
770 758 0.0014
771 758 0.0022
757 759 0.0064
129 760 0.0059
130 760 0.0062
134 760 0.0059
761 760 0.0026
130 761 0.01
134 761 0.0036
760 761 0.0026
129 762 0.0053
132 762 0.0066
763 762 0.0005
459 763 0.005
762 763 0.0005
764 763 0.0273
766 763 0.011
751 764 0.0077
763 764 0.0273
765 764 0.0016
764 765 0.0016
766 765 0.0222
767 765 0.0047
763 766 0.011
765 766 0.0222
767 766 0.0044
765 767 0.0047
766 767 0.0044
768 767 0.0093
463 768 0.0014
767 768 0.0093
769 768 0.0086
778 768 0.0055
128 769 0.0124
464 769 0.0124
768 769 0.0086
758 770 0.0014
758 771 0.0022
756 772 0.0053
454 773 0.0045
755 773 0.0104
756 773 0.0202
774 773 0.0065
773 774 0.0065
131 775 0.0066
776 775 0.0047
795 775 0.0097
775 776 0.0047
777 776 0.004
778 776 0.0118
469 777 0.0021
776 777 0.004
778 777 0.0225
768 778 0.0055
776 778 0.0118
777 778 0.0225
795 778 0.0064
464 779 0.019
466 779 0.0006
690 779 0.001
460 780 0.0131
781 780 0.0032
782 780 0.004
114 781 0.0016
461 781 0.0077
780 781 0.0032
782 781 0.0066
467 782 0.0021
780 782 0.004
781 782 0.0066
784 782 0.0016
112 783 0.0007
113 783 0.0044
115 783 0.005
471 783 0.0014
474 784 0.0095
476 784 0.006
782 784 0.0016
462 785 0.0021
474 785 0.0027
786 785 0.0063
475 786 0.002
785 786 0.0063
787 786 0.0051
467 787 0.0053
786 787 0.0051
789 787 0.0105
465 788 0.0083
468 788 0.0017
789 788 0.0021
482 789 0.0089
787 789 0.0105
788 789 0.0021
175 790 0.0005
481 790 0.0026
791 790 0.0016
480 791 0.0107
482 791 0.0037
790 791 0.0016
466 792 0.005
466 793 0.0011
461 794 0.0062
132 795 0.0182
775 795 0.0097
778 795 0.0064
132 796 0.0135
81 797 0.0096
715 797 0.0035
798 797 0.0019
80 798 0.0119
797 798 0.0019
799 798 0.0087
84 799 0.0123
86 799 0.0185
798 799 0.0087
154 800 0.0117
155 800 0.0028
182 800 0.0187
183 800 0.0023
7 801 0.0272
176 801 0.0031
333 801 0.0328
335 801 0.0138
9 802 0.004
262 802 0.031
803 802 0.0156
263 803 0.019
269 803 0.0218
802 803 0.0156
194 804 0.0515
195 804 0.0478
805 804 0.0689
1 805 0.0073
188 805 0.0075
804 805 0.0689
301 806 0.0179
308 806 0.0216
314 806 0.0169
327 806 0.0465
289 807 0.0058
297 807 0.013
313 807 0.0108
140 808 0.0059
285 808 0.01
288 808 0.0052
313 808 0.0014
150 809 0.0072
164 809 0.0046
337 809 0.0071
653 810 0.0199
655 810 0.0223
660 810 0.0254
695 810 0.0115
651 811 0.0038
653 811 0.0156
695 811 0.0139
303 812 0.0053
671 812 0.0501
678 812 0.0103
680 812 0.0215
681 812 0.006
354 813 0.0005
398 813 0.0006
399 813 0.0006
528 813 0.0012
25 814 0.0183
26 814 0.0328
29 814 0.0108
30 814 0.0263
