2 1 0.0112
3 1 0.0114
4 1 0.0145
5 1 0.0116
6 1 0.0147
7 1 0.0143
8 1 0.012
9 1 0.0137
10 1 0.0127
11 1 0.0121
12 1 0.0157
13 1 0.0068
15 1 0.0052
19 1 0.0069
21 1 0.0072
29 1 0.0073
36 1 0.006
47 1 0.0089
49 1 0.0045
54 1 0.0094
58 1 0.0071
68 1 0.0049
86 1 0.0059
87 1 0.0078
438 1 0.0015
452 1 0.0026
1 2 0.0112
39 2 0.0331
43 2 0.0166
1 3 0.0114
46 3 0.0126
148 3 0.0025
1 4 0.0145
22 4 0.006
28 4 0.0042
1 5 0.0116
84 5 0.0027
285 5 0.0018
1 6 0.0147
85 6 0.004
88 6 0.0056
287 6 0.0021
1 7 0.0143
80 7 0.0291
83 7 0.0129
1 8 0.012
71 8 0.0579
79 8 0.007
81 8 0.0084
469 8 0.0055
1 9 0.0137
69 9 0.02
70 9 0.0109
1 10 0.0127
60 10 0.0223
67 10 0.0075
1 11 0.0121
56 11 0.0061
428 11 0.005
1 12 0.0157
50 12 0.0224
53 12 0.0226
1 13 0.0068
14 13 0.0044
94 13 0.0018
13 14 0.0044
94 14 0.0487
96 14 0.0067
468 14 0.0066
1 15 0.0052
16 15 0.0072
17 15 0.0249
15 16 0.0072
249 16 0.0276
253 16 0.0045
15 17 0.0249
18 17 0.0076
249 17 0.0162
17 18 0.0076
234 18 0.0046
240 18 0.0058
1 19 0.0069
20 19 0.0035
22 19 0.0056
230 19 0.0027
19 20 0.0035
230 20 0.0108
231 20 0.0022
1 21 0.0072
4 22 0.006
19 22 0.0056
23 22 0.0209
22 23 0.0209
24 23 0.0548
27 23 0.0065
23 24 0.0548
25 24 0.0044
26 24 0.0067
24 25 0.0044
208 25 0.0153
217 25 0.0027
220 25 0.0042
24 26 0.0067
23 27 0.0065
207 27 0.0645
208 27 0.0442
4 28 0.0042
38 28 0.0035
207 28 0.0342
1 29 0.0073
30 29 0.0086
31 29 0.0129
29 30 0.0086
29 31 0.0129
32 31 0.0104
33 31 0.0479
31 32 0.0104
31 33 0.0479
34 33 0.0116
35 33 0.017
33 34 0.0116
33 35 0.017
1 36 0.006
37 36 0.0053
38 36 0.0077
36 37 0.0053
105 37 0.0024
106 37 0.0176
28 38 0.0035
36 38 0.0077
106 38 0.029
183 38 0.0156
2 39 0.0331
40 39 0.0015
41 39 0.0052
39 40 0.0015
39 41 0.0052
42 41 0.006
43 41 0.0213
41 42 0.006
97 42 0.0037
98 42 0.0059
2 43 0.0166
41 43 0.0213
44 43 0.0477
127 43 0.0029
43 44 0.0477
45 44 0.0015
148 44 0.0017
44 45 0.0015
3 46 0.0126
1 47 0.0089
48 47 0.0034
93 47 0.004
47 48 0.0034
91 48 0.0089
92 48 0.0072
1 49 0.0045
89 49 0.0044
90 49 0.0036
12 50 0.0224
51 50 0.0131
52 50 0.0259
50 51 0.0131
50 52 0.0259
12 53 0.0226
1 54 0.0094
55 54 0.0146
436 54 0.0049
54 55 0.0146
11 56 0.0061
57 56 0.0072
422 56 0.007
56 57 0.0072
1 58 0.0071
59 58 0.0075
419 58 0.007
58 59 0.0075
10 60 0.0223
61 60 0.0333
66 60 0.0025
60 61 0.0333
62 61 0.0162
65 61 0.0079
61 62 0.0162
63 62 0.0262
64 62 0.0106
354 62 0.012
397 62 0.0106
62 63 0.0262
396 63 0.0199
397 63 0.0321
62 64 0.0106
61 65 0.0079
60 66 0.0025
10 67 0.0075
1 68 0.0049
9 69 0.02
9 70 0.0109
75 70 0.0313
354 70 0.0162
8 71 0.0579
72 71 0.0483
301 71 0.0075
71 72 0.0483
73 72 0.0274
76 72 0.0184
72 73 0.0274
74 73 0.0208
318 73 0.0032
73 74 0.0208
317 74 0.0052
321 74 0.0232
322 74 0.0096
70 75 0.0313
323 75 0.0073
334 75 0.078
72 76 0.0184
77 76 0.0223
78 76 0.0138
76 77 0.0223
76 78 0.0138
8 79 0.007
7 80 0.0291
81 80 0.033
82 80 0.0084
8 81 0.0084
80 81 0.033
291 81 0.009
80 82 0.0084
7 83 0.0129
5 84 0.0027
6 85 0.004
1 86 0.0059
1 87 0.0078
6 88 0.0056
286 88 0.0019
290 88 0.0005
49 89 0.0044
49 90 0.0036
48 91 0.0089
48 92 0.0072
47 93 0.004
13 94 0.0018
14 94 0.0487
95 94 0.02
94 95 0.02
14 96 0.0067
266 96 0.021
280 96 0.0004
281 96 0.0006
42 97 0.0037
42 98 0.0059
99 98 0.0045
102 98 0.0078
98 99 0.0045
100 99 0.0063
101 99 0.0055
99 100 0.0063
99 101 0.0055
98 102 0.0078
103 102 0.0043
104 102 0.0016
102 103 0.0043
102 104 0.0016
115 104 0.0138
117 104 0.0085
37 105 0.0024
37 106 0.0176
38 106 0.029
107 106 0.0034
196 106 0.0141
106 107 0.0034
108 107 0.0012
111 107 0.0054
107 108 0.0012
109 108 0.0003
110 108 0.0002
108 109 0.0003
108 110 0.0002
107 111 0.0054
112 111 0.0003
115 111 0.0056
111 112 0.0003
113 112 0.001
114 112 0.0005
112 113 0.001
112 114 0.0005
104 115 0.0138
111 115 0.0056
116 115 0.0006
115 116 0.0006
104 117 0.0085
118 117 0.0003
119 117 0.0009
120 117 0.0014
117 118 0.0003
117 119 0.0009
123 119 0.0009
126 119 0.0003
117 120 0.0014
121 120 0.0007
122 120 0.0021
120 121 0.0007
120 122 0.0021
119 123 0.0009
124 123 0.0002
125 123 0.0006
123 124 0.0002
123 125 0.0006
119 126 0.0003
43 127 0.0029
128 127 0.0065
143 127 0.0004
144 127 0.0037
127 128 0.0065
129 128 0.0099
130 128 0.0143
128 129 0.0099
128 130 0.0143
131 130 0.0174
132 130 0.0128
130 131 0.0174
130 132 0.0128
133 132 0.001
137 132 0.0013
139 132 0.0025
132 133 0.001
134 133 0.0015
137 133 0.0007
133 134 0.0015
135 134 0.0004
136 134 0.001
134 135 0.0004
134 136 0.001
132 137 0.0013
133 137 0.0007
138 137 0.0003
137 138 0.0003
132 139 0.0025
140 139 0.0005
144 139 0.001
139 140 0.0005
141 140 0.0006
142 140 0.001
140 141 0.0006
140 142 0.001
127 143 0.0004
127 144 0.0037
139 144 0.001
145 144 0.0009
144 145 0.0009
146 145 0.0004
147 145 0.0019
145 146 0.0004
145 147 0.0019
3 148 0.0025
44 148 0.0017
149 148 0.0012
152 148 0.0016
153 148 0.0116
148 149 0.0012
150 149 0.0012
151 149 0.0016
149 150 0.0012
149 151 0.0016
148 152 0.0016
148 153 0.0116
154 153 0.0015
159 153 0.0074
153 154 0.0015
155 154 0.0007
158 154 0.0004
154 155 0.0007
156 155 0.0021
157 155 0.0025
155 156 0.0021
155 157 0.0025
154 158 0.0004
153 159 0.0074
160 159 0.0017
161 159 0.0009
164 159 0.0032
159 160 0.0017
159 161 0.0009
162 161 0.0006
163 161 0.0012
161 162 0.0006
161 163 0.0012
159 164 0.0032
165 164 0.001
172 164 0.0016
164 165 0.001
166 165 0.0033
167 165 0.0105
165 166 0.0033
165 167 0.0105
168 167 0.0053
169 167 0.0104
167 168 0.0053
167 169 0.0104
170 169 0.0052
171 169 0.0043
169 170 0.0052
169 171 0.0043
164 172 0.0016
173 172 0.0019
174 172 0.0076
172 173 0.0019
172 174 0.0076
175 174 0.0015
176 174 0.0156
174 175 0.0015
174 176 0.0156
177 176 0.0015
178 176 0.0056
176 177 0.0015
176 178 0.0056
179 178 0.0028
182 178 0.0016
178 179 0.0028
180 179 0.0026
181 179 0.0048
179 180 0.0026
179 181 0.0048
178 182 0.0016
38 183 0.0156
184 183 0.005
186 183 0.016
183 184 0.005
185 184 0.0151
207 184 0.0039
184 185 0.0151
183 186 0.016
187 186 0.0033
189 186 0.0105
186 187 0.0033
188 187 0.0045
206 187 0.0022
187 188 0.0045
201 188 0.0095
206 188 0.0043
186 189 0.0105
190 189 0.0011
191 189 0.0136
189 190 0.0011
194 190 0.0091
201 190 0.0114
189 191 0.0136
192 191 0.0031
195 191 0.0029
191 192 0.0031
193 192 0.001
194 192 0.0031
192 193 0.001
194 193 0.0014
202 193 0.0002
190 194 0.0091
192 194 0.0031
193 194 0.0014
191 195 0.0029
106 196 0.0141
197 196 0.0054
198 196 0.0032
196 197 0.0054
196 198 0.0032
199 198 0.0046
200 198 0.0004
198 199 0.0046
198 200 0.0004
188 201 0.0095
190 201 0.0114
203 201 0.0006
193 202 0.0002
201 203 0.0006
204 203 0.0003
205 203 0.0001
203 204 0.0003
203 205 0.0001
187 206 0.0022
188 206 0.0043
207 206 0.007
209 206 0.0008
212 206 0.002
27 207 0.0645
28 207 0.0342
184 207 0.0039
206 207 0.007
25 208 0.0153
27 208 0.0442
212 208 0.0021
213 208 0.0015
217 208 0.0035
206 209 0.0008
210 209 0.0031
211 209 0.0023
209 210 0.0031
209 211 0.0023
206 212 0.002
208 212 0.0021
213 212 0.0029
218 212 0.0006
208 213 0.0015
212 213 0.0029
214 213 0.0172
213 214 0.0172
215 214 0.0013
217 214 0.0017
219 214 0.0003
214 215 0.0013
216 215 0.0057
220 215 0.0012
221 215 0.0074
215 216 0.0057
217 216 0.0087
220 216 0.0017
25 217 0.0027
208 217 0.0035
214 217 0.0017
216 217 0.0087
212 218 0.0006
214 219 0.0003
25 220 0.0042
215 220 0.0012
216 220 0.0017
215 221 0.0074
222 221 0.0016
227 221 0.0037
230 221 0.0007
221 222 0.0016
223 222 0.0003
224 222 0.0042
222 223 0.0003
222 224 0.0042
225 224 0.0006
226 224 0.0007
224 225 0.0006
224 226 0.0007
221 227 0.0037
228 227 0.0005
229 227 0.0004
227 228 0.0005
227 229 0.0004
19 230 0.0027
20 230 0.0108
221 230 0.0007
20 231 0.0022
232 231 0.0017
233 231 0.0005
231 232 0.0017
231 233 0.0005
18 234 0.0046
235 234 0.001
237 234 0.0007
234 235 0.001
236 235 0.0035
240 235 0.0032
235 236 0.0035
237 236 0.0037
238 236 0.0054
234 237 0.0007
236 237 0.0037
238 237 0.0019
236 238 0.0054
237 238 0.0019
239 238 0.0007
238 239 0.0007
18 240 0.0058
235 240 0.0032
241 240 0.0016
248 240 0.0022
240 241 0.0016
242 241 0.0027
245 241 0.0011
241 242 0.0027
243 242 0.0007
244 242 0.0005
242 243 0.0007
242 244 0.0005
241 245 0.0011
246 245 0.0011
247 245 0.0004
245 246 0.0011
245 247 0.0004
240 248 0.0022
16 249 0.0276
17 249 0.0162
250 249 0.0198
251 249 0.0207
252 249 0.0249
249 250 0.0198
249 251 0.0207
249 252 0.0249
16 253 0.0045
254 253 0.0031
255 253 0.0088
253 254 0.0031
253 255 0.0088
256 255 0.0088
258 255 0.0054
255 256 0.0088
257 256 0.0026
263 256 0.0026
256 257 0.0026
255 258 0.0054
259 258 0.0043
260 258 0.0021
258 259 0.0043
258 260 0.0021
261 260 0.0018
262 260 0.001
260 261 0.0018
260 262 0.001
264 262 0.0003
265 262 0.0007
270 262 0.001
256 263 0.0026
262 264 0.0003
262 265 0.0007
96 266 0.021
267 266 0.0119
272 266 0.0038
266 267 0.0119
268 267 0.0049
273 267 0.0091
267 268 0.0049
269 268 0.0016
270 268 0.0018
268 269 0.0016
262 270 0.001
268 270 0.0018
271 270 0.0004
270 271 0.0004
266 272 0.0038
267 273 0.0091
274 273 0.0008
277 273 0.0032
273 274 0.0008
275 274 0.0021
276 274 0.0017
274 275 0.0021
274 276 0.0017
273 277 0.0032
278 277 0.0003
279 277 0.0003
277 278 0.0003
277 279 0.0003
96 280 0.0004
96 281 0.0006
282 281 0.0016
286 281 0.0012
281 282 0.0016
283 282 0.0013
284 282 0.0027
286 282 0.0006
282 283 0.0013
282 284 0.0027
5 285 0.0018
88 286 0.0019
281 286 0.0012
282 286 0.0006
6 287 0.0021
288 287 0.0021
289 287 0.0013
287 288 0.0021
287 289 0.0013
88 290 0.0005
81 291 0.009
292 291 0.0231
300 291 0.0051
291 292 0.0231
293 292 0.0028
294 292 0.0078
295 292 0.0034
292 293 0.0028
292 294 0.0078
292 295 0.0034
296 295 0.001
297 295 0.006
295 296 0.001
295 297 0.006
298 297 0.0025
299 297 0.0027
297 298 0.0025
297 299 0.0027
291 300 0.0051
71 301 0.0075
302 301 0.0041
307 301 0.0042
314 301 0.0026
301 302 0.0041
303 302 0.0014
309 302 0.0032
302 303 0.0014
305 304 0.0008
306 304 0.0014
309 304 0.002
304 305 0.0008
304 306 0.0014
301 307 0.0042
308 307 0.0071
311 307 0.0055
307 308 0.0071
309 308 0.0092
310 308 0.0068
302 309 0.0032
304 309 0.002
308 309 0.0092
308 310 0.0068
307 311 0.0055
312 311 0.0008
313 311 0.0007
311 312 0.0008
311 313 0.0007
301 314 0.0026
315 314 0.0072
316 314 0.0034
314 315 0.0072
331 315 0.0024
332 315 0.008
314 316 0.0034
74 317 0.0052
73 318 0.0032
319 318 0.0056
320 318 0.0059
318 319 0.0056
318 320 0.0059
74 321 0.0232
74 322 0.0096
75 323 0.0073
324 323 0.0099
331 323 0.0027
323 324 0.0099
325 324 0.0009
326 324 0.005
327 324 0.0028
324 325 0.0009
324 326 0.005
327 326 0.0254
331 326 0.0028
324 327 0.0028
326 327 0.0254
328 327 0.0038
330 327 0.0052
327 328 0.0038
329 328 0.0034
332 328 0.0045
328 329 0.0034
327 330 0.0052
315 331 0.0024
323 331 0.0027
326 331 0.0028
332 331 0.0024
315 332 0.008
328 332 0.0045
331 332 0.0024
333 332 0.0034
332 333 0.0034
75 334 0.078
335 334 0.0258
346 334 0.0493
334 335 0.0258
336 335 0.0013
337 335 0.0253
346 335 0.0428
348 335 0.0337
335 336 0.0013
335 337 0.0253
338 337 0.0264
342 337 0.0012
337 338 0.0264
339 338 0.0053
343 338 0.0056
348 338 0.0208
338 339 0.0053
340 339 0.0062
341 339 0.0017
339 340 0.0062
339 341 0.0017
337 342 0.0012
338 343 0.0056
344 343 0.0066
345 343 0.0024
343 344 0.0066
347 344 0.0021
349 344 0.0057
343 345 0.0024
334 346 0.0493
335 346 0.0428
347 346 0.0137
344 347 0.0021
346 347 0.0137
348 347 0.0407
335 348 0.0337
338 348 0.0208
347 348 0.0407
344 349 0.0057
350 349 0.0048
351 349 0.0061
349 350 0.0048
349 351 0.0061
352 351 0.0073
353 351 0.0114
351 352 0.0073
351 353 0.0114
62 354 0.012
70 354 0.0162
355 354 0.0443
374 354 0.0143
354 355 0.0443
356 355 0.0395
379 355 0.0077
355 356 0.0395
357 356 0.0023
361 356 0.0052
356 357 0.0023
358 357 0.0336
360 357 0.0019
357 358 0.0336
359 358 0.0029
361 358 0.0036
362 358 0.0112
358 359 0.0029
357 360 0.0019
356 361 0.0052
358 361 0.0036
366 361 0.0046
372 361 0.0072
358 362 0.0112
363 362 0.0103
364 362 0.0037
365 362 0.0032
362 363 0.0103
362 364 0.0037
362 365 0.0032
361 366 0.0046
367 366 0.0035
368 366 0.0041
366 367 0.0035
366 368 0.0041
369 368 0.0052
372 368 0.0062
368 369 0.0052
370 369 0.008
371 369 0.0065
392 369 0.0028
369 370 0.008
369 371 0.0065
361 372 0.0072
368 372 0.0062
373 372 0.0065
372 373 0.0065
354 374 0.0143
375 374 0.0258
378 374 0.0068
396 374 0.0074
374 375 0.0258
376 375 0.0055
377 375 0.0063
375 376 0.0055
375 377 0.0063
378 377 0.0129
386 377 0.0248
374 378 0.0068
377 378 0.0129
399 378 0.0157
355 379 0.0077
380 379 0.0049
381 379 0.0073
379 380 0.0049
379 381 0.0073
382 381 0.0087
383 381 0.0076
381 382 0.0087
381 383 0.0076
384 383 0.0043
385 383 0.0019
383 384 0.0043
383 385 0.0019
377 386 0.0248
387 386 0.0063
388 386 0.0319
386 387 0.0063
386 388 0.0319
389 388 0.0033
392 388 0.0082
388 389 0.0033
390 389 0.0156
391 389 0.006
389 390 0.0156
389 391 0.006
369 392 0.0028
388 392 0.0082
393 392 0.0129
392 393 0.0129
394 393 0.007
395 393 0.0088
393 394 0.007
393 395 0.0088
63 396 0.0199
374 396 0.0074
397 396 0.0545
62 397 0.0106
63 397 0.0321
396 397 0.0545
398 397 0.0538
406 397 0.0449
397 398 0.0538
399 398 0.0251
401 398 0.0018
378 399 0.0157
398 399 0.0251
400 399 0.001
399 400 0.001
398 401 0.0018
402 401 0.0062
403 401 0.0248
401 402 0.0062
401 403 0.0248
404 403 0.0239
405 403 0.0209
403 404 0.0239
403 405 0.0209
397 406 0.0449
407 406 0.0054
408 406 0.013
406 407 0.0054
420 407 0.0053
421 407 0.0189
406 408 0.013
409 408 0.0023
410 408 0.0178
408 409 0.0023
408 410 0.0178
411 410 0.0247
414 410 0.0049
410 411 0.0247
412 411 0.0245
413 411 0.0054
411 412 0.0245
415 412 0.0282
416 412 0.0235
411 413 0.0054
417 413 0.0036
418 413 0.0064
410 414 0.0049
412 415 0.0282
412 416 0.0235
413 417 0.0036
413 418 0.0064
58 419 0.007
407 420 0.0053
407 421 0.0189
56 422 0.007
423 422 0.0247
431 422 0.0138
422 423 0.0247
424 423 0.0235
425 423 0.0063
423 424 0.0235
423 425 0.0063
426 425 0.0012
427 425 0.0046
425 426 0.0012
425 427 0.0046
11 428 0.005
429 428 0.0037
436 428 0.0164
428 429 0.0037
430 429 0.0083
431 429 0.0214
429 430 0.0083
422 431 0.0138
429 431 0.0214
432 431 0.0029
433 431 0.0048
431 432 0.0029
431 433 0.0048
434 433 0.0154
435 433 0.0047
433 434 0.0154
433 435 0.0047
54 436 0.0049
428 436 0.0164
437 436 0.0108
436 437 0.0108
1 438 0.0015
439 438 0.0037
440 438 0.0202
438 439 0.0037
438 440 0.0202
441 440 0.0013
442 440 0.008
440 441 0.0013
440 442 0.008
443 442 0.0185
450 442 0.0164
453 442 0.0033
442 443 0.0185
444 443 0.0028
445 443 0.0198
443 444 0.0028
443 445 0.0198
446 445 0.0132
447 445 0.0154
445 446 0.0132
445 447 0.0154
448 447 0.0058
449 447 0.0016
447 448 0.0058
447 449 0.0016
442 450 0.0164
451 450 0.0125
452 450 0.008
450 451 0.0125
452 451 0.0158
463 451 0.0048
1 452 0.0026
450 452 0.008
451 452 0.0158
442 453 0.0033
454 453 0.0025
455 453 0.01
453 454 0.0025
453 455 0.01
456 455 0.0102
461 455 0.003
462 455 0.0039
455 456 0.0102
457 456 0.0023
458 456 0.0067
456 457 0.0023
456 458 0.0067
459 458 0.004
460 458 0.0012
458 459 0.004
458 460 0.0012
455 461 0.003
455 462 0.0039
451 463 0.0048
464 463 0.0045
466 463 0.005
463 464 0.0045
466 465 0.0027
463 466 0.005
465 466 0.0027
467 466 0.002
466 467 0.002
14 468 0.0066
8 469 0.0055
