2 1 0.0306
3 1 0.05
4 1 0.0294
5 1 0.0348
6 1 0.0569
7 1 0.0274
100 1 0.0333
392 1 0.0325
777 1 0.0306
782 1 0.0256
791 1 0.0192
795 1 0.02
992 1 0.0179
994 1 0.0185
1215 1 0.0161
1220 1 0.017
1382 1 0.012
1604 1 0.0139
1971 1 0.0286
2144 1 0.0222
2148 1 0.0279
2501 1 0.0322
1 2 0.0306
2341 2 0.0464
2426 2 0.0756
2428 2 0.1231
1 3 0.05
384 3 0.1096
387 3 0.1862
1 4 0.0294
798 4 0.0988
984 4 0.0534
1 5 0.0348
1536 5 0.0535
1595 5 0.0691
1 6 0.0569
1790 6 0.1086
1804 6 0.0759
1 7 0.0274
8 7 0.2381
149 7 0.1341
7 8 0.2381
9 8 0.3252
100 8 0.0682
8 9 0.3252
10 9 0.2801
474 9 0.1235
9 10 0.2801
11 10 0.1013
18 10 1.2226
10 11 0.1013
12 11 0.4581
17 11 1.1579
11 12 0.4581
13 12 0.1332
2523 12 0.2687
12 13 0.1332
14 13 0.4322
15 13 0.9311
17 13 0.3992
13 14 0.4322
15 14 0.6443
107 14 0.1988
13 15 0.9311
14 15 0.6443
16 15 0.7077
102 15 0.3362
15 16 0.7077
17 16 0.3854
101 16 0.1248
11 17 1.1579
13 17 0.3992
16 17 0.3854
10 18 1.2226
19 18 0.145
20 18 0.1749
18 19 0.145
18 20 0.1749
21 20 0.3307
26 20 0.1423
20 21 0.3307
22 21 0.7087
29 21 0.0951
30 21 0.0611
21 22 0.7087
23 22 0.408
31 22 0.2323
22 23 0.408
24 23 0.5485
32 23 0.3452
88 23 0.2271
23 24 0.5485
25 24 1.5454
33 24 0.2118
44 24 0.1842
24 25 1.5454
34 25 0.3797
35 25 0.198
37 25 0.3634
20 26 0.1423
27 26 0.1874
28 26 0.3715
26 27 0.1874
26 28 0.3715
21 29 0.0951
21 30 0.0611
22 31 0.2323
23 32 0.3452
24 33 0.2118
25 34 0.3797
25 35 0.198
36 35 0.2035
37 35 0.5631
516 35 0.0546
35 36 0.2035
25 37 0.3634
35 37 0.5631
38 37 0.1606
39 37 0.7911
45 37 0.1087
37 38 0.1606
37 39 0.7911
40 39 0.2877
42 39 0.1545
39 40 0.2877
41 40 0.3846
43 40 0.2189
40 41 0.3846
39 42 0.1545
40 43 0.2189
24 44 0.1842
37 45 0.1087
46 45 0.2115
49 45 0.1474
45 46 0.2115
47 46 0.0199
48 46 0.0193
73 46 0.0431
46 47 0.0199
46 48 0.0193
45 49 0.1474
50 49 0.1161
51 49 0.5061
49 50 0.1161
49 51 0.5061
52 51 0.6523
69 51 0.3103
51 52 0.6523
53 52 0.0584
57 52 0.3967
52 53 0.0584
54 53 0.0609
55 53 0.0418
56 53 0.0302
53 54 0.0609
53 55 0.0418
53 56 0.0302
52 57 0.3967
58 57 0.0381
61 57 0.0571
57 58 0.0381
59 58 0.1003
60 58 0.1841
58 59 0.1003
58 60 0.1841
57 61 0.0571
62 61 0.2416
74 61 0.0849
61 62 0.2416
63 62 0.0654
84 62 0.1591
62 63 0.0654
64 63 0.0477
65 63 0.0969
66 63 0.1015
63 64 0.0477
63 65 0.0969
63 66 0.1015
67 66 0.0373
68 66 0.0342
66 67 0.0373
66 68 0.0342
51 69 0.3103
70 69 0.0388
74 69 0.5241
69 70 0.0388
71 70 0.045
72 70 0.1143
70 71 0.045
70 72 0.1143
46 73 0.0431
61 74 0.0849
69 74 0.5241
75 74 0.0291
76 74 0.1141
74 75 0.0291
74 76 0.1141
77 76 0.1147
78 76 0.5015
81 76 0.0939
76 77 0.1147
76 78 0.5015
79 78 0.2038
80 78 0.3698
78 79 0.2038
78 80 0.3698
82 80 0.1285
83 80 0.0642
76 81 0.0939
80 82 0.1285
80 83 0.0642
62 84 0.1591
85 84 0.0248
86 84 0.0414
87 84 0.0549
84 85 0.0248
84 86 0.0414
84 87 0.0549
23 88 0.2271
89 88 0.1743
90 88 0.1752
88 89 0.1743
88 90 0.1752
91 90 0.2254
92 90 0.8299
90 91 0.2254
90 92 0.8299
93 92 0.0651
94 92 0.369
92 93 0.0651
92 94 0.369
95 94 0.2362
96 94 0.1473
99 94 0.1437
94 95 0.2362
96 95 0.0457
136 95 0.1032
94 96 0.1473
95 96 0.0457
97 96 0.1343
96 97 0.1343
98 97 0.3084
2674 97 0.0337
97 98 0.3084
94 99 0.1437
1 100 0.0333
8 100 0.0682
2506 100 0.6161
16 101 0.1248
15 102 0.3362
103 102 0.815
105 102 0.0704
106 102 0.0821
102 103 0.815
104 103 0.179
107 103 0.3435
108 103 0.148
115 103 0.0434
103 104 0.179
102 105 0.0704
102 106 0.0821
14 107 0.1988
103 107 0.3435
116 107 0.0317
117 107 0.1689
103 108 0.148
109 108 0.3079
112 108 0.1191
108 109 0.3079
110 109 0.1314
111 109 0.0934
109 110 0.1314
109 111 0.0934
108 112 0.1191
113 112 0.1931
114 112 0.149
112 113 0.1931
112 114 0.149
103 115 0.0434
107 116 0.0317
107 117 0.1689
118 117 0.3566
120 117 0.2724
117 118 0.3566
119 118 0.1935
145 118 0.1113
118 119 0.1935
117 120 0.2724
121 120 0.7776
144 120 0.1235
120 121 0.7776
122 121 0.4914
144 121 0.1607
121 122 0.4914
123 122 0.8598
127 122 0.1672
122 123 0.8598
124 123 0.5203
132 123 0.0973
123 124 0.5203
125 124 0.2462
126 124 0.2949
124 125 0.2462
124 126 0.2949
122 127 0.1672
128 127 0.1831
129 127 0.1243
127 128 0.1831
129 128 0.1799
130 128 0.1135
127 129 0.1243
128 129 0.1799
131 129 0.1553
128 130 0.1135
129 131 0.1553
123 132 0.0973
133 132 0.0943
136 132 0.1775
132 133 0.0943
134 133 0.0383
135 133 0.0119
133 134 0.0383
133 135 0.0119
95 136 0.1032
132 136 0.1775
137 136 0.5685
136 137 0.5685
138 137 0.0829
139 137 0.297
137 138 0.0829
137 139 0.297
140 139 0.1008
141 139 0.3441
139 140 0.1008
139 141 0.3441
142 141 0.0844
143 141 0.1068
141 142 0.0844
141 143 0.1068
120 144 0.1235
121 144 0.1607
146 144 0.1137
118 145 0.1113
144 146 0.1137
147 146 0.0629
148 146 0.0736
146 147 0.0629
146 148 0.0736
7 149 0.1341
150 149 0.407
163 149 0.6523
174 149 0.0842
149 150 0.407
151 150 0.0698
168 150 0.0409
150 151 0.0698
152 151 0.6515
155 151 0.1377
151 152 0.6515
153 152 0.5385
154 152 0.2105
152 153 0.5385
152 154 0.2105
160 154 0.0393
161 154 0.0258
162 154 0.0346
151 155 0.1377
156 155 0.2894
159 155 0.32
155 156 0.2894
157 156 0.1591
158 156 0.3149
156 157 0.1591
158 157 0.6761
191 157 0.6246
156 158 0.3149
157 158 0.6761
171 158 0.0905
223 158 0.0657
155 159 0.32
154 160 0.0393
154 161 0.0258
154 162 0.0346
149 163 0.6523
164 163 0.2366
165 163 0.2482
163 164 0.2366
163 165 0.2482
166 165 0.3067
167 165 0.0381
165 166 0.3067
165 167 0.0381
150 168 0.0409
169 168 0.1044
170 168 0.1733
168 169 0.1044
168 170 0.1733
158 171 0.0905
172 171 0.2805
385 171 0.1161
386 171 0.3031
171 172 0.2805
173 172 0.2993
218 172 2.053
172 173 0.2993
149 174 0.0842
175 174 0.2204
176 174 0.2056
179 174 0.3183
183 174 0.153
174 175 0.2204
174 176 0.2056
177 176 0.1227
178 176 0.0757
176 177 0.1227
176 178 0.0757
174 179 0.3183
180 179 0.3322
181 179 0.2346
182 179 0.112
179 180 0.3322
179 181 0.2346
179 182 0.112
174 183 0.153
184 183 0.2067
192 183 1.0972
183 184 0.2067
185 184 0.1449
186 184 0.1554
184 185 0.1449
184 186 0.1554
187 186 0.2482
188 186 0.4357
186 187 0.2482
186 188 0.4357
189 188 0.1305
191 188 0.0488
188 189 0.1305
191 190 0.4502
157 191 0.6246
188 191 0.0488
190 191 0.4502
183 192 1.0972
193 192 0.4417
195 192 0.1887
197 192 0.4764
242 192 0.3625
192 193 0.4417
194 193 0.2164
196 193 0.1234
193 194 0.2164
192 195 0.1887
193 196 0.1234
192 197 0.4764
198 197 0.163
241 197 0.2285
197 198 0.163
199 198 0.1304
202 198 0.4978
198 199 0.1304
200 199 0.0271
201 199 0.0372
199 200 0.0271
199 201 0.0372
198 202 0.4978
203 202 0.2916
204 202 0.2137
202 203 0.2916
202 204 0.2137
205 204 0.1737
206 204 0.4003
204 205 0.1737
211 205 0.0718
212 205 0.2311
204 206 0.4003
207 206 0.2342
208 206 0.0868
206 207 0.2342
206 208 0.0868
209 208 0.0259
210 208 0.0165
208 209 0.0259
208 210 0.0165
205 211 0.0718
205 212 0.2311
213 212 0.0305
214 212 0.0393
215 212 0.1291
212 213 0.0305
212 214 0.0393
212 215 0.1291
216 215 0.0464
217 215 0.0503
215 216 0.0464
215 217 0.0503
172 218 2.053
219 218 0.0758
220 218 0.2783
218 219 0.0758
433 219 0.4322
434 219 0.2483
435 219 0.4044
218 220 0.2783
221 220 0.2553
222 220 0.3925
223 220 0.1666
220 221 0.2553
220 222 0.3925
158 223 0.0657
220 223 0.1666
224 223 0.1172
223 224 0.1172
225 224 0.5438
230 224 0.4963
233 224 0.2481
237 224 0.2639
224 225 0.5438
226 225 0.1456
227 225 0.113
225 226 0.1456
225 227 0.113
228 227 0.203
229 227 0.183
227 228 0.203
227 229 0.183
224 230 0.4963
231 230 0.0436
232 230 0.0682
230 231 0.0436
230 232 0.0682
224 233 0.2481
234 233 0.1069
235 233 0.0929
236 233 0.2059
233 234 0.1069
233 235 0.0929
233 236 0.2059
224 237 0.2639
238 237 0.0279
239 237 0.0288
240 237 0.0368
237 238 0.0279
237 239 0.0288
237 240 0.0368
197 241 0.2285
192 242 0.3625
243 242 0.1542
244 242 0.5097
242 243 0.1542
242 244 0.5097
245 244 0.5074
248 244 0.2476
244 245 0.5074
246 245 0.2899
247 245 0.0142
245 246 0.2899
245 247 0.0142
244 248 0.2476
249 248 0.4523
250 248 0.4394
248 249 0.4523
248 250 0.4394
251 250 0.4488
263 250 0.2355
250 251 0.4488
252 251 0.4511
257 251 0.3108
251 252 0.4511
253 252 0.1305
281 252 0.1008
252 253 0.1305
254 253 0.083
258 253 0.3493
253 254 0.083
255 254 0.0528
256 254 0.0154
254 255 0.0528
254 256 0.0154
251 257 0.3108
253 258 0.3493
259 258 0.1154
260 258 0.2865
258 259 0.1154
258 260 0.2865
261 260 0.2145
262 260 0.2407
260 261 0.2145
260 262 0.2407
250 263 0.2355
264 263 0.6057
278 263 0.337
263 264 0.6057
265 264 0.4511
277 264 0.1497
264 265 0.4511
266 265 0.4919
274 265 0.1896
286 265 0.6676
265 266 0.4919
267 266 0.3191
273 266 0.0967
266 267 0.3191
268 267 0.2155
270 267 0.4897
267 268 0.2155
269 268 0.206
289 268 0.7657
268 269 0.206
267 270 0.4897
271 270 0.2253
272 270 0.2441
270 271 0.2253
270 272 0.2441
266 273 0.0967
265 274 0.1896
275 274 0.5297
276 274 0.044
274 275 0.5297
274 276 0.044
264 277 0.1497
263 278 0.337
279 278 0.1728
280 278 0.1933
278 279 0.1728
278 280 0.1933
252 281 0.1008
282 281 0.6911
283 281 0.0404
281 282 0.6911
283 282 0.082
285 282 0.8453
281 283 0.0404
282 283 0.082
284 283 0.1059
283 284 0.1059
282 285 0.8453
265 286 0.6676
287 286 0.1913
288 286 0.0503
286 287 0.1913
286 288 0.0503
268 289 0.7657
290 289 0.601
297 289 0.357
289 290 0.601
291 290 0.2139
292 290 0.999
290 291 0.2139
290 292 0.999
293 292 0.5438
294 292 0.4643
292 293 0.5438
292 294 0.4643
295 294 0.3278
296 294 0.2174
294 295 0.3278
294 296 0.2174
289 297 0.357
298 297 0.0452
299 297 0.5008
306 297 0.5476
297 298 0.0452
297 299 0.5008
300 299 0.1416
301 299 0.4866
303 299 0.2178
299 300 0.1416
299 301 0.4866
302 301 0.1081
383 301 0.0404
301 302 0.1081
299 303 0.2178
304 303 0.6485
305 303 0.0569
303 304 0.6485
309 304 0.0347
348 304 0.9302
303 305 0.0569
297 306 0.5476
307 306 0.2428
308 306 0.3768
306 307 0.2428
306 308 0.3768
309 308 0.1216
310 308 0.4272
304 309 0.0347
308 309 0.1216
337 309 0.0392
346 309 0.0345
347 309 0.0659
308 310 0.4272
311 310 0.1575
324 310 0.9643
310 311 0.1575
312 311 0.2941
317 311 0.2136
311 312 0.2941
313 312 0.0452
314 312 0.0353
312 313 0.0452
312 314 0.0353
315 314 0.0898
316 314 0.0187
314 315 0.0898
314 316 0.0187
311 317 0.2136
318 317 0.1291
321 317 0.1086
317 318 0.1291
319 318 0.0668
320 318 0.0397
318 319 0.0668
318 320 0.0397
317 321 0.1086
322 321 0.0557
323 321 0.0548
321 322 0.0557
321 323 0.0548
310 324 0.9643
325 324 0.2202
335 324 0.1156
324 325 0.2202
326 325 0.1304
331 325 0.0648
325 326 0.1304
327 326 0.0529
328 326 0.0792
326 327 0.0529
326 328 0.0792
329 328 0.0438
330 328 0.188
328 329 0.0438
328 330 0.188
325 331 0.0648
332 331 0.1556
333 331 0.091
334 331 0.153
331 332 0.1556
331 333 0.091
331 334 0.153
324 335 0.1156
336 335 0.4484
337 335 0.0576
335 336 0.4484
338 336 0.0606
339 336 0.0597
309 337 0.0392
335 337 0.0576
338 337 0.0593
340 337 0.1491
336 338 0.0606
337 338 0.0593
345 338 0.206
336 339 0.0597
337 340 0.1491
341 340 0.1966
342 340 0.3036
340 341 0.1966
340 342 0.3036
343 342 0.1803
344 342 0.2046
342 343 0.1803
342 344 0.2046
338 345 0.206
309 346 0.0345
309 347 0.0659
304 348 0.9302
349 348 0.2107
351 348 0.1013
357 348 0.0801
360 348 0.1936
365 348 0.1912
348 349 0.2107
350 349 0.1043
352 349 0.0726
349 350 0.1043
348 351 0.1013
349 352 0.0726
353 352 0.0826
354 352 0.0678
352 353 0.0826
352 354 0.0678
355 354 0.1752
356 354 0.0914
365 354 0.038
354 355 0.1752
354 356 0.0914
348 357 0.0801
358 357 0.0741
359 357 0.0391
357 358 0.0741
357 359 0.0391
348 360 0.1936
361 360 0.0298
362 360 0.1681
360 361 0.0298
360 362 0.1681
363 362 0.0232
364 362 0.0263
362 363 0.0232
362 364 0.0263
348 365 0.1912
354 365 0.038
366 365 0.1804
365 366 0.1804
367 366 0.0387
368 366 0.6807
366 367 0.0387
366 368 0.6807
369 368 0.0776
370 368 0.6636
382 368 0.05
368 369 0.0776
368 370 0.6636
371 370 0.0587
372 370 0.1889
375 370 0.2483
370 371 0.0587
370 372 0.1889
373 372 0.105
374 372 0.5482
372 373 0.105
372 374 0.5482
370 375 0.2483
376 375 0.2425
381 375 0.03
375 376 0.2425
377 376 0.2951
380 376 0.0651
376 377 0.2951
378 377 0.1588
379 377 0.0745
377 378 0.1588
377 379 0.0745
376 380 0.0651
375 381 0.03
368 382 0.05
301 383 0.0404
3 384 0.1096
385 384 0.0734
387 384 0.1841
171 385 0.1161
384 385 0.0734
386 385 0.1286
387 385 0.0616
171 386 0.3031
385 386 0.1286
388 386 0.5875
3 387 0.1862
384 387 0.1841
385 387 0.0616
386 388 0.5875
389 388 0.2596
402 388 0.275
388 389 0.2596
390 389 0.5831
391 389 0.3965
389 390 0.5831
389 391 0.3965
1 392 0.0325
393 392 0.2959
399 392 0.2468
392 393 0.2959
394 393 0.6219
407 393 0.2643
393 394 0.6219
395 394 0.1818
409 394 0.0688
410 394 0.1202
394 395 0.1818
396 395 0.0814
412 395 0.1492
395 396 0.0814
422 396 0.6702
425 396 0.4782
710 396 0.2164
398 397 0.2287
402 397 0.4
404 397 0.1495
422 397 0.316
397 398 0.2287
399 398 0.3861
401 398 0.0245
392 399 0.2468
398 399 0.3861
400 399 0.0944
399 400 0.0944
398 401 0.0245
388 402 0.275
397 402 0.4
403 402 0.5429
402 403 0.5429
397 404 0.1495
405 404 0.3186
406 404 0.117
404 405 0.3186
404 406 0.117
393 407 0.2643
408 407 0.4625
411 407 0.0863
407 408 0.4625
394 409 0.0688
394 410 0.1202
412 410 0.1129
794 410 0.1681
407 411 0.0863
395 412 0.1492
410 412 0.1129
413 412 1.1275
412 413 1.1275
414 413 0.1542
415 413 0.2993
416 413 0.12
413 414 0.1542
413 415 0.2993
417 415 1.0146
418 415 1.1099
413 416 0.12
415 417 1.0146
415 418 1.1099
419 418 1.3156
421 418 0.8532
418 419 1.3156
420 419 0.2868
787 419 0.3055
818 419 0.0592
419 420 0.2868
418 421 0.8532
396 422 0.6702
397 422 0.316
423 422 0.2428
422 423 0.2428
424 423 0.8
429 423 0.5556
423 424 0.8
396 425 0.4782
426 425 0.1617
427 425 0.4776
425 426 0.1617
425 427 0.4776
428 427 0.0731
429 427 0.602
427 428 0.0731
423 429 0.5556
427 429 0.602
430 429 0.4955
429 430 0.4955
431 430 0.2892
432 430 0.0704
433 430 0.1812
438 430 0.2498
430 431 0.2892
430 432 0.0704
219 433 0.4322
430 433 0.1812
437 433 0.4525
219 434 0.2483
219 435 0.4044
436 435 0.1267
437 435 0.3158
454 435 0.4554
435 436 0.1267
433 437 0.4525
435 437 0.3158
449 437 0.5353
430 438 0.2498
439 438 0.0678
440 438 0.1407
438 439 0.0678
438 440 0.1407
441 440 0.0206
442 440 0.0878
443 440 0.0467
440 441 0.0206
440 442 0.0878
440 443 0.0467
444 443 0.0787
445 443 0.0304
446 443 0.0976
443 444 0.0787
443 445 0.0304
443 446 0.0976
447 446 0.0425
448 446 0.116
446 447 0.0425
446 448 0.116
437 449 0.5353
450 449 0.0643
453 449 0.0937
449 450 0.0643
451 450 0.0671
452 450 0.1093
450 451 0.0671
450 452 0.1093
449 453 0.0937
435 454 0.4554
455 454 0.1601
456 454 0.0373
457 454 0.1335
454 455 0.1601
454 456 0.0373
454 457 0.1335
458 457 0.0541
459 457 0.3531
457 458 0.0541
457 459 0.3531
460 459 0.36
463 459 0.2274
464 459 0.1847
459 460 0.36
461 460 0.1337
655 460 0.1727
460 461 0.1337
462 461 0.0457
685 461 0.0325
686 461 0.0554
687 461 0.0223
688 461 0.0458
461 462 0.0457
459 463 0.2274
459 464 0.1847
465 464 0.1581
466 464 0.6807
464 465 0.1581
464 466 0.6807
467 466 0.128
468 466 0.2501
471 466 0.0921
472 466 0.0469
473 466 0.0969
466 467 0.128
466 468 0.2501
469 468 0.2843
470 468 0.3782
468 469 0.2843
468 470 0.3782
466 471 0.0921
466 472 0.0469
466 473 0.0969
9 474 0.1235
475 474 0.1063
484 474 0.271
474 475 0.1063
476 475 0.1477
482 475 0.1586
483 475 0.1749
475 476 0.1477
477 476 0.2811
479 476 0.2172
476 477 0.2811
478 477 0.8389
585 477 0.1292
477 478 0.8389
476 479 0.2172
480 479 0.096
481 479 0.1096
479 480 0.096
479 481 0.1096
475 482 0.1586
475 483 0.1749
474 484 0.271
485 484 0.3574
488 484 0.6481
484 485 0.3574
486 485 0.2834
487 485 0.0578
485 486 0.2834
485 487 0.0578
484 488 0.6481
489 488 0.2807
570 488 0.064
488 489 0.2807
490 489 0.1395
491 489 0.1632
496 489 0.0728
497 489 0.2818
572 489 0.1047
489 490 0.1395
489 491 0.1632
492 491 0.1157
493 491 0.1199
491 492 0.1157
491 493 0.1199
494 493 0.139
495 493 0.2385
493 494 0.139
493 495 0.2385
489 496 0.0728
489 497 0.2818
498 497 0.229
501 497 0.2916
497 498 0.229
499 498 0.4941
500 498 0.1778
498 499 0.4941
498 500 0.1778
497 501 0.2916
502 501 0.2273
503 501 0.2539
501 502 0.2273
501 503 0.2539
504 503 0.2656
505 503 0.7899
503 504 0.2656
503 505 0.7899
506 505 0.1799
507 505 0.3214
505 506 0.1799
505 507 0.3214
508 507 0.0808
509 507 0.4558
507 508 0.0808
507 509 0.4558
510 509 0.1528
511 509 0.1562
509 510 0.1528
509 511 0.1562
512 511 0.2373
521 511 0.3019
543 511 0.0808
567 511 0.3005
511 512 0.2373
513 512 0.1759
514 512 0.0686
515 512 0.0801
522 512 0.1427
512 513 0.1759
512 514 0.0686
512 515 0.0801
523 515 0.1436
526 515 0.6485
35 516 0.0546
517 516 0.3685
518 516 0.2135
516 517 0.3685
519 517 0.2771
520 517 0.2612
516 518 0.2135
517 519 0.2771
517 520 0.2612
511 521 0.3019
512 522 0.1427
515 523 0.1436
524 523 0.0315
525 523 0.0982
523 524 0.0315
523 525 0.0982
515 526 0.6485
527 526 0.0233
528 526 0.1555
540 526 0.0378
526 527 0.0233
526 528 0.1555
529 528 0.2176
532 528 0.1442
528 529 0.2176
530 529 0.0621
531 529 0.0151
529 530 0.0621
529 531 0.0151
528 532 0.1442
533 532 0.1155
534 532 0.0287
535 532 0.2517
532 533 0.1155
532 534 0.0287
532 535 0.2517
536 535 0.3801
538 535 0.1077
535 536 0.3801
537 536 0.1041
539 536 0.3986
536 537 0.1041
535 538 0.1077
536 539 0.3986
526 540 0.0378
541 540 0.177
542 540 0.0722
559 540 0.0306
540 541 0.177
540 542 0.0722
511 543 0.0808
544 543 0.1027
545 543 0.2057
543 544 0.1027
543 545 0.2057
546 545 0.0323
547 545 0.0285
545 546 0.0323
545 547 0.0285
549 548 0.1453
558 548 0.1239
567 548 0.3789
548 549 0.1453
550 549 0.1973
551 549 0.1984
549 550 0.1973
549 551 0.1984
552 551 0.0355
557 551 0.0099
551 552 0.0355
553 552 0.0577
554 552 0.0158
555 552 0.0096
556 552 0.0071
552 553 0.0577
552 554 0.0158
552 555 0.0096
552 556 0.0071
551 557 0.0099
548 558 0.1239
559 558 0.3466
560 558 0.2068
540 559 0.0306
558 559 0.3466
561 559 0.0528
562 559 0.0446
558 560 0.2068
563 560 0.0305
564 560 0.0213
559 561 0.0528
559 562 0.0446
560 563 0.0305
565 563 0.0416
566 563 0.0373
560 564 0.0213
563 565 0.0416
563 566 0.0373
511 567 0.3005
548 567 0.3789
568 567 0.089
569 567 0.1192
567 568 0.089
567 569 0.1192
488 570 0.064
571 570 0.4953
578 570 0.2981
570 571 0.4953
489 572 0.1047
573 572 0.3195
574 572 0.2272
572 573 0.3195
572 574 0.2272
575 574 0.185
576 574 0.2583
574 575 0.185
574 576 0.2583
577 576 0.3976
581 576 0.0426
576 577 0.3976
579 577 0.311
580 577 0.2819
570 578 0.2981
579 578 0.3717
585 578 0.4384
587 578 0.1269
577 579 0.311
578 579 0.3717
580 579 0.2267
581 579 0.0399
577 580 0.2819
579 580 0.2267
581 580 0.1097
576 581 0.0426
579 581 0.0399
580 581 0.1097
582 581 0.8658
581 582 0.8658
583 582 0.1941
584 582 0.1679
582 583 0.1941
582 584 0.1679
477 585 0.1292
578 585 0.4384
586 585 0.0455
585 586 0.0455
578 587 0.1269
588 587 0.18
589 587 0.3136
587 588 0.18
587 589 0.3136
590 589 0.3351
591 589 0.0629
592 589 0.58
589 590 0.3351
589 591 0.0629
589 592 0.58
593 592 0.2944
594 592 0.4129
597 592 0.1895
598 592 0.2576
592 593 0.2944
592 594 0.4129
595 594 0.0452
596 594 0.0882
599 594 0.8137
594 595 0.0452
594 596 0.0882
592 597 0.1895
592 598 0.2576
594 599 0.8137
600 599 0.1944
601 599 0.5952
599 600 0.1944
599 601 0.5952
602 601 0.0136
603 601 0.4216
601 602 0.0136
601 603 0.4216
604 603 0.103
605 603 0.5163
603 604 0.103
603 605 0.5163
606 605 0.6431
607 605 0.3634
605 606 0.6431
605 607 0.3634
608 607 0.2715
617 607 0.2256
607 608 0.2715
609 608 0.0215
610 608 0.0205
611 608 0.0349
612 608 0.0492
613 608 0.1064
608 609 0.0215
608 610 0.0205
608 611 0.0349
608 612 0.0492
608 613 0.1064
614 613 0.0665
615 613 0.0199
616 613 0.024
613 614 0.0665
613 615 0.0199
613 616 0.024
607 617 0.2256
618 617 0.0597
619 617 0.0445
620 617 0.0306
621 617 0.1129
624 617 0.0497
627 617 0.2286
630 617 0.4232
617 618 0.0597
617 619 0.0445
617 620 0.0306
617 621 0.1129
622 621 0.0802
623 621 0.1613
621 622 0.0802
621 623 0.1613
617 624 0.0497
625 624 0.0701
626 624 0.072
624 625 0.0701
624 626 0.072
617 627 0.2286
628 627 0.0372
629 627 0.0464
627 628 0.0372
635 628 0.2729
638 628 0.0373
639 628 0.0448
640 628 0.0362
627 629 0.0464
617 630 0.4232
631 630 0.0543
634 630 0.1632
630 631 0.0543
632 631 0.0675
633 631 0.0147
631 632 0.0675
631 633 0.0147
630 634 0.1632
635 634 0.471
642 634 0.36
628 635 0.2729
634 635 0.471
636 635 0.3579
635 636 0.3579
637 636 0.0659
641 636 0.0312
636 637 0.0659
628 638 0.0373
628 639 0.0448
628 640 0.0362
636 641 0.0312
634 642 0.36
643 642 0.0786
646 642 0.353
642 643 0.0786
644 643 0.0797
645 643 0.0983
643 644 0.0797
643 645 0.0983
642 646 0.353
647 646 0.3399
648 646 0.3501
649 646 0.0737
646 647 0.3399
646 648 0.3501
650 648 0.0447
651 648 0.0493
652 648 0.2264
646 649 0.0737
648 650 0.0447
648 651 0.0493
648 652 0.2264
653 652 0.1285
654 652 0.1025
652 653 0.1285
652 654 0.1025
460 655 0.1727
656 655 0.1188
657 655 0.3028
655 656 0.1188
655 657 0.3028
658 657 0.1606
659 657 0.2286
657 658 0.1606
657 659 0.2286
660 659 0.0266
661 659 0.1812
668 659 0.0466
669 659 0.4861
659 660 0.0266
659 661 0.1812
663 661 0.1965
664 661 0.1925
664 662 0.4168
661 663 0.1965
666 663 0.092
667 663 0.0381
661 664 0.1925
662 664 0.4168
665 664 0.035
664 665 0.035
663 666 0.092
663 667 0.0381
659 668 0.0466
659 669 0.4861
670 669 0.0566
671 669 0.3987
682 669 0.1376
669 670 0.0566
669 671 0.3987
672 671 0.0238
673 671 0.2944
671 672 0.0238
671 673 0.2944
674 673 0.1484
681 673 0.0509
673 674 0.1484
675 674 0.1816
678 674 0.1077
674 675 0.1816
676 675 0.0596
677 675 0.1207
675 676 0.0596
675 677 0.1207
674 678 0.1077
679 678 0.1022
680 678 0.2481
678 679 0.1022
678 680 0.2481
673 681 0.0509
669 682 0.1376
683 682 0.0208
684 682 0.0391
682 683 0.0208
682 684 0.0391
461 685 0.0325
461 686 0.0554
461 687 0.0223
461 688 0.0458
690 689 0.0353
691 689 0.0507
692 689 0.0309
693 689 0.0648
694 689 0.0581
695 689 0.0556
696 689 0.067
745 689 0.0759
689 690 0.0353
689 691 0.0507
689 692 0.0309
689 693 0.0648
689 694 0.0581
689 695 0.0556
689 696 0.067
697 696 0.2431
698 696 0.5252
696 697 0.2431
696 698 0.5252
700 699 0.0605
701 699 0.0413
702 699 0.0585
707 699 0.0289
729 699 0.1819
699 700 0.0605
699 701 0.0413
699 702 0.0585
704 703 0.3071
705 703 0.3948
706 703 0.3128
729 703 0.3587
703 704 0.3071
703 705 0.3948
703 706 0.3128
699 707 0.0289
708 707 0.0327
709 707 0.0295
730 707 0.0746
707 708 0.0327
707 709 0.0295
396 710 0.2164
711 710 0.1259
712 710 0.2567
710 711 0.1259
710 712 0.2567
713 712 1.1312
721 712 0.3231
712 713 1.1312
714 713 0.0557
715 713 0.2496
713 714 0.0557
713 715 0.2496
716 715 0.4044
717 715 0.2833
715 716 0.4044
715 717 0.2833
718 717 0.1785
719 717 0.0333
717 718 0.1785
717 719 0.0333
720 719 0.1002
723 719 0.0204
719 720 0.1002
712 721 0.3231
722 721 0.2249
724 721 0.1107
721 722 0.2249
726 722 0.1113
728 722 0.3297
736 722 0.1329
719 723 0.0204
721 724 0.1107
725 724 0.2818
726 724 1.3233
724 725 0.2818
722 726 0.1113
724 726 1.3233
727 726 0.4995
726 727 0.4995
722 728 0.3297
699 729 0.1819
703 729 0.3587
731 729 0.0752
707 730 0.0746
731 730 0.2528
745 730 0.1811
729 731 0.0752
730 731 0.2528
732 731 0.1729
733 731 0.1486
734 731 0.52
731 732 0.1729
731 733 0.1486
731 734 0.52
735 734 0.1392
738 734 0.2939
739 734 0.0863
734 735 0.1392
736 735 0.9251
744 735 0.5379
722 736 0.1329
735 736 0.9251
737 736 0.6729
736 737 0.6729
747 737 0.0625
826 737 0.5631
734 738 0.2939
734 739 0.0863
741 740 0.1268
742 740 0.0892
744 740 0.3326
740 741 0.1268
740 742 0.0892
832 742 0.0762
833 742 0.1576
744 743 0.1097
735 744 0.5379
740 744 0.3326
743 744 0.1097
689 745 0.0759
730 745 0.1811
746 745 0.2021
751 745 0.084
745 746 0.2021
737 747 0.0625
748 747 0.0705
749 747 0.0567
750 747 0.0432
747 748 0.0705
747 749 0.0567
747 750 0.0432
745 751 0.084
752 751 0.037
753 751 0.0096
754 751 0.7605
773 751 0.0247
774 751 0.2131
751 752 0.037
751 753 0.0096
751 754 0.7605
755 754 0.0237
769 754 0.1814
754 755 0.0237
757 756 0.3923
758 756 0.0996
769 756 0.1554
756 757 0.3923
756 758 0.0996
760 759 0.5537
761 759 0.3489
762 759 0.0981
759 760 0.5537
767 760 0.1067
768 760 0.1124
759 761 0.3489
759 762 0.0981
763 762 0.4141
764 762 0.0568
762 763 0.4141
765 763 0.0684
766 763 0.2173
762 764 0.0568
763 765 0.0684
763 766 0.2173
760 767 0.1067
760 768 0.1124
754 769 0.1814
756 769 0.1554
770 769 0.04
771 769 0.0194
772 769 0.031
769 770 0.04
769 771 0.0194
769 772 0.031
751 773 0.0247
751 774 0.2131
775 774 0.2025
776 774 0.084
774 775 0.2025
774 776 0.084
1 777 0.0306
778 777 0.0664
779 777 0.1766
777 778 0.0664
777 779 0.1766
780 779 0.1198
781 779 0.047
779 780 0.1198
779 781 0.047
1 782 0.0256
783 782 0.0473
784 782 0.1136
782 783 0.0473
782 784 0.1136
785 784 0.2194
786 784 0.0891
784 785 0.2194
784 786 0.0891
419 787 0.3055
788 787 0.3361
789 787 0.1423
790 787 0.3149
787 788 0.3361
787 789 0.1423
787 790 0.3149
1 791 0.0192
792 791 0.131
793 791 0.1499
791 792 0.131
791 793 0.1499
410 794 0.1681
1 795 0.02
796 795 0.0548
797 795 0.0515
795 796 0.0548
795 797 0.0515
4 798 0.0988
799 798 0.3153
800 798 0.6046
991 798 0.0214
798 799 0.3153
800 799 0.7189
802 799 0.4333
807 799 0.2614
798 800 0.6046
799 800 0.7189
801 800 0.1155
800 801 0.1155
799 802 0.4333
803 802 0.1458
806 802 0.2132
807 802 0.5005
802 803 0.1458
804 803 0.0916
805 803 0.6739
803 804 0.0916
803 805 0.6739
806 805 0.5313
809 805 0.0971
811 805 0.3043
802 806 0.2132
805 806 0.5313
808 806 0.6173
799 807 0.2614
802 807 0.5005
808 807 0.1882
834 807 0.0986
806 808 0.6173
807 808 0.1882
816 808 0.2728
805 809 0.0971
810 809 0.0689
811 809 0.1362
812 809 0.0419
809 810 0.0689
805 811 0.3043
809 811 0.1362
813 811 0.1983
809 812 0.0419
811 813 0.1983
814 813 0.0771
815 813 0.0386
813 814 0.0771
813 815 0.0386
808 816 0.2728
817 816 0.0927
834 816 0.3897
816 817 0.0927
818 817 0.1276
819 817 0.1972
419 818 0.0592
817 818 0.1276
825 818 0.2595
817 819 0.1972
820 819 0.079
821 819 0.0825
822 819 0.09
823 819 0.6868
819 820 0.079
819 821 0.0825
819 822 0.09
819 823 0.6868
824 823 0.1196
828 823 0.1878
823 824 0.1196
818 825 0.2595
737 826 0.5631
827 826 0.821
831 826 0.3814
826 827 0.821
828 827 0.9268
830 827 0.2596
823 828 0.1878
827 828 0.9268
829 828 0.2023
828 829 0.2023
827 830 0.2596
826 831 0.3814
742 832 0.0762
742 833 0.1576
807 834 0.0986
816 834 0.3897
835 834 0.6254
836 834 0.2887
834 835 0.6254
836 835 0.6498
837 835 0.3596
834 836 0.2887
835 836 0.6498
844 836 0.7148
835 837 0.3596
838 837 0.2537
839 837 0.098
844 837 0.2993
837 838 0.2537
837 839 0.098
840 839 0.1367
980 839 0.2013
839 840 0.1367
841 840 0.4214
979 840 0.0237
840 841 0.4214
842 841 0.488
969 841 0.0503
841 842 0.488
843 842 0.2896
977 842 0.0867
978 842 0.1994
842 843 0.2896
836 844 0.7148
837 844 0.2993
845 844 0.2453
844 845 0.2453
846 845 0.7651
853 845 0.296
845 846 0.7651
847 846 0.358
854 846 0.4792
857 846 0.2111
846 847 0.358
848 847 0.8945
858 847 0.4713
859 847 0.13
847 848 0.8945
849 848 1.0019
860 848 0.1591
848 849 1.0019
850 849 1.024
861 849 0.1674
862 849 0.3205
849 850 1.024
851 850 0.3527
863 850 0.1688
850 851 0.3527
852 851 0.0486
866 851 0.2142
851 852 0.0486
845 853 0.296
846 854 0.4792
855 854 0.3998
856 854 0.1832
854 855 0.3998
854 856 0.1832
846 857 0.2111
847 858 0.4713
847 859 0.13
864 859 0.0241
865 859 0.0536
848 860 0.1591
849 861 0.1674
849 862 0.3205
850 863 0.1688
859 864 0.0241
859 865 0.0536
851 866 0.2142
867 866 0.4016
883 866 0.0494
884 866 0.1273
866 867 0.4016
868 867 0.7117
882 867 0.1644
885 867 0.1539
867 868 0.7117
869 868 0.3025
873 868 0.4409
878 868 0.0788
868 869 0.3025
870 869 0.0471
871 869 0.3008
885 869 0.1898
869 870 0.0471
869 871 0.3008
891 871 0.1379
892 871 0.1209
891 872 0.2226
868 873 0.4409
874 873 0.7267
877 873 0.528
873 874 0.7267
875 874 0.1499
879 874 0.0833
874 875 0.1499
876 875 0.3473
914 875 0.32
875 876 0.3473
873 877 0.528
868 878 0.0788
874 879 0.0833
880 879 0.1297
881 879 0.0691
879 880 0.1297
879 881 0.0691
867 882 0.1644
866 883 0.0494
866 884 0.1273
867 885 0.1539
869 885 0.1898
886 885 0.225
885 886 0.225
887 886 0.2976
888 886 0.3153
889 886 0.1757
886 887 0.2976
886 888 0.3153
886 889 0.1757
891 890 0.0692
871 891 0.1379
872 891 0.2226
890 891 0.0692
871 892 0.1209
893 892 0.1179
894 892 0.1389
892 893 0.1179
892 894 0.1389
895 894 0.011
896 894 0.1239
901 894 0.0454
902 894 0.0678
909 894 0.0472
894 895 0.011
894 896 0.1239
897 896 0.1387
898 896 0.1215
896 897 0.1387
896 898 0.1215
899 898 0.1128
900 898 0.077
898 899 0.1128
898 900 0.077
894 901 0.0454
894 902 0.0678
903 902 0.0994
904 902 0.1114
902 903 0.0994
902 904 0.1114
905 904 0.0704
906 904 0.1588
904 905 0.0704
904 906 0.1588
907 906 0.0139
908 906 0.0442
906 907 0.0139
906 908 0.0442
894 909 0.0472
910 909 0.0454
911 909 0.0226
909 910 0.0454
909 911 0.0226
912 911 0.0146
913 911 0.0196
911 912 0.0146
911 913 0.0196
875 914 0.32
915 914 0.8006
949 914 0.1121
914 915 0.8006
916 915 0.4602
938 915 0.2074
915 916 0.4602
918 917 0.0132
919 917 0.0273
920 917 0.0445
921 917 0.0507
938 917 0.3415
917 918 0.0132
917 919 0.0273
917 920 0.0445
917 921 0.0507
923 922 0.0211
924 922 0.0504
925 922 0.0295
939 922 0.0857
922 923 0.0211
922 924 0.0504
922 925 0.0295
945 926 0.1284
928 927 0.0275
929 927 0.0539
930 927 0.0598
931 927 0.0389
932 927 0.0587
933 927 0.0543
934 927 0.0443
935 927 0.0404
936 927 0.0651
937 927 0.0592
948 927 0.2939
927 928 0.0275
927 929 0.0539
927 930 0.0598
927 931 0.0389
927 932 0.0587
927 933 0.0543
927 934 0.0443
927 935 0.0404
927 936 0.0651
927 937 0.0592
915 938 0.2074
917 938 0.3415
939 938 0.3361
922 939 0.0857
938 939 0.3361
940 939 0.4829
950 939 0.1601
963 939 0.2304
939 940 0.4829
942 940 0.1
943 940 0.2476
948 940 0.1881
942 941 0.2493
940 942 0.1
941 942 0.2493
945 942 0.3224
948 942 0.0658
940 943 0.2476
944 943 0.2897
947 943 0.0743
943 944 0.2897
945 944 0.4284
946 944 0.1042
926 945 0.1284
942 945 0.3224
944 945 0.4284
944 946 0.1042
943 947 0.0743
927 948 0.2939
940 948 0.1881
942 948 0.0658
914 949 0.1121
950 949 0.0898
951 949 0.0501
952 949 0.0417
953 949 0.0208
954 949 0.0262
955 949 0.0267
939 950 0.1601
949 950 0.0898
956 950 0.0901
957 950 0.0569
949 951 0.0501
949 952 0.0417
949 953 0.0208
949 954 0.0262
967 954 0.0302
968 954 0.0252
949 955 0.0267
950 956 0.0901
960 956 0.0726
962 956 0.0435
950 957 0.0569
958 957 0.0238
959 957 0.0247
960 957 0.0969
966 957 0.0282
957 958 0.0238
957 959 0.0247
956 960 0.0726
957 960 0.0969
961 960 0.0596
960 961 0.0596
956 962 0.0435
939 963 0.2304
964 963 0.1036
965 963 0.0497
963 964 0.1036
963 965 0.0497
957 966 0.0282
954 967 0.0302
954 968 0.0252
841 969 0.0503
970 969 0.056
971 969 0.0397
972 969 0.044
973 969 0.0611
974 969 0.0373
975 969 0.0323
976 969 0.0422
969 970 0.056
969 971 0.0397
969 972 0.044
969 973 0.0611
969 974 0.0373
969 975 0.0323
969 976 0.0422
842 977 0.0867
842 978 0.1994
840 979 0.0237
839 980 0.2013
981 980 0.0959
982 980 0.0743
983 980 0.0419
980 981 0.0959
980 982 0.0743
980 983 0.0419
4 984 0.0534
985 984 0.1558
986 984 0.1434
984 985 0.1558
984 986 0.1434
987 986 0.2231
988 986 0.1276
986 987 0.2231
986 988 0.1276
989 988 0.0879
990 988 0.1057
988 989 0.0879
988 990 0.1057
798 991 0.0214
1 992 0.0179
993 992 0.0483
995 992 0.4808
998 992 0.1803
992 993 0.0483
1 994 0.0185
995 994 0.0494
1215 994 0.0319
992 995 0.4808
994 995 0.0494
996 995 0.2155
995 996 0.2155
997 996 0.0331
1003 996 0.2131
996 997 0.0331
992 998 0.1803
999 998 0.0448
1003 998 0.6897
1005 998 0.2861
998 999 0.0448
1000 999 0.1076
1001 999 0.2152
1002 999 0.2811
999 1000 0.1076
999 1001 0.2152
999 1002 0.2811
996 1003 0.2131
998 1003 0.6897
1004 1003 0.0426
1003 1004 0.0426
998 1005 0.2861
1006 1005 0.0666
1007 1005 0.6536
1005 1006 0.0666
1005 1007 0.6536
1008 1007 0.1105
1009 1007 0.1987
1007 1008 0.1105
1011 1008 1.3046
1013 1008 0.5963
1014 1008 0.1572
1007 1009 0.1987
1010 1009 0.0438
1011 1009 0.2871
1009 1010 0.0438
1008 1011 1.3046
1009 1011 0.2871
1012 1011 0.5008
1041 1011 0.0634
1011 1012 0.5008
1013 1012 1.0087
1041 1012 0.1511
1044 1012 0.2152
1008 1013 0.5963
1012 1013 1.0087
1014 1013 0.2587
1047 1013 0.7342
1008 1014 0.1572
1013 1014 0.2587
1015 1014 0.2244
1014 1015 0.2244
1016 1015 0.1588
1017 1015 0.4107
1019 1015 0.0571
1015 1016 0.1588
1015 1017 0.4107
1018 1017 0.0946
1020 1017 0.5
1017 1018 0.0946
1015 1019 0.0571
1017 1020 0.5
1021 1020 0.2218
1025 1020 0.1926
1181 1020 0.3272
1020 1021 0.2218
1022 1021 0.0861
1024 1021 0.0653
1021 1022 0.0861
1023 1022 0.245
1184 1022 0.2046
1022 1023 0.245
1021 1024 0.0653
1020 1025 0.1926
1026 1025 0.1584
1027 1025 0.5708
1025 1026 0.1584
1025 1027 0.5708
1028 1027 0.0317
1029 1027 0.6094
1027 1028 0.0317
1027 1029 0.6094
1030 1029 0.0427
1031 1029 0.2465
1029 1030 0.0427
1029 1031 0.2465
1032 1031 0.0419
1033 1031 0.2534
1038 1031 0.0438
1031 1032 0.0419
1031 1033 0.2534
1034 1033 0.0552
1035 1033 0.2164
1033 1034 0.0552
1033 1035 0.2164
1036 1035 0.0808
1037 1035 0.0967
1035 1036 0.0808
1035 1037 0.0967
1031 1038 0.0438
1039 1038 0.0198
1040 1038 0.0091
1038 1039 0.0198
1038 1040 0.0091
1011 1041 0.0634
1012 1041 0.1511
1042 1041 0.0942
1043 1041 0.2406
1041 1042 0.0942
1041 1043 0.2406
1012 1044 0.2152
1045 1044 0.215
1046 1044 0.0516
1044 1045 0.215
1044 1046 0.0516
1013 1047 0.7342
1048 1047 0.0733
1049 1047 0.3369
1055 1047 0.1214
1047 1048 0.0733
1057 1048 0.2945
1060 1048 0.0266
1047 1049 0.3369
1050 1049 0.0971
1056 1049 0.2495
1061 1049 0.1956
1049 1050 0.0971
1051 1050 0.0164
1052 1050 0.0363
1053 1050 0.0721
1054 1050 0.1344
1050 1051 0.0164
1050 1052 0.0363
1050 1053 0.0721
1050 1054 0.1344
1047 1055 0.1214
1049 1056 0.2495
1048 1057 0.2945
1058 1057 0.1293
1059 1057 0.1245
1130 1057 0.0959
1057 1058 0.1293
1057 1059 0.1245
1048 1060 0.0266
1049 1061 0.1956
1062 1061 0.245
1063 1061 0.2742
1131 1061 0.4452
1061 1062 0.245
1061 1063 0.2742
1064 1063 0.7407
1065 1063 0.31
1063 1064 0.7407
1063 1065 0.31
1066 1065 0.0672
1067 1065 0.0625
1068 1065 0.4617
1065 1066 0.0672
1065 1067 0.0625
1065 1068 0.4617
1069 1068 0.093
1070 1068 0.5737
1068 1069 0.093
1068 1070 0.5737
1071 1070 0.2147
1072 1070 0.1017
1073 1070 0.4533
1078 1070 0.367
1070 1071 0.2147
1070 1072 0.1017
1070 1073 0.4533
1074 1073 0.2456
1075 1073 0.7194
1073 1074 0.2456
1073 1075 0.7194
1076 1075 0.1026
1077 1075 0.0777
1075 1076 0.1026
1075 1077 0.0777
1070 1078 0.367
1079 1078 0.1167
1080 1078 0.2942
1078 1079 0.1167
1078 1080 0.2942
1081 1080 0.1559
1082 1080 0.0555
1083 1080 0.2526
1080 1081 0.1559
1080 1082 0.0555
1080 1083 0.2526
1084 1083 0.1103
1085 1083 0.1654
1086 1083 0.1532
1095 1083 0.0205
1083 1084 0.1103
1083 1085 0.1654
1086 1085 0.7843
1096 1085 0.3059
1083 1086 0.1532
1085 1086 0.7843
1087 1086 0.025
1099 1086 0.2091
1086 1087 0.025
1088 1087 0.0804
1092 1087 0.0678
1087 1088 0.0804
1089 1088 0.0126
1090 1088 0.0215
1091 1088 0.0081
1088 1089 0.0126
1088 1090 0.0215
1088 1091 0.0081
1087 1092 0.0678
1093 1092 0.0295
1094 1092 0.0078
1092 1093 0.0295
1092 1094 0.0078
1083 1095 0.0205
1085 1096 0.3059
1097 1096 0.0794
1098 1096 0.0741
1096 1097 0.0794
1096 1098 0.0741
1086 1099 0.2091
1100 1099 0.3357
1102 1099 0.1899
1099 1100 0.3357
1101 1100 0.0612
1106 1100 0.3065
1121 1100 0.1734
1100 1101 0.0612
1099 1102 0.1899
1103 1102 0.0202
1104 1102 0.0256
1105 1102 0.0114
1102 1103 0.0202
1102 1104 0.0256
1102 1105 0.0114
1100 1106 0.3065
1107 1106 0.0547
1108 1106 0.5593
1106 1107 0.0547
1106 1108 0.5593
1109 1108 0.0471
1110 1108 0.4666
1108 1109 0.0471
1108 1110 0.4666
1111 1110 0.0492
1112 1110 0.6262
1110 1111 0.0492
1110 1112 0.6262
1113 1112 0.0349
1114 1112 0.5882
1116 1112 0.0337
1112 1113 0.0349
1112 1114 0.5882
1115 1114 0.0329
1117 1114 0.0325
1118 1114 0.601
1114 1115 0.0329
1112 1116 0.0337
1114 1117 0.0325
1114 1118 0.601
1119 1118 0.2291
1120 1118 0.1269
1118 1119 0.2291
1118 1120 0.1269
1100 1121 0.1734
1122 1121 0.0784
1123 1121 0.071
1121 1122 0.0784
1121 1123 0.071
1124 1123 0.0992
1125 1123 0.2668
1123 1124 0.0992
1123 1125 0.2668
1126 1125 0.1938
1129 1125 0.0978
1125 1126 0.1938
1127 1126 0.0967
1128 1126 0.1278
1126 1127 0.0967
1126 1128 0.1278
1125 1129 0.0978
1057 1130 0.0959
1061 1131 0.4452
1132 1131 0.3727
1135 1131 0.5045
1131 1132 0.3727
1133 1132 0.2915
1134 1132 0.3827
1132 1133 0.2915
1132 1134 0.3827
1131 1135 0.5045
1136 1135 0.1389
1137 1135 0.0794
1138 1135 0.149
1135 1136 0.1389
1135 1137 0.0794
1135 1138 0.149
1139 1138 0.3668
1140 1138 0.2111
1159 1138 0.3166
1138 1139 0.3668
1138 1140 0.2111
1142 1141 0.0554
1143 1141 0.0445
1144 1141 0.0949
1145 1141 0.0648
1146 1141 0.1222
1158 1141 0.2163
1141 1142 0.0554
1151 1142 0.1024
1152 1142 0.0394
1141 1143 0.0445
1153 1143 0.0638
1154 1143 0.0774
1141 1144 0.0949
1149 1144 0.1446
1150 1144 0.0435
1141 1145 0.0648
1147 1145 0.0209
1148 1145 0.0352
1141 1146 0.1222
1145 1147 0.0209
1145 1148 0.0352
1144 1149 0.1446
1144 1150 0.0435
1142 1151 0.1024
1142 1152 0.0394
1143 1153 0.0638
1143 1154 0.0774
1156 1155 0.0197
1157 1155 0.0136
1158 1155 0.0934
1155 1156 0.0197
1155 1157 0.0136
1141 1158 0.2163
1155 1158 0.0934
1177 1158 0.155
1138 1159 0.3166
1160 1159 0.5907
1161 1159 0.271
1162 1159 0.788
1159 1160 0.5907
1159 1161 0.271
1159 1162 0.788
1163 1162 0.6046
1164 1162 0.0312
1165 1162 0.5928
1162 1163 0.6046
1162 1164 0.0312
1162 1165 0.5928
1166 1165 0.3372
1169 1165 0.45
1171 1165 0.0784
1172 1165 0.0943
1165 1166 0.3372
1167 1166 0.0626
1168 1166 0.0495
1166 1167 0.0626
1166 1168 0.0495
1165 1169 0.45
1170 1169 0.0543
1173 1169 0.2944
1169 1170 0.0543
1165 1171 0.0784
1165 1172 0.0943
1169 1173 0.2944
1174 1173 0.0745
1175 1173 0.2309
1173 1174 0.0745
1173 1175 0.2309
1176 1175 0.429
1177 1175 0.389
1175 1176 0.429
1158 1177 0.155
1175 1177 0.389
1178 1177 0.3296
1177 1178 0.3296
1179 1178 0.1672
1180 1178 0.0369
1178 1179 0.1672
1178 1180 0.0369
1020 1181 0.3272
1182 1181 0.0499
1183 1181 0.0778
1184 1181 0.1291
1181 1182 0.0499
1252 1182 0.3362
1254 1182 0.1343
1255 1182 0.3864
1181 1183 0.0778
1022 1184 0.2046
1181 1184 0.1291
1185 1184 0.2209
1184 1185 0.2209
1186 1185 0.0727
1187 1185 0.512
1185 1186 0.0727
1185 1187 0.512
1188 1187 0.0877
1189 1187 0.1113
1190 1187 0.3926
1187 1188 0.0877
1187 1189 0.1113
1187 1190 0.3926
1191 1190 0.5266
1201 1190 0.1659
1190 1191 0.5266
1192 1191 0.2056
1197 1191 0.2117
1191 1192 0.2056
1193 1192 0.2826
1196 1192 0.0245
1192 1193 0.2826
1194 1193 0.1557
1195 1193 0.126
1193 1194 0.1557
1193 1195 0.126
1192 1196 0.0245
1191 1197 0.2117
1198 1197 0.287
1199 1197 0.1311
1197 1198 0.287
1197 1199 0.1311
1200 1199 0.0096
1328 1199 0.3922
1335 1199 0.3346
1356 1199 0.0467
1199 1200 0.0096
1190 1201 0.1659
1202 1201 0.0613
1203 1201 0.186
1201 1202 0.0613
1201 1203 0.186
1204 1203 0.0251
1205 1203 0.162
1203 1204 0.0251
1277 1204 0.089
1283 1204 0.0531
1203 1205 0.162
1206 1205 0.0421
1209 1205 0.0784
1205 1206 0.0421
1207 1206 0.0385
1208 1206 0.088
1206 1207 0.0385
1206 1208 0.088
1205 1209 0.0784
1210 1209 0.0171
1211 1209 0.0325
1209 1210 0.0171
1209 1211 0.0325
1212 1211 0.0593
1213 1211 0.0548
1214 1211 0.056
1329 1211 0.028
1211 1212 0.0593
1211 1213 0.0548
1211 1214 0.056
1 1215 0.0161
994 1215 0.0319
1216 1215 0.1752
1215 1216 0.1752
1217 1216 0.0976
1218 1216 0.0938
1216 1217 0.0976
1216 1218 0.0938
1219 1218 0.0793
1223 1218 0.0754
1218 1219 0.0793
1 1220 0.017
1221 1220 0.0462
1225 1220 0.1156
1368 1220 0.2434
1220 1221 0.0462
1222 1221 0.0818
1223 1221 0.0455
1221 1222 0.0818
1218 1223 0.0754
1221 1223 0.0455
1224 1223 0.0807
1223 1224 0.0807
1220 1225 0.1156
1226 1225 0.1349
1362 1225 0.0303
1363 1225 0.0555
1225 1226 0.1349
1227 1226 0.0776
1361 1226 0.0221
1226 1227 0.0776
1228 1227 0.0323
1229 1227 0.7315
1227 1228 0.0323
1227 1229 0.7315
1230 1229 0.3845
1235 1229 0.3634
1247 1229 0.7369
1229 1230 0.3845
1231 1230 0.0763
1232 1230 0.3455
1230 1231 0.0763
1230 1232 0.3455
1233 1232 0.083
1234 1232 0.1376
1232 1233 0.083
1232 1234 0.1376
1229 1235 0.3634
1236 1235 0.1519
1241 1235 0.0852
1235 1236 0.1519
1237 1236 0.1321
1238 1236 0.1376
1236 1237 0.1321
1236 1238 0.1376
1239 1238 0.0642
1240 1238 0.0687
1238 1239 0.0642
1238 1240 0.0687
1235 1241 0.0852
1242 1241 0.123
1295 1241 0.2793
1395 1241 0.1108
1241 1242 0.123
1243 1242 0.0457
1244 1242 0.5139
1242 1243 0.0457
1242 1244 0.5139
1245 1244 0.3984
1246 1244 0.2388
1244 1245 0.3984
1244 1246 0.2388
1229 1247 0.7369
1248 1247 0.5435
1249 1247 0.2121
1247 1248 0.5435
1247 1249 0.2121
1250 1249 0.1776
