2 1 0.0121
3 1 0.0095
4 1 0.0102
5 1 0.0114
6 1 0.0133
7 1 0.0101
8 1 0.0113
9 1 0.0112
10 1 0.0114
11 1 0.0088
12 1 0.0086
13 1 0.0088
15 1 0.0097
17 1 0.008
112 1 0.0081
114 1 0.0022
118 1 0.0085
147 1 0.0079
151 1 0.0083
155 1 0.009
161 1 0.0045
173 1 0.0084
184 1 0.0059
227 1 0.0067
240 1 0.0057
241 1 0.0066
1 2 0.0121
14 2 0.0053
15 2 0.0192
1 3 0.0095
24 3 0.0166
77 3 0.0274
86 3 0.0083
1 4 0.0102
77 4 0.0249
90 4 0.0129
1 5 0.0114
143 5 0.0108
147 5 0.0484
1 6 0.0133
173 6 0.0259
183 6 0.0065
1 7 0.0101
185 7 0.0242
212 7 0.0116
228 7 0.0052
1 8 0.0113
227 8 0.0169
230 8 0.028
1 9 0.0112
230 9 0.0248
237 9 0.0219
1 10 0.0114
236 10 0.0358
240 10 0.0147
1 11 0.0088
250 11 0.0236
251 11 0.0161
254 11 0.0178
1 12 0.0086
60 12 0.0142
255 12 0.0283
258 12 0.0251
259 12 0.0147
260 12 0.0041
1 13 0.0088
20 13 0.0202
60 13 0.0152
2 14 0.0053
15 14 0.0087
16 14 0.0049
23 14 0.007
1 15 0.0097
2 15 0.0192
14 15 0.0087
16 15 0.0402
14 16 0.0049
15 16 0.0402
26 16 0.0049
1 17 0.008
18 17 0.0016
19 17 0.0169
17 18 0.0016
19 18 0.0023
21 18 0.0381
23 18 0.0024
17 19 0.0169
18 19 0.0023
20 19 0.0734
13 20 0.0202
19 20 0.0734
21 20 0.0192
18 21 0.0381
20 21 0.0192
22 21 0.0114
21 22 0.0114
23 22 0.008
41 22 0.047
14 23 0.007
18 23 0.0024
22 23 0.008
3 24 0.0166
25 24 0.0059
27 24 0.0013
24 25 0.0059
26 25 0.008
34 25 0.0119
40 25 0.0006
70 25 0.0005
16 26 0.0049
25 26 0.008
40 26 0.0367
24 27 0.0013
28 27 0.006
86 27 0.0006
27 28 0.006
76 28 0.0021
88 28 0.0009
30 29 0.0192
32 29 0.0264
40 29 0.012
52 29 0.0035
70 29 0.0102
29 30 0.0192
31 30 0.0089
32 30 0.0275
55 30 0.019
30 31 0.0089
33 31 0.0235
414 31 0.0134
29 32 0.0264
30 32 0.0275
33 32 0.0161
31 33 0.0235
32 33 0.0161
414 33 0.0045
25 34 0.0119
35 34 0.0134
37 34 0.0047
34 35 0.0134
71 35 0.0106
419 35 0.0103
415 36 0.0044
416 36 0.002
419 36 0.0225
509 36 0.0017
34 37 0.0047
38 37 0.0028
75 37 0.0012
37 38 0.0028
80 38 0.0005
558 38 0.0029
70 39 0.0029
25 40 0.0006
26 40 0.0367
29 40 0.012
22 41 0.047
42 41 0.0075
44 41 0.0803
41 42 0.0075
43 42 0.023
49 42 0.0033
42 43 0.023
44 43 0.1301
47 43 0.0371
41 44 0.0803
43 44 0.1301
45 44 0.0056
44 45 0.0056
47 45 0.0422
48 45 0.0177
57 45 0.0712
66 45 0.0121
47 46 0.0036
43 47 0.0371
45 47 0.0422
46 47 0.0036
48 47 0.0299
45 48 0.0177
47 48 0.0299
49 48 0.0168
301 48 0.0377
42 49 0.0033
48 49 0.0168
52 49 0.0581
414 49 0.0076
51 50 0.0217
69 50 0.006
299 50 0.0304
303 50 0.0526
414 50 0.0111
50 51 0.0217
406 51 0.0067
414 51 0.0107
29 52 0.0035
49 52 0.0581
53 52 0.0095
52 53 0.0095
54 53 0.0068
56 53 0.0117
53 54 0.0068
55 54 0.0054
56 54 0.0122
30 55 0.019
54 55 0.0054
56 55 0.0127
414 55 0.0085
53 56 0.0117
54 56 0.0122
55 56 0.0127
414 56 0.0153
45 57 0.0712
58 57 0.0096
65 57 0.0033
57 58 0.0096
59 58 0.0236
61 58 0.0038
63 58 0.0057
58 59 0.0236
60 59 0.0558
61 59 0.0072
12 60 0.0142
13 60 0.0152
59 60 0.0558
667 60 0.0011
58 61 0.0038
59 61 0.0072
284 61 0.0013
63 62 0.0653
58 63 0.0057
62 63 0.0653
64 63 0.0789
63 64 0.0789
65 64 0.0038
270 64 0.0032
57 65 0.0033
64 65 0.0038
66 65 0.0457
45 66 0.0121
65 66 0.0457
67 66 0.0286
66 67 0.0286
68 67 0.0469
296 67 0.0041
300 67 0.0065
67 68 0.0469
69 68 0.022
298 68 0.0086
300 68 0.005
304 68 0.013
50 69 0.006
68 69 0.022
300 69 0.0094
304 69 0.0216
306 69 0.0087
307 69 0.0012
25 70 0.0005
29 70 0.0102
39 70 0.0029
35 71 0.0106
72 71 0.006
73 71 0.0085
71 72 0.006
415 72 0.0094
419 72 0.0046
71 73 0.0085
550 73 0.0006
558 73 0.0006
417 74 0.0054
37 75 0.0012
28 76 0.0021
3 77 0.0274
4 77 0.0249
78 77 0.0116
90 77 0.0058
77 78 0.0116
79 78 0.004
87 78 0.0032
78 79 0.004
80 79 0.0023
87 79 0.001
93 79 0.0014
38 80 0.0005
79 80 0.0023
81 80 0.0014
89 80 0.002
80 81 0.0014
82 81 0.0002
84 81 0.0006
85 81 0.0017
591 81 0.0008
81 82 0.0002
83 82 0.0006
101 82 0.0017
82 83 0.0006
81 84 0.0006
81 85 0.0017
3 86 0.0083
27 86 0.0006
87 86 0.0006
78 87 0.0032
79 87 0.001
86 87 0.0006
28 88 0.0009
80 89 0.002
4 90 0.0129
77 90 0.0058
91 90 0.0055
90 91 0.0055
92 91 0.0007
94 91 0.0095
91 92 0.0007
93 92 0.0037
95 92 0.036
79 93 0.0014
92 93 0.0037
97 93 0.0027
91 94 0.0095
95 94 0.0064
114 94 0.0015
92 95 0.036
94 95 0.0064
104 95 0.0137
107 96 0.0088
111 96 0.0039
113 96 0.002
114 96 0.0024
93 97 0.0027
99 97 0.0022
103 97 0.0005
99 98 0.0008
97 99 0.0022
98 99 0.0008
100 99 0.0003
99 100 0.0003
82 101 0.0017
103 101 0.0008
563 101 0.0006
103 102 0.0014
97 103 0.0005
101 103 0.0008
102 103 0.0014
95 104 0.0137
105 104 0.0006
106 104 0.0026
109 104 0.0008
426 104 0.0006
104 105 0.0006
104 106 0.0026
420 106 0.0004
424 106 0.0012
96 107 0.0088
108 107 0.0174
121 107 0.0085
107 108 0.0174
109 108 0.001
121 108 0.0027
104 109 0.0008
108 109 0.001
110 109 0.0087
109 110 0.0087
434 110 0.0136
440 110 0.0112
96 111 0.0039
1 112 0.0081
113 112 0.0214
115 112 0.0048
96 113 0.002
112 113 0.0214
114 113 0.012
115 113 0.0252
137 113 0.0032
1 114 0.0022
94 114 0.0015
96 114 0.0024
113 114 0.012
112 115 0.0048
113 115 0.0252
116 115 0.0096
136 115 0.0074
115 116 0.0096
117 116 0.008
119 116 0.0028
116 117 0.008
118 117 0.0082
120 117 0.0091
1 118 0.0085
117 118 0.0082
125 118 0.0055
116 119 0.0028
120 119 0.021
121 119 0.0042
117 120 0.0091
119 120 0.021
122 120 0.0124
107 121 0.0085
108 121 0.0027
119 121 0.0042
120 122 0.0124
123 122 0.0044
124 122 0.0007
122 123 0.0044
122 124 0.0007
118 125 0.0055
126 125 0.0443
127 125 0.0113
125 126 0.0443
133 126 0.0058
143 126 0.0303
125 127 0.0113
129 127 0.0129
131 127 0.003
135 127 0.0105
142 127 0.0039
138 128 0.001
139 128 0.0007
142 128 0.0105
127 129 0.0129
130 129 0.0029
131 129 0.0058
140 129 0.0022
129 130 0.0029
429 130 0.0018
430 130 0.0028
431 130 0.0042
432 130 0.0056
433 130 0.0024
127 131 0.003
129 131 0.0058
132 131 0.0031
131 132 0.0031
443 132 0.0035
603 132 0.0013
126 133 0.0058
134 133 0.0162
135 133 0.0076
133 134 0.0162
135 134 0.0043
448 134 0.0029
127 135 0.0105
133 135 0.0076
134 135 0.0043
115 136 0.0074
113 137 0.0032
128 138 0.001
128 139 0.0007
129 140 0.0022
142 141 0.0025
127 142 0.0039
128 142 0.0105
141 142 0.0025
5 143 0.0108
126 143 0.0303
144 143 0.0108
143 144 0.0108
145 144 0.0182
146 144 0.0083
144 145 0.0182
146 145 0.0218
148 145 0.0053
149 145 0.0291
144 146 0.0083
145 146 0.0218
154 146 0.0158
1 147 0.0079
5 147 0.0484
148 147 0.0222
150 147 0.0177
145 148 0.0053
147 148 0.0222
149 148 0.0247
145 149 0.0291
148 149 0.0247
150 149 0.0373
147 150 0.0177
149 150 0.0373
152 150 0.0262
1 151 0.0083
152 151 0.0333
155 151 0.0086
150 152 0.0262
151 152 0.0333
153 152 0.0243
152 153 0.0243
154 153 0.0171
156 153 0.0085
146 154 0.0158
153 154 0.0171
157 154 0.0166
158 154 0.0124
1 155 0.009
151 155 0.0086
156 155 0.0257
153 156 0.0085
155 156 0.0257
157 156 0.0279
163 156 0.0084
154 157 0.0166
156 157 0.0279
158 157 0.0497
162 157 0.0396
154 158 0.0124
157 158 0.0497
164 158 0.012
160 159 0.0127
161 159 0.0238
163 159 0.0135
159 160 0.0127
162 160 0.0129
165 160 0.0051
170 160 0.009
1 161 0.0045
159 161 0.0238
163 161 0.0066
157 162 0.0396
160 162 0.0129
163 162 0.0146
156 163 0.0084
159 163 0.0135
161 163 0.0066
162 163 0.0146
158 164 0.012
160 165 0.0051
166 165 0.0044
167 165 0.0021
165 166 0.0044
168 166 0.0027
169 166 0.0048
165 167 0.0021
166 168 0.0027
166 169 0.0048
160 170 0.009
171 170 0.0171
449 170 0.0056
170 171 0.0171
172 171 0.0075
445 171 0.0033
171 172 0.0075
1 173 0.0084
6 173 0.0259
174 173 0.0031
175 173 0.0053
182 173 0.0041
173 174 0.0031
173 175 0.0053
176 175 0.0038
178 175 0.0588
175 176 0.0038
177 176 0.0031
178 176 0.0016
176 177 0.0031
175 178 0.0588
176 178 0.0016
179 178 0.0045
180 178 0.0022
178 179 0.0045
452 179 0.002
620 179 0.0021
178 180 0.0022
181 180 0.0041
452 180 0.0011
180 181 0.0041
173 182 0.0041
6 183 0.0065
1 184 0.0059
186 184 0.0075
188 184 0.004
7 185 0.0242
186 185 0.0261
189 185 0.0151
184 186 0.0075
185 186 0.0261
187 186 0.007
186 187 0.007
189 187 0.0051
194 187 0.0213
184 188 0.004
185 189 0.0151
187 189 0.0051
190 189 0.0284
189 190 0.0284
191 190 0.0059
213 190 0.0684
190 191 0.0059
192 191 0.0476
211 191 0.0013
191 192 0.0476
193 192 0.0219
196 192 0.0262
192 193 0.0219
201 193 0.007
204 193 0.0115
187 194 0.0213
462 194 0.0022
621 194 0.0137
459 195 0.0033
462 195 0.0103
621 195 0.0069
192 196 0.0262
197 196 0.0026
198 196 0.0052
196 197 0.0026
196 198 0.0052
199 198 0.0058
200 198 0.0053
198 199 0.0058
198 200 0.0053
193 201 0.007
202 201 0.0124
203 201 0.004
201 202 0.0124
207 202 0.0023
343 202 0.0016
201 203 0.004
351 203 0.005
352 203 0.0094
193 204 0.0115
205 204 0.0221
206 204 0.0162
465 204 0.0088
204 205 0.0221
210 205 0.0113
353 205 0.0045
204 206 0.0162
208 206 0.0071
209 206 0.0099
202 207 0.0023
206 208 0.0071
206 209 0.0099
464 209 0.0034
465 209 0.0119
205 210 0.0113
191 211 0.0013
7 212 0.0116
213 212 0.0228
229 212 0.007
190 213 0.0684
212 213 0.0228
214 213 0.0081
213 214 0.0081
216 214 0.0193
222 214 0.0176
222 215 0.0195
225 215 0.0269
226 215 0.0051
214 216 0.0193
226 216 0.0216
229 216 0.0236
230 216 0.0014
231 216 0.009
281 216 0.0007
218 217 0.011
221 217 0.0049
225 217 0.0395
217 218 0.011
219 218 0.0055
220 218 0.0088
218 219 0.0055
331 219 0.0056
337 219 0.0029
218 220 0.0088
217 221 0.0049
328 221 0.0039
329 221 0.0014
214 222 0.0176
215 222 0.0195
223 222 0.001
226 222 0.0153
222 223 0.001
224 223 0.0045
225 223 0.0036
342 223 0.0025
223 224 0.0045
215 225 0.0269
217 225 0.0395
223 225 0.0036
215 226 0.0051
216 226 0.0216
222 226 0.0153
1 227 0.0067
8 227 0.0169
228 227 0.0047
7 228 0.0052
227 228 0.0047
229 228 0.002
212 229 0.007
216 229 0.0236
228 229 0.002
8 230 0.028
9 230 0.0248
216 230 0.0014
238 230 0.0624
216 231 0.009
232 231 0.0043
233 231 0.0071
231 232 0.0043
231 233 0.0071
234 233 0.0049
280 233 0.0018
233 234 0.0049
235 234 0.0058
669 234 0.004
234 235 0.0058
10 236 0.0358
237 236 0.0324
240 236 0.0257
9 237 0.0219
236 237 0.0324
238 237 0.0782
242 237 0.0153
230 238 0.0624
237 238 0.0782
239 238 0.0013
243 238 0.0088
238 239 0.0013
1 240 0.0057
10 240 0.0147
236 240 0.0257
241 240 0.0449
1 241 0.0066
240 241 0.0449
249 241 0.0478
250 241 0.0911
237 242 0.0153
243 242 0.0241
249 242 0.026
238 243 0.0088
242 243 0.0241
244 243 0.0073
249 243 0.0073
243 244 0.0073
246 245 0.0137
250 245 0.0199
252 245 0.0097
245 246 0.0137
247 246 0.006
248 246 0.0016
246 247 0.006
246 248 0.0016
241 249 0.0478
242 249 0.026
243 249 0.0073
11 250 0.0236
241 250 0.0911
245 250 0.0199
11 251 0.0161
252 251 0.0072
254 251 0.09
245 252 0.0097
251 252 0.0072
253 252 0.0058
254 252 0.0059
255 252 0.0124
252 253 0.0058
256 253 0.0028
257 253 0.0372
11 254 0.0178
251 254 0.09
252 254 0.0059
255 254 0.0978
12 255 0.0283
252 255 0.0124
254 255 0.0978
253 256 0.0028
257 256 0.0018
278 256 0.0117
253 257 0.0372
256 257 0.0018
259 257 0.0009
12 258 0.0251
260 258 0.0083
261 258 0.007
12 259 0.0147
257 259 0.0009
318 259 0.0038
12 260 0.0041
258 260 0.0083
261 260 0.0032
289 260 0.0024
258 261 0.007
260 261 0.0032
262 261 0.0273
261 262 0.0273
263 262 0.0143
277 262 0.0024
262 263 0.0143
264 263 0.0372
277 263 0.0089
263 264 0.0372
265 264 0.0284
289 264 0.0096
264 265 0.0284
286 265 0.0057
375 265 0.0064
287 266 0.0178
295 266 0.0227
378 266 0.0028
268 267 0.0067
288 267 0.004
289 267 0.0225
267 268 0.0067
269 268 0.0196
271 268 0.007
309 268 0.0005
268 269 0.0196
305 269 0.0025
308 269 0.0034
402 269 0.0011
484 269 0.0095
64 270 0.0032
271 270 0.0021
304 270 0.0015
268 271 0.007
270 271 0.0021
305 271 0.0026
274 272 0.0047
322 272 0.0101
376 272 0.0036
274 273 0.5682
272 274 0.0047
273 274 0.5682
313 274 0.0081
276 275 0.0086
313 275 0.0157
686 275 0.0002
275 276 0.0086
364 276 0.0011
366 276 0.0082
367 276 0.0028
262 277 0.0024
263 277 0.0089
377 277 0.0242
256 278 0.0117
279 278 0.0187
281 278 0.0147
278 279 0.0187
280 279 0.0109
318 279 0.0008
233 280 0.0018
279 280 0.0109
340 280 0.0015
341 280 0.0029
216 281 0.0007
278 281 0.0147
282 281 0.0022
283 281 0.0034
281 282 0.0022
281 283 0.0034
61 284 0.0013
285 284 0.0038
668 284 0.0024
284 285 0.0038
265 286 0.0057
287 286 0.0113
310 286 0.0076
266 287 0.0178
286 287 0.0113
312 287 0.0007
267 288 0.004
260 289 0.0024
264 289 0.0096
267 289 0.0225
378 290 0.0013
391 290 0.004
394 290 0.0005
295 291 0.0066
390 291 0.0029
398 291 0.0027
293 292 0.0008
294 292 0.0013
295 292 0.0076
292 293 0.0008
292 294 0.0013
266 295 0.0227
291 295 0.0066
292 295 0.0076
67 296 0.0041
298 297 0.0096
68 298 0.0086
297 298 0.0096
304 298 0.0121
50 299 0.0304
300 299 0.0311
303 299 0.0423
67 300 0.0065
68 300 0.005
69 300 0.0094
299 300 0.0311
301 300 0.0094
302 300 0.048
48 301 0.0377
300 301 0.0094
302 301 0.082
300 302 0.048
301 302 0.082
303 302 0.0968
50 303 0.0526
299 303 0.0423
302 303 0.0968
68 304 0.013
69 304 0.0216
270 304 0.0015
298 304 0.0121
305 304 0.0019
269 305 0.0025
271 305 0.0026
304 305 0.0019
69 306 0.0087
406 306 0.0012
407 306 0.0014
69 307 0.0012
269 308 0.0034
396 308 0.0021
397 308 0.0018
268 309 0.0005
286 310 0.0076
311 310 0.0017
312 310 0.0007
310 311 0.0017
312 311 0.001
375 311 0.0005
287 312 0.0007
310 312 0.0007
311 312 0.001
316 312 0.0008
686 312 0.0006
687 312 0.0021
274 313 0.0081
275 313 0.0157
314 313 0.0023
315 313 0.0011
313 314 0.0023
313 315 0.0011
360 315 0.0009
363 315 0.0056
312 316 0.0008
321 317 0.0013
358 317 0.0031
359 317 0.0018
259 318 0.0038
279 318 0.0008
319 318 0.0187
322 318 0.0192
318 319 0.0187
320 319 0.0018
321 319 0.0204
319 320 0.0018
335 320 0.0008
669 320 0.004
317 321 0.0013
319 321 0.0204
322 321 0.0156
272 322 0.0101
318 322 0.0192
321 322 0.0156
323 322 0.0123
322 323 0.0123
324 323 0.0041
326 323 0.0054
323 324 0.0041
325 324 0.0022
356 324 0.0003
324 325 0.0022
326 325 0.0016
359 325 0.001
323 326 0.0054
325 326 0.0016
327 326 0.0019
326 327 0.0019
221 328 0.0039
330 328 0.0038
355 328 0.001
221 329 0.0014
328 330 0.0038
219 331 0.0056
332 331 0.0012
335 331 0.0022
685 331 0.002
331 332 0.0012
333 332 0.0013
334 332 0.0014
473 332 0.0059
332 333 0.0013
332 334 0.0014
470 334 0.0109
472 334 0.0013
320 335 0.0008
331 335 0.0022
336 335 0.002
685 335 0.0027
335 336 0.002
669 336 0.0021
685 336 0.0028
219 337 0.0029
473 337 0.0139
670 337 0.0128
670 338 0.0025
474 339 0.0049
475 339 0.0011
476 339 0.0023
478 339 0.0025
280 340 0.0015
280 341 0.0029
223 342 0.0025
343 342 0.0065
345 342 0.0055
202 343 0.0016
342 343 0.0065
344 343 0.0025
343 344 0.0025
342 345 0.0055
346 345 0.023
347 345 0.0068
345 346 0.023
347 346 0.0484
349 346 0.0183
345 347 0.0068
346 347 0.0484
348 347 0.0037
349 347 0.0053
347 348 0.0037
346 349 0.0183
347 349 0.0053
350 349 0.0016
674 349 0.0026
349 350 0.0016
203 351 0.005
203 352 0.0094
205 353 0.0045
354 353 0.004
467 353 0.0037
353 354 0.004
328 355 0.001
324 356 0.0003
357 356 0.0055
359 356 0.0002
356 357 0.0055
358 357 0.0101
360 357 0.0027
362 357 0.0028
476 357 0.0003
317 358 0.0031
357 358 0.0101
482 358 0.0011
317 359 0.0018
325 359 0.001
356 359 0.0002
315 360 0.0009
357 360 0.0027
361 360 0.0043
360 361 0.0043
363 361 0.0032
483 361 0.0069
357 362 0.0028
315 363 0.0056
361 363 0.0032
364 363 0.0073
276 364 0.0011
363 364 0.0073
365 364 0.0006
374 364 0.0018
483 364 0.0021
364 365 0.0006
276 366 0.0082
367 366 0.0125
368 366 0.0041
369 366 0.0048
686 366 0.0008
276 367 0.0028
366 367 0.0125
370 367 0.0136
373 367 0.0016
366 368 0.0041
366 369 0.0048
367 370 0.0136
371 370 0.0028
372 370 0.0051
370 371 0.0028
370 372 0.0051
632 372 0.0108
635 372 0.0056
651 372 0.0175
656 372 0.0008
659 372 0.0011
661 372 0.0007
662 372 0.0005
663 372 0.0011
367 373 0.0016
364 374 0.0018
265 375 0.0064
311 375 0.0005
376 375 0.003
377 375 0.0048
272 376 0.0036
375 376 0.003
377 376 0.0093
277 377 0.0242
375 377 0.0048
376 377 0.0093
266 378 0.0028
290 378 0.0013
379 378 0.0049
378 379 0.0049
380 379 0.0012
381 379 0.0005
379 380 0.0012
379 381 0.0005
382 381 0.0021
383 381 0.0011
381 382 0.0021
384 382 0.0099
687 382 0.0023
381 383 0.0011
382 384 0.0099
385 384 0.023
386 384 0.0058
384 385 0.023
389 385 0.0045
638 385 0.0028
384 386 0.0058
387 386 0.0021
388 386 0.0016
386 387 0.0021
386 388 0.0016
385 389 0.0045
291 390 0.0029
391 390 0.0101
392 390 0.0046
622 390 0.0035
290 391 0.004
390 391 0.0101
392 391 0.0198
390 392 0.0046
391 392 0.0198
395 392 0.0008
626 392 0.0071
626 393 0.0059
641 393 0.0004
642 393 0.0038
290 394 0.0005
392 395 0.0008
308 396 0.0021
308 397 0.0018
291 398 0.0027
399 398 0.002
400 398 0.0007
401 398 0.0006
398 399 0.002
398 400 0.0007
398 401 0.0006
269 402 0.0011
403 402 0.0046
404 402 0.0012
402 403 0.0046
405 403 0.0013
671 403 0.0003
402 404 0.0012
403 405 0.0013
51 406 0.0067
306 406 0.0012
408 406 0.0022
414 406 0.0132
306 407 0.0014
408 407 0.0025
409 407 0.0005
406 408 0.0022
407 408 0.0025
409 408 0.0044
414 408 0.0145
407 409 0.0005
408 409 0.0044
410 409 0.0129
414 409 0.0109
409 410 0.0129
411 410 0.0093
485 410 0.0102
410 411 0.0093
414 411 0.0008
531 411 0.0026
493 412 0.0096
507 412 0.001
531 412 0.0109
493 413 0.0062
31 414 0.0134
33 414 0.0045
49 414 0.0076
50 414 0.0111
51 414 0.0107
55 414 0.0085
56 414 0.0153
406 414 0.0132
408 414 0.0145
409 414 0.0109
411 414 0.0008
509 414 0.0024
510 414 0.0107
537 414 0.0038
677 414 0.0121
36 415 0.0044
72 415 0.0094
416 415 0.0161
36 416 0.002
415 416 0.0161
417 416 0.0154
74 417 0.0054
416 417 0.0154
545 417 0.0074
526 418 0.0125
545 418 0.0131
547 418 0.0036
35 419 0.0103
36 419 0.0225
72 419 0.0046
106 420 0.0004
421 420 0.0005
422 420 0.0033
423 420 0.0038
588 420 0.0048
420 421 0.0005
420 422 0.0033
585 422 0.0007
586 422 0.0008
420 423 0.0038
106 424 0.0012
425 424 0.0017
602 424 0.0024
424 425 0.0017
104 426 0.0006
427 426 0.0075
428 426 0.0078
426 427 0.0075
426 428 0.0078
130 429 0.0018
130 430 0.0028
130 431 0.0042
130 432 0.0056
130 433 0.0024
110 434 0.0136
435 434 0.011
439 434 0.0033
434 435 0.011
438 435 0.0277
597 435 0.0223
437 436 0.0176
587 436 0.0043
597 436 0.0034
436 437 0.0176
435 438 0.0277
434 439 0.0033
110 440 0.0112
441 440 0.0072
442 440 0.002
440 441 0.0072
440 442 0.002
132 443 0.0035
444 443 0.0129
604 443 0.0062
609 443 0.0128
443 444 0.0129
171 445 0.0033
446 445 0.0062
447 445 0.0047
445 446 0.0062
445 447 0.0047
134 448 0.0029
170 449 0.0056
450 449 0.0032
451 449 0.0049
616 449 0.016
449 450 0.0032
449 451 0.0049
179 452 0.002
180 452 0.0011
453 452 0.0028
452 453 0.0028
454 453 0.0037
456 453 0.0075
453 454 0.0037
621 455 0.0006
453 456 0.0075
457 456 0.002
458 456 0.0064
456 457 0.002
456 458 0.0064
195 459 0.0033
460 459 0.0037
461 459 0.0159
459 460 0.0037
459 461 0.0159
194 462 0.0022
195 462 0.0103
463 462 0.0082
462 463 0.0082
209 464 0.0034
204 465 0.0088
209 465 0.0119
466 465 0.0022
465 466 0.0022
353 467 0.0037
469 468 0.0023
470 468 0.0056
474 468 0.0043
468 469 0.0023
334 470 0.0109
468 470 0.0056
471 470 0.0036
470 471 0.0036
334 472 0.0013
332 473 0.0059
337 473 0.0139
474 473 0.0033
339 474 0.0049
468 474 0.0043
473 474 0.0033
339 475 0.0011
339 476 0.0023
357 476 0.0003
477 476 0.0006
476 477 0.0006
339 478 0.0025
480 479 0.0037
481 479 0.01
670 479 0.0016
479 480 0.0037
479 481 0.01
358 482 0.0011
361 483 0.0069
364 483 0.0021
666 483 0.0007
269 484 0.0095
410 485 0.0102
486 485 0.0032
490 485 0.0018
485 486 0.0032
487 486 0.0027
488 486 0.0044
489 486 0.0073
486 487 0.0027
486 488 0.0044
486 489 0.0073
485 490 0.0018
491 490 0.0068
492 490 0.0011
490 491 0.0068
490 492 0.0011
412 493 0.0096
413 493 0.0062
494 493 0.0063
499 493 0.0043
493 494 0.0063
495 494 0.0007
496 494 0.0012
497 494 0.0003
498 494 0.0002
494 495 0.0007
494 496 0.0012
494 497 0.0003
494 498 0.0002
493 499 0.0043
500 499 0.0025
507 499 0.0003
499 500 0.0025
501 500 0.0046
506 500 0.0005
500 501 0.0046
502 501 0.0017
503 501 0.0032
501 502 0.0017
501 503 0.0032
504 503 0.0015
505 503 0.0004
503 504 0.0015
503 505 0.0004
500 506 0.0005
412 507 0.001
499 507 0.0003
508 507 0.0007
507 508 0.0007
36 509 0.0017
414 509 0.0024
533 509 0.0068
535 509 0.0102
414 510 0.0107
511 510 0.004
514 510 0.0047
517 510 0.0014
520 510 0.0011
521 510 0.0025
528 510 0.0021
529 510 0.0052
510 511 0.004
512 511 0.0013
513 511 0.0022
511 512 0.0013
511 513 0.0022
510 514 0.0047
515 514 0.0026
516 514 0.0014
514 515 0.0026
514 516 0.0014
510 517 0.0014
518 517 0.0067
519 517 0.0112
517 518 0.0067
517 519 0.0112
510 520 0.0011
521 520 0.0012
527 520 0.001
510 521 0.0025
520 521 0.0012
522 521 0.0027
521 522 0.0027
523 522 0.0012
524 522 0.001
525 522 0.0018
522 523 0.0012
522 524 0.001
522 525 0.0018
418 526 0.0125
527 526 0.0058
547 526 0.0057
520 527 0.001
526 527 0.0058
546 527 0.001
510 528 0.0021
510 529 0.0052
530 529 0.0031
531 529 0.0015
529 530 0.0031
411 531 0.0026
412 531 0.0109
529 531 0.0015
532 531 0.0043
531 532 0.0043
509 533 0.0068
534 533 0.0324
535 533 0.0093
537 533 0.0171
533 534 0.0324
537 534 0.0159
538 534 0.0162
509 535 0.0102
533 535 0.0093
536 535 0.0038
535 536 0.0038
414 537 0.0038
533 537 0.0171
534 537 0.0159
534 538 0.0162
540 539 0.0041
542 539 0.0008
543 539 0.0009
545 539 0.0077
539 540 0.0041
541 540 0.0012
544 540 0.0009
540 541 0.0012
539 542 0.0008
539 543 0.0009
540 544 0.0009
417 545 0.0074
418 545 0.0131
539 545 0.0077
527 546 0.001
418 547 0.0036
526 547 0.0057
548 547 0.0008
549 547 0.0005
547 548 0.0008
547 549 0.0005
73 550 0.0006
551 550 0.0024
554 550 0.0034
550 551 0.0024
552 551 0.0009
553 551 0.0004
551 552 0.0009
551 553 0.0004
550 554 0.0034
555 554 0.0005
556 554 0.0003
554 555 0.0005
554 556 0.0003
557 556 0.0006
559 556 0.0006
556 557 0.0006
38 558 0.0029
73 558 0.0006
559 558 0.0049
556 559 0.0006
558 559 0.0049
560 559 0.0013
561 559 0.001
562 559 0.0024
559 560 0.0013
559 561 0.001
559 562 0.0024
101 563 0.0006
564 563 0.0067
578 563 0.0135
563 564 0.0067
565 564 0.0022
568 564 0.0059
569 564 0.0011
564 565 0.0022
566 565 0.0016
567 565 0.0007
565 566 0.0016
565 567 0.0007
564 568 0.0059
569 568 0.005
575 568 0.0005
564 569 0.0011
568 569 0.005
570 569 0.003
572 569 0.0019
569 570 0.003
571 570 0.0005
576 570 0.0007
570 571 0.0005
569 572 0.0019
573 572 0.0007
574 572 0.0006
572 573 0.0007
572 574 0.0006
568 575 0.0005
570 576 0.0007
578 577 0.0046
563 578 0.0135
577 578 0.0046
579 578 0.0099
584 578 0.0015
578 579 0.0099
580 579 0.0005
583 579 0.0004
579 580 0.0005
581 580 0.002
582 580 0.0016
580 581 0.002
580 582 0.0016
579 583 0.0004
578 584 0.0015
422 585 0.0007
422 586 0.0008
436 587 0.0043
420 588 0.0048
589 588 0.0024
590 588 0.005
588 589 0.0024
588 590 0.005
81 591 0.0008
592 591 0.0043
593 591 0.0008
594 591 0.0005
595 591 0.0018
596 591 0.006
591 592 0.0043
591 593 0.0008
591 594 0.0005
591 595 0.0018
591 596 0.006
435 597 0.0223
436 597 0.0034
598 597 0.006
597 598 0.006
599 598 0.0038
600 598 0.003
601 598 0.0036
598 599 0.0038
598 600 0.003
598 601 0.0036
424 602 0.0024
132 603 0.0013
443 604 0.0062
605 604 0.0123
608 604 0.0166
604 605 0.0123
606 605 0.0105
607 605 0.01
605 606 0.0105
605 607 0.01
604 608 0.0166
443 609 0.0128
610 609 0.0084
611 609 0.0312
609 610 0.0084
609 611 0.0312
612 611 0.0015
613 611 0.0114
611 612 0.0015
611 613 0.0114
614 613 0.0123
615 613 0.0082
613 614 0.0123
613 615 0.0082
449 616 0.016
617 616 0.0063
684 616 0.0095
616 617 0.0063
618 617 0.0171
619 617 0.0188
617 618 0.0171
617 619 0.0188
179 620 0.0021
194 621 0.0137
195 621 0.0069
455 621 0.0006
390 622 0.0035
623 622 0.001
624 622 0.0023
625 622 0.0016
622 623 0.001
622 624 0.0023
622 625 0.0016
392 626 0.0071
393 626 0.0059
627 626 0.0012
626 627 0.0012
629 628 0.0022
630 628 0.0014
631 628 0.0012
632 628 0.0034
628 629 0.0022
628 630 0.0014
628 631 0.0012
664 631 0.0012
665 631 0.0012
372 632 0.0108
628 632 0.0034
633 632 0.0031
652 632 0.0018
632 633 0.0031
652 634 0.0029
372 635 0.0056
636 635 0.002
637 635 0.0025
635 636 0.002
635 637 0.0025
385 638 0.0028
639 638 0.0048
640 638 0.0023
638 639 0.0048
638 640 0.0023
393 641 0.0004
393 642 0.0038
643 642 0.0265
652 642 0.0005
642 643 0.0265
644 643 0.0012
647 643 0.0014
650 643 0.0007
643 644 0.0012
645 644 0.0002
646 644 0.0004
644 645 0.0002
644 646 0.0004
643 647 0.0014
648 647 0.0003
649 647 0.0004
647 648 0.0003
647 649 0.0004
643 650 0.0007
372 651 0.0175
652 651 0.0017
654 651 0.0034
632 652 0.0018
634 652 0.0029
642 652 0.0005
651 652 0.0017
654 653 0.0025
651 654 0.0034
653 654 0.0025
655 654 0.0048
654 655 0.0048
372 656 0.0008
657 656 0.0021
658 656 0.0004
659 656 0.001
656 657 0.0021
656 658 0.0004
372 659 0.0011
656 659 0.001
660 659 0.0006
659 660 0.0006
372 661 0.0007
372 662 0.0005
372 663 0.0011
631 664 0.0012
631 665 0.0012
483 666 0.0007
60 667 0.0011
284 668 0.0024
234 669 0.004
320 669 0.004
336 669 0.0021
337 670 0.0128
338 670 0.0025
479 670 0.0016
403 671 0.0003
672 671 0.0001
673 671 0.0
671 672 0.0001
671 673 0.0
349 674 0.0026
675 674 0.0005
676 674 0.0022
674 675 0.0005
674 676 0.0022
414 677 0.0121
678 677 0.0066
679 677 0.0103
677 678 0.0066
677 679 0.0103
680 679 0.0092
681 679 0.0061
682 679 0.0092
683 679 0.0165
679 680 0.0092
679 681 0.0061
679 682 0.0092
679 683 0.0165
616 684 0.0095
331 685 0.002
335 685 0.0027
336 685 0.0028
275 686 0.0002
312 686 0.0006
366 686 0.0008
687 686 0.0104
312 687 0.0021
382 687 0.0023
686 687 0.0104
