2 1 0.0147
44 1 0.0026
45 1 0.0013
54 1 0.0121
62 1 0.0095
78 1 0.0008
79 1 0.0031
143 1 0.0035
144 1 0.0018
153 1 0.0157
154 1 0.0002
177 1 0.0138
218 1 0.0134
315 1 0.0008
316 1 0.0121
319 1 0.0026
322 1 0.0065
346 1 0.0098
348 1 0.0151
352 1 0.0049
370 1 0.0051
374 1 0.0033
404 1 0.0057
486 1 0.0132
501 1 0.0124
502 1 0.0131
505 1 0.0007
507 1 0.0121
553 1 0.0115
559 1 0.0044
566 1 0.0045
569 1 0.0045
575 1 0.0068
576 1 0.0145
605 1 0.014
635 1 0.0022
636 1 0.0125
637 1 0.0123
1064 1 0.0122
1065 1 0.0054
1067 1 0.0107
1 2 0.0147
3 2 0.0071
364 2 0.0265
2 3 0.0071
4 3 0.0363
352 3 0.0081
3 4 0.0363
5 4 0.0114
28 4 0.0186
4 5 0.0114
6 5 0.0301
16 5 0.0352
467 5 0.0052
5 6 0.0301
7 6 0.0019
369 6 0.0112
475 6 0.0141
6 7 0.0019
8 7 0.0053
126 7 0.0021
135 7 0.0039
7 8 0.0053
9 8 0.0037
10 8 0.0058
8 9 0.0037
8 10 0.0058
136 11 0.0018
467 11 0.0796
469 11 0.1293
473 12 0.0919
619 12 0.0015
620 12 0.0317
670 12 0.0043
128 13 0.015
620 13 0.0539
621 13 0.0074
1112 13 0.0336
15 14 0.0323
695 14 0.002
1112 14 0.049
14 15 0.0323
681 15 0.0049
689 15 0.008
5 16 0.0352
17 16 0.0043
363 16 0.0092
16 17 0.0043
18 17 0.0009
21 17 0.0031
17 18 0.0009
19 18 0.0028
20 18 0.0045
18 19 0.0028
18 20 0.0045
17 21 0.0031
22 21 0.0023
25 21 0.0016
21 22 0.0023
23 22 0.0045
25 22 0.0022
22 23 0.0045
24 23 0.0037
27 23 0.0025
23 24 0.0037
21 25 0.0016
22 25 0.0022
26 25 0.0139
25 26 0.0139
27 26 0.0134
709 26 0.0016
23 27 0.0025
26 27 0.0134
711 27 0.003
4 28 0.0186
29 28 0.0023
354 28 0.004
28 29 0.0023
30 29 0.0087
643 29 0.0039
29 30 0.0087
31 30 0.0184
103 30 0.0054
360 30 0.0529
30 31 0.0184
37 31 0.0065
669 31 0.0009
33 32 0.0055
37 32 0.0882
41 32 0.0029
32 33 0.0055
34 33 0.0208
101 33 0.0047
33 34 0.0208
35 34 0.0331
41 34 0.0033
34 35 0.0331
36 35 0.0177
751 35 0.0022
35 36 0.0177
757 36 0.0014
762 36 0.0013
31 37 0.0065
32 37 0.0882
38 37 0.0031
100 37 0.0034
37 38 0.0031
39 38 0.0027
667 38 0.0076
38 39 0.0027
40 39 0.004
41 39 0.0082
39 40 0.004
746 40 0.0007
748 40 0.0011
32 41 0.0029
34 41 0.0033
39 41 0.0082
42 41 0.0305
41 42 0.0305
716 42 0.0082
752 42 0.0214
751 43 0.005
752 43 0.0054
753 43 0.008
1 44 0.0026
45 44 0.0154
97 44 0.0008
1 45 0.0013
44 45 0.0154
46 45 0.009
45 46 0.009
47 46 0.0013
481 46 0.0037
46 47 0.0013
48 47 0.0197
396 47 0.0009
47 48 0.0197
49 48 0.0151
393 48 0.0271
48 49 0.0151
50 49 0.0166
392 49 0.0029
49 50 0.0166
51 50 0.0213
391 50 0.0049
50 51 0.0213
52 51 0.0032
391 51 0.0111
51 52 0.0032
53 52 0.0176
799 52 0.001
52 53 0.0176
784 53 0.0069
788 53 0.0134
799 53 0.0046
1 54 0.0121
56 55 0.0224
78 55 0.002
612 55 0.015
55 56 0.0224
57 56 0.0272
91 56 0.0037
56 57 0.0272
88 57 0.0035
377 57 0.0277
59 58 0.0012
60 58 0.0006
377 58 0.0741
58 59 0.0012
58 60 0.0006
61 60 0.0002
801 60 0.0016
60 61 0.0002
1 62 0.0095
63 62 0.015
1059 62 0.0152
62 63 0.015
343 63 0.084
344 63 0.0522
346 63 0.0078
65 64 0.0049
314 64 0.0073
342 64 0.0344
343 64 0.1179
64 65 0.0049
66 65 0.0143
483 65 0.0021
65 66 0.0143
67 66 0.0256
75 66 0.0035
665 66 0.0024
66 67 0.0256
68 67 0.0022
666 67 0.0018
67 68 0.0022
69 68 0.0121
96 68 0.0082
68 69 0.0121
332 69 0.0391
640 69 0.0023
74 70 0.0004
332 70 0.0111
386 70 0.0039
386 71 0.002
388 71 0.0036
389 71 0.0079
73 72 0.005
389 72 0.004
802 72 0.0006
72 73 0.005
70 74 0.0004
66 75 0.0035
328 75 0.0083
483 75 0.0022
77 76 0.0006
86 76 0.0096
328 76 0.0068
76 77 0.0006
1 78 0.0008
55 78 0.002
613 78 0.0444
1 79 0.0031
80 79 0.0627
345 79 0.0244
79 80 0.0627
81 80 0.1212
482 80 0.0052
80 81 0.1212
82 81 0.0009
342 81 0.0389
81 82 0.0009
83 82 0.0035
611 82 0.0009
82 83 0.0035
84 83 0.0079
336 83 0.0013
340 83 0.0041
83 84 0.0079
85 84 0.0022
339 84 0.0043
84 85 0.0022
86 85 0.0027
330 85 0.0032
336 85 0.0017
76 86 0.0096
85 86 0.0027
87 86 0.0004
334 86 0.0031
86 87 0.0004
57 88 0.0035
89 88 0.0007
91 88 0.0032
88 89 0.0007
837 89 0.0037
838 89 0.0036
91 90 0.0172
92 90 0.0005
611 90 0.0193
612 90 0.0014
56 91 0.0037
88 91 0.0032
90 91 0.0172
90 92 0.0005
94 93 0.0353
314 93 0.0182
323 93 0.0007
1062 93 0.0221
93 94 0.0353
95 94 0.0122
107 94 0.0089
314 94 0.0055
664 94 0.008
94 95 0.0122
96 95 0.03
117 95 0.001
68 96 0.0082
95 96 0.03
661 96 0.0307
44 97 0.0008
98 97 0.0022
99 97 0.0028
642 97 0.0058
97 98 0.0022
97 99 0.0028
37 100 0.0034
101 100 0.0028
481 100 0.0013
33 101 0.0047
100 101 0.0028
102 101 0.0015
101 102 0.0015
30 103 0.0054
104 103 0.0008
105 103 0.0035
103 104 0.0008
103 105 0.0035
106 105 0.0029
668 105 0.0066
105 106 0.0029
94 107 0.0089
113 107 0.0077
1420 107 0.0014
109 108 0.0038
325 108 0.0169
608 108 0.0016
1420 108 0.0129
108 109 0.0038
110 109 0.001
112 109 0.0033
109 110 0.001
111 110 0.0079
811 110 0.0036
110 111 0.0079
812 111 0.0017
816 111 0.0004
109 112 0.0033
831 112 0.0071
834 112 0.0105
107 113 0.0077
114 113 0.0015
326 113 0.0035
113 114 0.0015
382 114 0.0016
660 114 0.0043
116 115 0.0015
660 115 0.0026
829 115 0.0003
115 116 0.0015
806 116 0.0147
818 116 0.0006
95 117 0.001
118 117 0.0082
326 117 0.0028
117 118 0.0082
640 119 0.0024
121 120 0.0719
133 120 0.0055
137 120 0.0024
558 120 0.0872
120 121 0.0719
556 121 0.029
578 121 0.0347
123 122 0.0641
134 122 0.0121
579 122 0.0118
122 123 0.0641
124 123 0.0125
139 123 0.0324
280 123 0.0033
123 124 0.0125
125 124 0.0081
129 124 0.0017
626 124 0.0195
124 125 0.0081
126 125 0.0094
129 125 0.0067
7 126 0.0021
125 126 0.0094
1113 126 0.0539
136 127 0.008
670 127 0.0113
1019 127 0.105
1113 127 0.0113
13 128 0.015
1019 128 0.0327
1020 128 0.0769
1022 128 0.0039
124 129 0.0017
125 129 0.0067
130 129 0.0035
282 129 0.0059
129 130 0.0035
131 130 0.0044
1113 130 0.012
130 131 0.0044
132 131 0.0155
1021 131 0.0031
131 132 0.0155
1015 132 0.1299
1058 132 0.0996
120 133 0.0055
134 133 0.0022
624 133 0.001
122 134 0.0121
133 134 0.0022
135 134 0.0011
7 135 0.0039
134 135 0.0011
478 135 0.003
11 136 0.0018
127 136 0.008
670 136 0.0135
120 137 0.0024
139 138 0.0136
279 138 0.0057
581 138 0.0864
123 139 0.0324
138 139 0.0136
453 139 0.0071
453 140 0.0978
457 140 0.0191
1008 140 0.0007
142 141 0.0226
276 141 0.1626
460 141 0.1145
461 141 0.0176
141 142 0.0226
461 142 0.0201
1325 142 0.0216
1328 142 0.0048
1 143 0.0035
144 143 0.0009
145 143 0.0024
1 144 0.0018
143 144 0.0009
145 144 0.0101
143 145 0.0024
144 145 0.0101
436 145 0.0029
1419 145 0.0031
147 146 0.0012
435 146 0.0009
437 146 0.0026
146 147 0.0012
148 147 0.0006
318 147 0.0015
147 148 0.0006
427 149 0.0074
436 149 0.0006
843 149 0.0006
151 150 0.0025
430 150 0.0009
847 150 0.0019
150 151 0.0025
152 151 0.0006
433 151 0.0014
151 152 0.0006
1 153 0.0157
154 153 0.0026
162 153 0.0008
1 154 0.0002
153 154 0.0026
162 154 0.0024
484 154 0.0387
156 155 0.002
159 155 0.0004
485 155 0.0016
155 156 0.002
157 156 0.0016
422 156 0.0023
156 157 0.0016
158 157 0.004
423 157 0.003
849 157 0.0005
851 157 0.0002
157 158 0.004
845 158 0.0009
846 158 0.001
155 159 0.0004
160 159 0.0005
419 159 0.0049
159 160 0.0005
161 160 0.0007
659 160 0.0022
160 161 0.0007
164 161 0.0016
165 161 0.0069
850 161 0.004
153 162 0.0008
154 162 0.0024
168 162 0.0003
172 162 0.0213
415 162 0.0022
164 163 0.0002
172 163 0.0031
484 163 0.0013
161 164 0.0016
163 164 0.0002
165 164 0.0012
166 164 0.0007
161 165 0.0069
164 165 0.0012
852 165 0.0003
164 166 0.0007
167 166 0.0016
598 166 0.0011
166 167 0.0016
598 167 0.0011
855 167 0.0022
162 168 0.0003
244 168 0.0029
656 168 0.0053
657 168 0.0046
176 169 0.0015
240 169 0.004
244 169 0.0158
656 169 0.0111
171 170 0.0011
601 170 0.0012
1168 170 0.0135
170 171 0.0011
600 171 0.0019
601 171 0.0152
860 171 0.0149
1169 171 0.0014
162 172 0.0213
163 172 0.0031
173 172 0.0011
172 173 0.0011
175 174 0.0005
174 175 0.0005
176 175 0.0007
655 175 0.0011
169 176 0.0015
175 176 0.0007
598 176 0.0049
1 177 0.0138
219 177 0.0321
1067 177 0.047
179 178 0.0324
221 178 0.0399
586 178 0.0075
1067 178 0.0226
178 179 0.0324
494 179 0.1102
584 179 0.0307
1067 179 0.0214
181 180 0.001
206 180 0.0026
489 180 0.023
495 180 0.0099
180 181 0.001
182 181 0.0029
198 181 0.0003
591 181 0.0007
671 181 0.0039
181 182 0.0029
183 182 0.0007
591 182 0.0087
182 183 0.0007
184 183 0.0009
593 183 0.0017
183 184 0.0009
199 184 0.0005
204 184 0.0003
186 185 0.04
490 185 0.0676
503 185 0.0645
185 186 0.04
187 186 0.0048
191 186 0.0201
491 186 0.0687
186 187 0.0048
245 187 0.001
632 187 0.0096
189 188 0.0134
242 188 0.0873
632 188 0.015
188 189 0.0134
190 189 0.0081
235 189 0.0047
189 190 0.0081
231 190 0.002
602 190 0.0596
186 191 0.0201
492 191 0.0189
493 191 0.009
193 192 0.0031
591 192 0.0004
671 192 0.0035
192 193 0.0031
194 193 0.0057
246 193 0.0019
193 194 0.0057
195 194 0.019
197 194 0.0508
194 195 0.019
196 195 0.0032
594 195 0.0016
195 196 0.0032
866 196 0.0161
885 196 0.002
888 196 0.0007
194 197 0.0508
181 198 0.0003
184 199 0.0005
200 199 0.0006
202 199 0.0019
204 199 0.0016
199 200 0.0006
201 200 0.0077
920 200 0.0103
200 201 0.0077
924 201 0.0791
1471 201 0.0181
199 202 0.0019
203 202 0.0011
883 202 0.0016
202 203 0.0011
884 203 0.0094
892 203 0.017
184 204 0.0003
199 204 0.0016
205 204 0.0004
204 205 0.0004
957 205 0.0102
1473 205 0.0031
180 206 0.0026
207 206 0.0009
287 206 0.0026
206 207 0.0009
211 207 0.0005
960 207 0.0002
209 208 0.0055
960 208 0.0054
961 208 0.0054
208 209 0.0055
210 209 0.0066
214 209 0.001
209 210 0.0066
215 210 0.0024
959 210 0.0011
965 210 0.0038
1235 210 0.0009
207 211 0.0005
588 211 0.004
650 211 0.0071
651 211 0.0068
213 212 0.0011
297 212 0.001
653 212 0.0015
212 213 0.0011
214 213 0.0023
649 213 0.0069
209 214 0.001
213 214 0.0023
215 214 0.0025
645 214 0.0085
210 215 0.0024
214 215 0.0025
216 215 0.0071
215 216 0.0071
217 216 0.0055
302 216 0.0056
647 216 0.0123
216 217 0.0055
302 217 0.0031
646 217 0.0039
1 218 0.0134
219 218 0.0495
225 218 0.0364
177 219 0.0321
218 219 0.0495
1069 219 0.0277
221 220 0.0836
497 220 0.0153
1068 220 0.0151
178 221 0.0399
220 221 0.0836
222 221 0.0092
586 221 0.0357
221 222 0.0092
223 222 0.0052
500 222 0.0003
587 222 0.158
222 223 0.0052
224 223 0.0046
1063 223 0.0016
223 224 0.0046
247 224 0.0011
533 224 0.0114
535 224 0.0018
218 225 0.0364
226 225 0.0075
548 225 0.0032
225 226 0.0075
227 226 0.0018
548 226 0.0221
226 227 0.0018
411 227 0.0023
547 227 0.0019
1063 227 0.0045
229 228 0.0034
228 229 0.0034
230 229 0.0088
520 229 0.0015
229 230 0.0088
520 230 0.0023
532 230 0.0027
190 231 0.002
232 231 0.003
862 231 0.0011
231 232 0.003
233 232 0.0009
234 232 0.0004
861 232 0.0006
232 233 0.0009
864 233 0.0197
867 233 0.0045
232 234 0.0004
866 234 0.0001
875 234 0.0004
189 235 0.0047
236 235 0.0044
595 235 0.0009
235 236 0.0044
237 236 0.0013
239 236 0.0017
236 237 0.0013
238 237 0.0074
240 237 0.0009
596 237 0.0012
237 238 0.0074
236 239 0.0017
169 240 0.004
237 240 0.0009
241 240 0.0031
240 241 0.0031
597 241 0.0043
1168 241 0.0004
188 242 0.0873
243 242 0.0132
417 242 0.0007
242 243 0.0132
244 243 0.0016
654 243 0.0037
168 244 0.0029
169 244 0.0158
243 244 0.0016
656 244 0.0091
187 245 0.001
246 245 0.0005
634 245 0.0031
193 246 0.0019
245 246 0.0005
963 246 0.0061
224 247 0.0011
248 247 0.0051
677 247 0.0008
247 248 0.0051
249 248 0.0155
300 248 0.0582
248 249 0.0155
250 249 0.031
302 249 0.0054
249 250 0.031
303 250 0.0623
305 250 0.0085
252 251 0.0439
305 251 0.0013
648 251 0.0127
251 252 0.0439
253 252 0.0523
979 252 0.1129
252 253 0.0523
976 253 0.011
989 253 0.0124
255 254 0.0481
539 254 0.038
672 254 0.0017
678 254 0.0058
254 255 0.0481
673 255 0.0021
1271 255 0.1075
257 256 0.0222
259 256 0.0095
261 256 0.0466
1271 256 0.0847
256 257 0.0222
258 257 0.0068
679 257 0.0069
257 258 0.0068
256 259 0.0095
260 259 0.0064
1479 259 0.0072
259 260 0.0064
1267 260 0.0137
1479 260 0.0236
256 261 0.0466
262 261 0.015
264 261 0.0031
261 262 0.015
263 262 0.0487
1272 262 0.0168
1541 262 0.0234
262 263 0.0487
1280 263 0.0043
1423 263 0.0115
261 264 0.0031
1263 264 0.0552
1422 264 0.0028
266 265 0.0517
398 265 0.0008
399 265 0.0334
568 265 0.0527
265 266 0.0517
267 266 0.0146
1070 266 0.085
266 267 0.0146
268 267 0.016
451 267 0.0035
1070 267 0.0151
267 268 0.016
270 269 0.0326
452 269 0.0012
511 269 0.1163
269 270 0.0326
271 270 0.0393
273 270 0.0113
270 271 0.0393
313 271 0.0057
513 271 0.0667
464 272 0.0018
465 272 0.029
513 272 0.0346
270 273 0.0113
274 273 0.009
277 273 0.0457
313 273 0.0029
273 274 0.009
275 274 0.0073
313 274 0.0016
1000 274 0.0055
274 275 0.0073
276 275 0.0071
1002 275 0.0097
141 276 0.1626
275 276 0.0071
278 276 0.0932
273 277 0.0457
278 277 0.0108
279 277 0.0022
276 278 0.0932
277 278 0.0108
457 278 0.0059
138 279 0.0057
277 279 0.0022
582 279 0.0541
123 280 0.0033
281 280 0.0015
282 280 0.0011
280 281 0.0015
129 282 0.0059
280 282 0.0011
454 282 0.0031
284 283 0.0583
285 283 0.0101
286 283 0.018
465 283 0.0148
283 284 0.0583
993 284 0.0511
1001 284 0.0241
283 285 0.0101
283 286 0.018
996 286 0.0067
997 286 0.0169
206 287 0.0026
289 288 0.0004
288 289 0.0004
290 289 0.0021
551 289 0.002
590 289 0.0016
289 290 0.0021
291 290 0.0037
293 290 0.0063
290 291 0.0037
292 291 0.0094
964 291 0.0216
291 292 0.0094
290 293 0.0063
294 293 0.0009
551 293 0.003
293 294 0.0009
295 294 0.0023
297 294 0.0026
298 294 0.0038
294 295 0.0023
296 295 0.0014
297 295 0.0027
299 295 0.0037
295 296 0.0014
212 297 0.001
294 297 0.0026
295 297 0.0027
294 298 0.0038
295 299 0.0037
248 300 0.0582
301 300 0.0012
676 300 0.0008
300 301 0.0012
216 302 0.0056
217 302 0.0031
249 302 0.0054
250 303 0.0623
304 303 0.0014
307 303 0.0209
303 304 0.0014
250 305 0.0085
251 305 0.0013
306 305 0.0042
305 306 0.0042
307 306 0.0381
309 306 0.037
303 307 0.0209
306 307 0.0381
308 307 0.005
307 308 0.005
965 308 0.001
975 308 0.0014
306 309 0.037
310 309 0.0042
312 309 0.0117
309 310 0.0042
311 310 0.0503
648 310 0.0083
310 311 0.0503
312 311 0.0341
968 311 0.0156
309 312 0.0117
311 312 0.0341
974 312 0.0021
271 313 0.0057
273 313 0.0029
274 313 0.0016
64 314 0.0073
93 314 0.0182
94 314 0.0055
1 315 0.0008
1 316 0.0121
317 316 0.004
320 316 0.002
316 317 0.004
318 317 0.0037
347 317 0.0053
147 318 0.0015
317 318 0.0037
608 318 0.03
1 319 0.0026
316 320 0.002
321 320 0.0198
322 320 0.0009
320 321 0.0198
1 322 0.0065
320 322 0.0009
350 322 0.0076
93 323 0.0007
324 323 0.0261
349 323 0.0006
323 324 0.0261
108 325 0.0169
113 326 0.0035
117 326 0.0028
327 326 0.0042
326 327 0.0042
75 328 0.0083
76 328 0.0068
329 328 0.0298
330 328 0.011
328 329 0.0298
85 330 0.0032
328 330 0.011
339 330 0.0027
332 331 0.0097
333 331 0.0008
639 331 0.0013
69 332 0.0391
70 332 0.0111
331 332 0.0097
331 333 0.0008
86 334 0.0031
335 334 0.0014
610 334 0.0013
334 335 0.0014
83 336 0.0013
85 336 0.0017
337 336 0.0015
336 337 0.0015
338 337 0.0014
614 337 0.0015
337 338 0.0014
84 339 0.0043
330 339 0.0027
340 339 0.0123
83 340 0.0041
339 340 0.0123
341 340 0.0092
340 341 0.0092
342 341 0.0024
483 341 0.002
64 342 0.0344
81 342 0.0389
341 342 0.0024
344 342 0.0083
345 342 0.0095
63 343 0.084
64 343 0.1179
344 343 0.1197
63 344 0.0522
342 344 0.0083
343 344 0.1197
345 344 0.0191
79 345 0.0244
342 345 0.0095
344 345 0.0191
346 345 0.0255
1 346 0.0098
63 346 0.0078
345 346 0.0255
317 347 0.0053
1 348 0.0151
1061 348 0.0157
1064 348 0.0578
323 349 0.0006
350 349 0.0042
1064 349 0.0558
322 350 0.0076
349 350 0.0042
351 350 0.0035
350 351 0.0035
1 352 0.0049
3 352 0.0081
353 352 0.0046
355 352 0.0077
1065 352 0.002
352 353 0.0046
354 353 0.0172
617 353 0.0016
28 354 0.004
353 354 0.0172
356 354 0.0627
643 354 0.0132
352 355 0.0077
354 356 0.0627
357 356 0.0213
618 356 0.0062
356 357 0.0213
358 357 0.0032
360 357 0.013
357 358 0.0032
359 358 0.0041
362 358 0.0012
358 359 0.0041
30 360 0.0529
357 360 0.013
361 360 0.0022
360 361 0.0022
358 362 0.0012
16 363 0.0092
2 364 0.0265
365 364 0.0327
576 364 0.0443
364 365 0.0327
366 365 0.0106
576 365 0.0138
365 366 0.0106
367 366 0.0067
577 366 0.0075
366 367 0.0067
368 367 0.0175
373 367 0.0055
367 368 0.0175
369 368 0.0648
479 368 0.0069
6 369 0.0112
368 369 0.0648
624 369 0.005
1 370 0.0051
372 371 0.003
371 372 0.003
373 372 0.0032
561 372 0.0049
367 373 0.0055
372 373 0.0032
375 373 0.1059
1 374 0.0033
375 374 0.0326
577 374 0.0165
373 375 0.1059
374 375 0.0326
376 375 0.0098
375 376 0.0098
57 377 0.0277
58 377 0.0741
378 377 0.0046
377 378 0.0046
379 378 0.0264
793 378 0.0006
378 379 0.0264
380 379 0.0042
799 379 0.0008
379 380 0.0042
381 380 0.0029
790 380 0.0002
380 381 0.0029
792 381 0.0028
798 381 0.0006
114 382 0.0016
383 382 0.0009
660 382 0.0025
382 383 0.0009
384 383 0.0064
385 383 0.0029
383 384 0.0064
803 384 0.0003
804 384 0.0004
805 384 0.0003
383 385 0.0029
70 386 0.0039
71 386 0.002
387 386 0.0439
386 387 0.0439
71 388 0.0036
71 389 0.0079
72 389 0.004
390 389 0.001
389 390 0.001
50 391 0.0049
51 391 0.0111
392 391 0.005
49 392 0.0029
391 392 0.005
767 392 0.0043
48 393 0.0271
394 393 0.0016
764 393 0.0006
393 394 0.0016
395 394 0.0015
778 394 0.0005
394 395 0.0015
47 396 0.0009
397 396 0.0027
764 396 0.0025
396 397 0.0027
265 398 0.0008
265 399 0.0334
400 399 0.0021
1070 399 0.009
399 400 0.0021
517 400 0.0008
518 400 0.0184
402 401 0.0037
403 401 0.0018
518 401 0.002
527 401 0.0019
401 402 0.0037
401 403 0.0018
1 404 0.0057
405 404 0.0007
409 404 0.0068
404 405 0.0007
406 405 0.0017
412 405 0.0019
405 406 0.0017
407 406 0.0066
408 406 0.017
406 407 0.0066
406 408 0.017
404 409 0.0068
410 409 0.0033
548 409 0.0048
409 410 0.0033
411 410 0.0032
548 410 0.016
227 411 0.0023
410 411 0.0032
412 411 0.0093
405 412 0.0019
411 412 0.0093
413 412 0.0016
412 413 0.0016
628 414 0.0224
629 414 0.0072
630 414 0.0041
162 415 0.0022
416 415 0.0005
635 415 0.0015
415 416 0.0005
417 416 0.0014
418 416 0.0127
242 417 0.0007
416 417 0.0014
418 417 0.002
416 418 0.0127
417 418 0.002
1418 418 0.0047
159 419 0.0049
421 420 0.0063
426 420 0.0044
1419 420 0.0031
420 421 0.0063
422 421 0.0009
424 421 0.0037
156 422 0.0023
421 422 0.0009
423 422 0.007
424 422 0.0021
157 423 0.003
422 423 0.007
429 423 0.0006
421 424 0.0037
422 424 0.0021
425 424 0.0031
424 425 0.0031
420 426 0.0044
149 427 0.0074
428 427 0.0019
847 427 0.001
427 428 0.0019
423 429 0.0006
150 430 0.0009
431 430 0.0021
432 430 0.0014
430 431 0.0021
430 432 0.0014
151 433 0.0014
434 433 0.0007
844 433 0.0011
433 434 0.0007
146 435 0.0009
145 436 0.0029
149 436 0.0006
437 436 0.0074
146 437 0.0026
436 437 0.0074
438 437 0.0021
638 437 0.0009
437 438 0.0021
439 438 0.0032
445 438 0.0014
438 439 0.0032
440 439 0.0029
606 439 0.0006
439 440 0.0029
441 440 0.0055
447 440 0.004
440 441 0.0055
442 441 0.0026
606 441 0.0017
441 442 0.0026
443 442 0.0032
444 442 0.0021
442 443 0.0032
442 444 0.0021
438 445 0.0014
446 445 0.0007
447 445 0.0033
445 446 0.0007
440 447 0.004
445 447 0.0033
448 447 0.0041
447 448 0.0041
450 449 0.0815
449 450 0.0815
267 451 0.0035
452 451 0.0146
555 451 0.0124
269 452 0.0012
451 452 0.0146
555 452 0.0073
139 453 0.0071
140 453 0.0978
454 453 0.0041
282 454 0.0031
453 454 0.0041
455 454 0.0017
454 455 0.0017
456 455 0.0048
1008 455 0.002
455 456 0.0048
140 457 0.0191
278 457 0.0059
458 457 0.0167
457 458 0.0167
459 458 0.003
460 458 0.1163
458 459 0.003
141 460 0.1145
458 460 0.1163
463 460 0.0062
1007 460 0.003
141 461 0.0176
142 461 0.0201
462 461 0.0445
461 462 0.0445
1004 462 0.0407
1296 462 0.0066
460 463 0.0062
1005 463 0.0352
1011 463 0.0654
1014 463 0.0025
272 464 0.0018
272 465 0.029
283 465 0.0148
466 465 0.0026
465 466 0.0026
5 467 0.0052
11 467 0.0796
468 467 0.0024
467 468 0.0024
11 469 0.1293
470 469 0.0013
471 469 0.0334
469 470 0.0013
469 471 0.0334
472 471 0.0045
473 471 0.1778
471 472 0.0045
12 473 0.0919
471 473 0.1778
474 473 0.0022
473 474 0.0022
6 475 0.0141
476 475 0.002
477 475 0.3015
475 476 0.002
475 477 0.3015
135 478 0.003
368 479 0.0069
481 480 0.0163
46 481 0.0037
100 481 0.0013
480 481 0.0163
80 482 0.0052
65 483 0.0021
75 483 0.0022
341 483 0.002
154 484 0.0387
163 484 0.0013
485 484 0.0543
155 485 0.0016
484 485 0.0543
1419 485 0.0014
1 486 0.0132
487 486 0.124
490 486 0.0324
486 487 0.124
488 487 0.0094
584 487 0.1053
487 488 0.0094
489 488 0.0065
585 488 0.0133
180 489 0.023
488 489 0.0065
490 489 0.01
185 490 0.0676
486 490 0.0324
489 490 0.01
491 490 0.0178
503 490 0.0778
186 491 0.0687
490 491 0.0178
492 491 0.054
191 492 0.0189
491 492 0.054
493 492 0.0154
191 493 0.009
492 493 0.0154
627 493 0.0271
179 494 0.1102
495 494 0.0413
585 494 0.0736
587 494 0.0447
180 495 0.0099
494 495 0.0413
496 495 0.0017
585 495 0.0842
495 496 0.0017
549 496 0.0014
550 496 0.0014
220 497 0.0153
498 497 0.0027
499 497 0.0025
497 498 0.0027
497 499 0.0025
1063 499 0.0009
1069 499 0.0011
222 500 0.0003
1 501 0.0124
1 502 0.0131
503 502 0.0553
504 502 0.0059
185 503 0.0645
490 503 0.0778
502 503 0.0553
502 504 0.0059
1 505 0.0007
506 505 0.0009
635 505 0.0035
505 506 0.0009
633 506 0.0004
1418 506 0.0006
1 507 0.0121
509 508 0.0647
508 509 0.0647
515 509 0.0201
516 509 0.0067
515 510 0.0402
269 511 0.1163
512 511 0.0786
515 511 0.0646
511 512 0.0786
271 513 0.0667
272 513 0.0346
514 513 0.0048
513 514 0.0048
509 515 0.0201
510 515 0.0402
511 515 0.0646
509 516 0.0067
400 517 0.0008
400 518 0.0184
401 518 0.002
519 518 0.0015
518 519 0.0015
229 520 0.0015
230 520 0.0023
521 520 0.0016
524 520 0.0042
520 521 0.0016
522 521 0.0017
541 521 0.001
521 522 0.0017
523 522 0.0044
544 522 0.004
522 523 0.0044
520 524 0.0042
525 524 0.0206
527 524 0.0125
524 525 0.0206
526 525 0.002
527 525 0.0095
528 525 0.0033
525 526 0.002
401 527 0.0019
524 527 0.0125
525 527 0.0095
525 528 0.0033
529 528 0.0017
531 528 0.0015
528 529 0.0017
530 529 0.0022
1003 529 0.004
529 530 0.0022
528 531 0.0015
230 532 0.0027
224 533 0.0114
534 533 0.0074
680 533 0.0245
533 534 0.0074
536 534 0.0032
537 534 0.0171
224 535 0.0018
534 536 0.0032
534 537 0.0171
538 537 0.0017
539 537 0.0099
537 538 0.0017
254 539 0.038
537 539 0.0099
540 539 0.0017
539 540 0.0017
542 540 0.0064
546 540 0.0032
521 541 0.001
540 542 0.0064
544 542 0.002
546 542 0.0081
546 543 0.0022
522 544 0.004
542 544 0.002
545 544 0.0072
544 545 0.0072
540 546 0.0032
542 546 0.0081
543 546 0.0022
227 547 0.0019
225 548 0.0032
226 548 0.0221
409 548 0.0048
410 548 0.016
496 549 0.0014
496 550 0.0014
289 551 0.002
293 551 0.003
552 551 0.0031
551 552 0.0031
1 553 0.0115
556 553 0.008
562 553 0.0084
555 554 0.0057
562 554 0.0013
565 554 0.0055
451 555 0.0124
452 555 0.0073
554 555 0.0057
565 555 0.0023
121 556 0.029
553 556 0.008
558 556 0.0326
558 557 0.0423
120 558 0.0872
556 558 0.0326
557 558 0.0423
559 558 0.017
1 559 0.0044
558 559 0.017
560 559 0.0206
559 560 0.0206
372 561 0.0049
553 562 0.0084
554 562 0.0013
563 562 0.0069
562 563 0.0069
564 563 0.0043
567 563 0.0151
563 564 0.0043
565 564 0.0045
567 564 0.005
554 565 0.0055
555 565 0.0023
564 565 0.0045
1 566 0.0045
567 566 0.0032
568 566 0.026
563 567 0.0151
564 567 0.005
566 567 0.0032
265 568 0.0527
566 568 0.026
569 568 0.1933
575 568 0.0547
1 569 0.0045
568 569 0.1933
570 569 0.0021
575 569 0.0733
569 570 0.0021
571 570 0.0048
572 570 0.0076
570 571 0.0048
570 572 0.0076
573 572 0.0016
574 572 0.0044
572 573 0.0016
572 574 0.0044
1 575 0.0068
568 575 0.0547
569 575 0.0733
1 576 0.0145
364 576 0.0443
365 576 0.0138
577 576 0.0011
366 577 0.0075
374 577 0.0165
576 577 0.0011
121 578 0.0347
579 578 0.0811
581 578 0.0424
122 579 0.0118
578 579 0.0811
580 579 0.0133
579 580 0.0133
138 581 0.0864
578 581 0.0424
582 581 0.0029
279 582 0.0541
581 582 0.0029
583 582 0.007
582 583 0.007
179 584 0.0307
487 584 0.1053
585 584 0.007
488 585 0.0133
494 585 0.0736
495 585 0.0842
584 585 0.007
178 586 0.0075
221 586 0.0357
587 586 0.3623
222 587 0.158
494 587 0.0447
586 587 0.3623
211 588 0.004
589 588 0.0024
653 588 0.0036
588 589 0.0024
289 590 0.0016
181 591 0.0007
182 591 0.0087
192 591 0.0004
592 591 0.0019
591 592 0.0019
183 593 0.0017
195 594 0.0016
235 595 0.0009
237 596 0.0012
241 597 0.0043
166 598 0.0011
167 598 0.0011
176 598 0.0049
600 599 0.0027
862 599 0.0165
1169 599 0.0017
171 600 0.0019
599 600 0.0027
862 600 0.0013
1169 600 0.0043
170 601 0.0012
171 601 0.0152
858 601 0.0042
190 602 0.0596
603 602 0.0055
604 602 0.004
602 603 0.0055
602 604 0.004
1 605 0.014
439 606 0.0006
441 606 0.0017
607 606 0.0043
606 607 0.0043
108 608 0.0016
318 608 0.03
609 608 0.0569
608 609 0.0569
334 610 0.0013
82 611 0.0009
90 611 0.0193
612 611 0.0022
55 612 0.015
90 612 0.0014
611 612 0.0022
78 613 0.0444
337 614 0.0015
616 615 0.0028
615 616 0.0028
353 617 0.0016
356 618 0.0062
12 619 0.0015
12 620 0.0317
13 620 0.0539
621 620 0.004
13 621 0.0074
620 621 0.004
622 621 0.0088
621 622 0.0088
623 622 0.0053
710 622 0.0049
622 623 0.0053
703 623 0.0013
1112 623 0.003
133 624 0.001
369 624 0.005
625 624 0.007
624 625 0.007
124 626 0.0195
493 627 0.0271
628 627 0.0134
671 627 0.0018
414 628 0.0224
627 628 0.0134
631 628 0.0197
414 629 0.0072
414 630 0.0041
628 631 0.0197
187 632 0.0096
188 632 0.015
633 632 0.0007
506 633 0.0004
632 633 0.0007
1418 633 0.0038
245 634 0.0031
1 635 0.0022
415 635 0.0015
505 635 0.0035
1 636 0.0125
1 637 0.0123
437 638 0.0009
331 639 0.0013
69 640 0.0023
119 640 0.0024
641 640 0.0015
640 641 0.0015
97 642 0.0058
29 643 0.0039
354 643 0.0132
644 643 0.0027
643 644 0.0027
214 645 0.0085
217 646 0.0039
216 647 0.0123
251 648 0.0127
310 648 0.0083
968 648 0.0079
979 648 0.0187
982 648 0.0018
213 649 0.0069
211 650 0.0071
211 651 0.0068
652 651 0.0066
653 651 0.0092
651 652 0.0066
212 653 0.0015
588 653 0.0036
651 653 0.0092
243 654 0.0037
175 655 0.0011
657 655 0.0009
658 655 0.0013
168 656 0.0053
169 656 0.0111
244 656 0.0091
657 656 0.0132
168 657 0.0046
655 657 0.0009
656 657 0.0132
655 658 0.0013
160 659 0.0022
114 660 0.0043
115 660 0.0026
382 660 0.0025
96 661 0.0307
662 661 0.0107
663 661 0.003
661 662 0.0107
661 663 0.003
94 664 0.008
665 664 0.0037
666 664 0.0028
66 665 0.0024
664 665 0.0037
666 665 0.0052
67 666 0.0018
664 666 0.0028
665 666 0.0052
38 667 0.0076
105 668 0.0066
31 669 0.0009
12 670 0.0043
127 670 0.0113
136 670 0.0135
1019 670 0.0081
181 671 0.0039
192 671 0.0035
627 671 0.0018
254 672 0.0017
255 673 0.0021
674 673 0.0035
675 673 0.0058
673 674 0.0035
673 675 0.0058
300 676 0.0008
247 677 0.0008
254 678 0.0058
257 679 0.0069
533 680 0.0245
15 681 0.0049
682 681 0.0086
685 681 0.0263
686 681 0.0044
681 682 0.0086
683 682 0.0056
1128 682 0.0005
682 683 0.0056
684 683 0.0026
1136 683 0.0027
683 684 0.0026
1152 684 0.0155
1154 684 0.0012
681 685 0.0263
686 685 0.049
698 685 0.0037
681 686 0.0044
685 686 0.049
687 686 0.0029
686 687 0.0029
688 687 0.002
1121 687 0.0011
687 688 0.002
1114 688 0.0043
1117 688 0.0049
15 689 0.008
690 689 0.0267
1035 689 0.0007
689 690 0.0267
1023 690 0.0054
1032 690 0.004
1035 690 0.0029
692 691 0.0026
694 691 0.0049
1035 691 0.0055
691 692 0.0026
693 692 0.0096
694 692 0.0044
1107 692 0.0009
692 693 0.0096
1104 693 0.0165
1106 693 0.0007
691 694 0.0049
692 694 0.0044
1111 694 0.0547
14 695 0.002
696 695 0.0198
697 695 0.0054
695 696 0.0198
695 697 0.0054
685 698 0.0037
699 698 0.0039
702 698 0.0067
698 699 0.0039
700 699 0.0034
701 699 0.0084
699 700 0.0034
1109 700 0.0036
1114 700 0.0012
699 701 0.0084
698 702 0.0067
623 703 0.0013
704 703 0.0039
706 703 0.0111
703 704 0.0039
705 704 0.0047
706 704 0.0041
704 705 0.0047
707 705 0.0007
711 705 0.0006
703 706 0.0111
704 706 0.0041
707 706 0.0133
705 707 0.0007
706 707 0.0133
708 707 0.0041
707 708 0.0041
26 709 0.0016
622 710 0.0049
27 711 0.003
705 711 0.0006
712 711 0.0023
714 711 0.0022
711 712 0.0023
713 712 0.0031
747 712 0.0038
712 713 0.0031
711 714 0.0022
1151 715 0.014
42 716 0.0082
717 716 0.0193
728 716 0.0459
716 717 0.0193
718 717 0.0119
725 717 0.0024
717 718 0.0119
719 718 0.0202
750 718 0.0084
718 719 0.0202
720 719 0.0154
750 719 0.0082
719 720 0.0154
721 720 0.0073
723 720 0.0016
720 721 0.0073
723 721 0.0026
747 721 0.0042
1151 721 0.0109
1147 722 0.0089
1149 722 0.0133
1151 722 0.0012
1152 722 0.011
720 723 0.0016
721 723 0.0026
724 723 0.0018
723 724 0.0018
717 725 0.0024
726 725 0.0013
731 725 0.0031
725 726 0.0013
727 726 0.0044
1158 726 0.0115
726 727 0.0044
716 728 0.0459
729 728 0.0172
737 728 0.0063
754 728 0.0026
728 729 0.0172
730 729 0.0052
736 729 0.0027
729 730 0.0052
731 730 0.0066
733 730 0.0006
734 730 0.0026
725 731 0.0031
730 731 0.0066
732 731 0.0016
731 732 0.0016
782 732 0.0092
1161 732 0.0011
730 733 0.0006
730 734 0.0026
735 734 0.0015
736 734 0.0169
742 734 0.0018
734 735 0.0015
729 736 0.0027
734 736 0.0169
737 736 0.0056
728 737 0.0063
736 737 0.0056
738 737 0.0126
737 738 0.0126
740 738 0.0083
743 738 0.008
775 739 0.0039
776 739 0.016
781 739 0.0066
738 740 0.0083
741 740 0.0023
777 740 0.0015
740 741 0.0023
734 742 0.0018
738 743 0.008
744 743 0.0023
755 743 0.0027
743 744 0.0023
773 745 0.0025
40 746 0.0007
747 746 0.0012
749 746 0.0143
750 746 0.0026
712 747 0.0038
721 747 0.0042
746 747 0.0012
40 748 0.0011
746 749 0.0143
718 750 0.0084
719 750 0.0082
746 750 0.0026
35 751 0.0022
43 751 0.005
752 751 0.0067
42 752 0.0214
43 752 0.0054
751 752 0.0067
43 753 0.008
754 753 0.001
756 753 0.0027
728 754 0.0026
753 754 0.001
755 754 0.0085
743 755 0.0027
754 755 0.0085
757 755 0.0011
753 756 0.0027
36 757 0.0014
755 757 0.0011
758 757 0.0097
757 758 0.0097
759 758 0.0009
760 758 0.0009
761 758 0.0022
758 759 0.0009
758 760 0.0009
758 761 0.0022
36 762 0.0013
763 762 0.0031
765 762 0.0127
762 763 0.0031
393 764 0.0006
396 764 0.0025
765 764 0.0025
762 765 0.0127
764 765 0.0025
766 765 0.0075
765 766 0.0075
392 767 0.0043
768 767 0.0005
769 767 0.0461
778 767 0.0041
767 768 0.0005
772 768 0.0042
1302 768 0.0011
767 769 0.0461
770 769 0.0351
779 769 0.0519
769 770 0.0351
771 770 0.0057
781 770 0.0024
770 771 0.0057
772 771 0.0012
1165 771 0.0003
768 772 0.0042
771 772 0.0012
1167 772 0.0006
745 773 0.0025
774 773 0.0037
777 773 0.0012
778 773 0.0024
773 774 0.0037
775 774 0.0159
776 774 0.0029
739 775 0.0039
774 775 0.0159
780 775 0.0049
739 776 0.016
774 776 0.0029
777 776 0.0055
740 777 0.0015
773 777 0.0012
776 777 0.0055
394 778 0.0005
767 778 0.0041
773 778 0.0024
779 778 0.0061
769 779 0.0519
778 779 0.0061
780 779 0.0034
775 780 0.0049
779 780 0.0034
781 780 0.0023
739 781 0.0066
770 781 0.0024
780 781 0.0023
782 781 0.0043
732 782 0.0092
781 782 0.0043
783 782 0.0037
782 783 0.0037
53 784 0.0069
785 784 0.0133
1300 784 0.0018
784 785 0.0133
786 785 0.0069
1298 785 0.0019
785 786 0.0069
787 786 0.0058
1297 786 0.0101
786 787 0.0058
53 788 0.0134
789 788 0.0032
792 788 0.0064
788 789 0.0032
790 789 0.0211
792 789 0.007
800 789 0.0008
380 790 0.0002
789 790 0.0211
791 790 0.0005
790 791 0.0005
381 792 0.0028
788 792 0.0064
789 792 0.007
378 793 0.0006
794 793 0.0049
797 793 0.0007
793 794 0.0049
795 794 0.0007
796 794 0.0005
794 795 0.0007
794 796 0.0005
793 797 0.0007
381 798 0.0006
52 799 0.001
53 799 0.0046
379 799 0.0008
789 800 0.0008
60 801 0.0016
72 802 0.0006
384 803 0.0003
384 804 0.0004
384 805 0.0003
116 806 0.0147
807 806 0.0097
819 806 0.0001
806 807 0.0097
808 807 0.0006
820 807 0.0006
807 808 0.0006
809 808 0.0008
821 808 0.0013
808 809 0.0008
810 809 0.0008
811 809 0.0002
821 809 0.0057
809 810 0.0008
814 810 0.003
823 810 0.0129
110 811 0.0036
809 811 0.0002
812 811 0.0028
829 811 0.0007
111 812 0.0017
811 812 0.0028
813 812 0.0039
812 813 0.0039
814 813 0.0121
815 813 0.0002
810 814 0.003
813 814 0.0121
826 814 0.0004
813 815 0.0002
111 816 0.0004
817 816 0.0001
839 816 0.0008
816 817 0.0001
116 818 0.0006
806 819 0.0001
807 820 0.0006
808 821 0.0013
809 821 0.0057
822 821 0.0053
821 822 0.0053
810 823 0.0129
824 823 0.0003
825 823 0.002
823 824 0.0003
823 825 0.002
814 826 0.0004
827 826 0.0001
828 826 0.0028
826 827 0.0001
826 828 0.0028
115 829 0.0003
811 829 0.0007
830 829 0.0003
829 830 0.0003
112 831 0.0071
832 831 0.0041
833 831 0.0019
831 832 0.0041
831 833 0.0019
112 834 0.0105
835 834 0.0016
836 834 0.0015
840 834 0.0005
834 835 0.0016
834 836 0.0015
89 837 0.0037
89 838 0.0036
816 839 0.0008
834 840 0.0005
841 840 0.0005
842 840 0.0004
840 841 0.0005
840 842 0.0004
149 843 0.0006
433 844 0.0011
158 845 0.0009
158 846 0.001
150 847 0.0019
427 847 0.001
848 847 0.0046
847 848 0.0046
157 849 0.0005
161 850 0.004
157 851 0.0002
165 852 0.0003
853 852 0.0005
857 852 0.0135
852 853 0.0005
854 853 0.0016
856 853 0.0006
853 854 0.0016
856 854 0.0026
861 854 0.0005
167 855 0.0022
853 856 0.0006
854 856 0.0026
858 856 0.0005
852 857 0.0135
601 858 0.0042
856 858 0.0005
859 858 0.0024
858 859 0.0024
171 860 0.0149
232 861 0.0006
854 861 0.0005
863 861 0.0023
231 862 0.0011
599 862 0.0165
600 862 0.0013
861 863 0.0023
233 864 0.0197
866 865 0.0234
196 866 0.0161
234 866 0.0001
865 866 0.0234
233 867 0.0045
868 867 0.0017
870 867 0.0032
874 867 0.0002
867 868 0.0017
869 868 0.0005
871 868 0.0002
878 868 0.0002
868 869 0.0005
867 870 0.0032
868 871 0.0002
873 872 0.0006
872 873 0.0006
867 874 0.0002
234 875 0.0004
876 875 0.0017
882 875 0.0004
875 876 0.0017
877 876 0.0009
900 876 0.0009
876 877 0.0009
868 878 0.0002
879 878 0.0003
880 878 0.0001
878 879 0.0003
881 879 0.0027
1465 879 0.0065
878 880 0.0001
881 880 0.0005
1170 880 0.0004
879 881 0.0027
880 881 0.0005
1171 881 0.0005
1173 881 0.0
875 882 0.0004
912 882 0.0003
1171 882 0.0005
202 883 0.0016
884 883 0.017
886 883 0.0007
203 884 0.0094
883 884 0.017
891 884 0.0039
196 885 0.002
886 885 0.0009
888 885 0.0005
883 886 0.0007
885 886 0.0009
887 886 0.0023
886 887 0.0023
196 888 0.0007
885 888 0.0005
897 888 0.0026
1468 889 0.0015
897 890 0.0006
1466 890 0.0079
1468 890 0.0031
884 891 0.0039
893 891 0.0177
1468 891 0.0075
203 892 0.017
891 893 0.0177
909 893 0.0126
911 893 0.0141
895 894 0.0022
894 895 0.0022
896 895 0.0018
911 895 0.0011
895 896 0.0018
888 897 0.0026
890 897 0.0006
898 897 0.0011
897 898 0.0011
899 898 0.0018
902 898 0.0021
898 899 0.0018
901 899 0.0167
902 899 0.0085
876 900 0.0009
901 900 0.0008
912 900 0.0002
899 901 0.0167
900 901 0.0008
903 901 0.0162
1467 901 0.0015
898 902 0.0021
899 902 0.0085
1467 902 0.0099
901 903 0.0162
904 903 0.0008
905 903 0.0014
903 904 0.0008
905 904 0.0009
913 904 0.0022
1180 904 0.0004
903 905 0.0014
904 905 0.0009
906 905 0.0009
905 906 0.0009
907 906 0.0004
914 906 0.0017
906 907 0.0004
908 907 0.0006
915 907 0.0036
907 908 0.0006
909 908 0.0012
919 908 0.0018
893 909 0.0126
908 909 0.0012
910 909 0.0067
909 910 0.0067
893 911 0.0141
895 911 0.0011
1466 911 0.0072
882 912 0.0003
900 912 0.0002
1177 912 0.0008
904 913 0.0022
914 913 0.0013
917 913 0.0059
906 914 0.0017
913 914 0.0013
915 914 0.001
907 915 0.0036
914 915 0.001
916 915 0.0051
915 916 0.0051
917 916 0.0016
919 916 0.0004
925 916 0.0013
913 917 0.0059
916 917 0.0016
918 917 0.0012
1195 917 0.0003
917 918 0.0012
1182 918 0.0002
1186 918 0.0007
908 919 0.0018
916 919 0.0004
921 919 0.0015
200 920 0.0103
921 920 0.0039
924 920 0.1452
939 920 0.0015
919 921 0.0015
920 921 0.0039
922 921 0.0026
921 922 0.0026
923 922 0.0065
934 922 0.0018
922 923 0.0065
926 923 0.0077
927 923 0.0024
201 924 0.0791
920 924 0.1452
941 924 0.032
916 925 0.0013
923 926 0.0077
923 927 0.0024
928 927 0.0064
937 927 0.0132
927 928 0.0064
929 928 0.0104
938 928 0.0333
928 929 0.0104
930 929 0.0019
933 929 0.0009
929 930 0.0019
931 930 0.0014
1199 930 0.0002
930 931 0.0014
932 931 0.0031
1202 931 0.0011
931 932 0.0031
929 933 0.0009
1202 933 0.0006
1213 933 0.0004
922 934 0.0018
935 934 0.0005
936 934 0.0002
934 935 0.0005
1216 935 0.0003
1227 935 0.0004
934 936 0.0002
1223 936 0.0013
1226 936 0.0019
927 937 0.0132
928 938 0.0333
920 939 0.0015
940 939 0.0012
945 939 0.0031
939 940 0.0012
1233 940 0.0056
1239 940 0.009
924 941 0.032
942 941 0.0022
1477 941 0.0051
941 942 0.0022
943 942 0.0008
948 942 0.0013
942 943 0.0008
944 943 0.0032
945 943 0.0013
946 943 0.0092
943 944 0.0032
1237 944 0.0013
1238 944 0.0029
939 945 0.0031
943 945 0.0013
947 945 0.0009
943 946 0.0092
945 947 0.0009
942 948 0.0013
949 948 0.003
950 948 0.0132
948 949 0.003
952 949 0.0031
958 949 0.001
1244 949 0.0009
948 950 0.0132
951 950 0.003
954 950 0.0011
950 951 0.003
952 951 0.0069
953 951 0.0017
949 952 0.0031
951 952 0.0069
953 952 0.002
959 952 0.001
951 953 0.0017
952 953 0.002
954 953 0.0038
959 953 0.0012
950 954 0.0011
953 954 0.0038
955 954 0.0036
954 955 0.0036
956 955 0.0059
1475 955 0.0015
955 956 0.0059
957 956 0.003
1475 956 0.0022
205 957 0.0102
956 957 0.003
1473 957 0.0039
949 958 0.001
210 959 0.0011
952 959 0.001
953 959 0.0012
207 960 0.0002
208 960 0.0054
961 960 0.0026
208 961 0.0054
960 961 0.0026
962 961 0.0088
961 962 0.0088
246 963 0.0061
291 964 0.0216
210 965 0.0038
308 965 0.001
966 965 0.0032
1237 965 0.0018
965 966 0.0032
1245 966 0.0019
1246 966 0.0152
970 967 0.0058
1242 967 0.0011
1246 967 0.0025
311 968 0.0156
648 968 0.0079
969 968 0.0197
968 969 0.0197
970 969 0.002
974 969 0.0038
967 970 0.0058
969 970 0.002
971 970 0.0068
1243 970 0.0057
970 971 0.0068
972 971 0.002
1243 971 0.0025
971 972 0.002
973 972 0.0014
1240 972 0.002
972 973 0.0014
1220 973 0.0022
1241 973 0.0028
312 974 0.0021
969 974 0.0038
975 974 0.0136
308 975 0.0014
974 975 0.0136
1246 975 0.0029
253 976 0.011
977 976 0.0408
1491 976 0.0127
976 977 0.0408
978 977 0.0176
1491 977 0.03
977 978 0.0176
252 979 0.1129
648 979 0.0187
980 979 0.015
979 980 0.015
981 980 0.0047
982 980 0.0895
980 981 0.0047
984 981 0.0019
987 981 0.0257
648 982 0.0018
980 982 0.0895
983 982 0.0019
982 983 0.0019
984 983 0.0009
986 983 0.0008
981 984 0.0019
983 984 0.0009
985 984 0.0018
984 985 0.0018
983 986 0.0008
1234 986 0.0065
1249 986 0.0018
1250 986 0.0004
981 987 0.0257
988 987 0.0042
1251 987 0.0008
1260 987 0.0042
987 988 0.0042
1255 988 0.0114
1259 988 0.0027
253 989 0.0124
990 989 0.1549
1322 989 0.0043
989 990 0.1549
991 990 0.0187
992 990 0.0382
990 991 0.0187
1262 991 0.0451
1494 991 0.0076
990 992 0.0382
284 993 0.0511
994 993 0.0108
995 993 0.1172
993 994 0.0108
993 995 0.1172
1275 995 0.016
1416 995 0.0133
286 996 0.0067
286 997 0.0169
998 997 0.0093
999 997 0.0167
997 998 0.0093
997 999 0.0167
274 1000 0.0055
284 1001 0.0241
275 1002 0.0097
529 1003 0.004
462 1004 0.0407
1018 1004 0.0124
1284 1004 0.0131
463 1005 0.0352
1006 1005 0.0368
1016 1005 0.0032
1005 1006 0.0368
1288 1006 0.0215
1293 1006 0.0182
460 1007 0.003
1009 1007 0.0066
1011 1007 0.0007
140 1008 0.0007
455 1008 0.002
1009 1008 0.0022
1007 1009 0.0066
1008 1009 0.0022
1010 1009 0.0073
1009 1010 0.0073
463 1011 0.0654
1007 1011 0.0007
1012 1011 0.0203
1011 1012 0.0203
1013 1012 0.0048
1287 1012 0.0034
1012 1013 0.0048
463 1014 0.0025
132 1015 0.1299
1016 1015 0.0023
1029 1015 0.0271
1005 1016 0.0032
1015 1016 0.0023
1017 1016 0.0033
1016 1017 0.0033
1030 1017 0.0101
1293 1017 0.0074
1004 1018 0.0124
127 1019 0.105
128 1019 0.0327
670 1019 0.0081
1020 1019 0.0459
128 1020 0.0769
1019 1020 0.0459
1021 1020 0.0095
131 1021 0.0031
1020 1021 0.0095
1058 1021 0.0021
128 1022 0.0039
690 1023 0.0054
1024 1023 0.0064
1054 1023 0.079
1023 1024 0.0064
1025 1024 0.0107
1031 1024 0.0137
1024 1025 0.0107
1026 1025 0.0116
1055 1025 0.0071
1094 1025 0.0049
1025 1026 0.0116
1027 1026 0.148
1028 1026 0.0541
1026 1027 0.148
1079 1027 0.0389
1403 1027 0.0084
1026 1028 0.0541
1071 1028 0.0065
1082 1028 0.0046
1015 1029 0.0271
1030 1029 0.0067
1048 1029 0.0251
1058 1029 0.0076
1017 1030 0.0101
1029 1030 0.0067
1031 1030 0.0036
1024 1031 0.0137
1030 1031 0.0036
1293 1031 0.0291
1294 1031 0.0133
690 1032 0.004
1033 1032 0.0034
1044 1032 0.0236
1032 1033 0.0034
1034 1033 0.0057
1039 1033 0.0102
1042 1033 0.0048
1033 1034 0.0057
689 1035 0.0007
690 1035 0.0029
691 1035 0.0055
1036 1035 0.0207
1035 1036 0.0207
1037 1036 0.0034
1038 1036 0.0051
1036 1037 0.0034
1036 1038 0.0051
1033 1039 0.0102
1040 1039 0.0017
1041 1039 0.0036
1039 1040 0.0017
1041 1040 0.0095
1097 1040 0.02
1111 1040 0.0366
1039 1041 0.0036
1040 1041 0.0095
1095 1041 0.0101
1033 1042 0.0048
1043 1042 0.0042
1045 1042 0.0023
1047 1042 0.0022
1042 1043 0.0042
1032 1044 0.0236
1045 1044 0.0253
1057 1044 0.0014
1042 1045 0.0023
1044 1045 0.0253
1046 1045 0.0026
1045 1046 0.0026
1083 1046 0.0025
1092 1046 0.0022
1042 1047 0.0022
1029 1048 0.0251
1049 1048 0.0249
1051 1048 0.0044
1048 1049 0.0249
1050 1049 0.0024
1051 1049 0.0083
1049 1050 0.0024
1048 1051 0.0044
