2 1 0.0128
3 1 0.0119
4 1 0.0111
6 1 0.0081
16 1 0.0097
20 1 0.0089
21 1 0.0017
33 1 0.0075
36 1 0.0056
131 1 0.004
173 1 0.0033
177 1 0.0091
178 1 0.0109
179 1 0.0114
181 1 0.0017
183 1 0.0102
205 1 0.0036
206 1 0.0056
212 1 0.0026
344 1 0.008
1 2 0.0128
23 2 0.0092
33 2 0.0193
38 2 0.0056
1 3 0.0119
40 3 0.0231
41 3 0.009
1 4 0.0111
11 4 0.0504
19 4 0.0546
327 4 0.0019
8 5 0.0074
20 5 0.0043
128 5 0.01
1 6 0.0081
7 6 0.0037
8 6 0.008
6 7 0.0037
130 7 0.1021
305 7 0.0209
340 7 0.0278
5 8 0.0074
6 8 0.008
9 8 0.0035
8 9 0.0035
106 10 0.0025
326 10 0.0011
343 10 0.006
4 11 0.0504
17 11 0.0092
18 11 0.056
13 12 0.012
14 12 0.0082
15 12 0.1104
16 12 0.066
12 13 0.012
14 13 0.0158
17 13 0.0086
18 13 0.0337
12 14 0.0082
13 14 0.0158
57 14 0.001
12 15 0.1104
58 15 0.0048
324 15 0.0165
1 16 0.0097
12 16 0.066
19 16 0.0244
11 17 0.0092
13 17 0.0086
42 17 0.002
11 18 0.056
13 18 0.0337
19 18 0.0627
4 19 0.0546
16 19 0.0244
18 19 0.0627
1 20 0.0089
5 20 0.0043
324 20 0.0063
1 21 0.0017
23 22 0.0623
24 22 0.0161
33 22 0.0302
2 23 0.0092
22 23 0.0623
24 23 0.0411
22 24 0.0161
23 24 0.0411
25 24 0.023
346 24 0.0047
24 25 0.023
29 25 0.0101
30 25 0.0154
346 25 0.0097
27 26 0.0265
216 26 0.0081
346 26 0.0133
26 27 0.0265
28 27 0.0431
102 27 0.0287
27 28 0.0431
29 28 0.0214
30 28 0.0168
31 28 0.0511
25 29 0.0101
28 29 0.0214
346 29 0.0082
25 30 0.0154
28 30 0.0168
31 30 0.0114
32 30 0.0106
228 30 0.0095
28 31 0.0511
30 31 0.0114
32 31 0.016
97 31 0.0051
30 32 0.0106
31 32 0.016
88 32 0.0123
1 33 0.0075
2 33 0.0193
22 33 0.0302
327 34 0.0096
329 34 0.0089
330 34 0.0056
105 35 0.0014
120 35 0.0006
328 35 0.0021
1 36 0.0056
37 36 0.0574
40 36 0.0282
36 37 0.0574
38 37 0.0081
41 37 0.0245
2 38 0.0056
37 38 0.0081
39 38 0.0524
38 39 0.0524
3 40 0.0231
36 40 0.0282
41 40 0.0131
3 41 0.009
37 41 0.0245
40 41 0.0131
48 41 0.0063
85 41 0.0112
17 42 0.002
43 42 0.0014
49 42 0.0024
231 42 0.0016
42 43 0.0014
44 43 0.0024
45 43 0.0006
327 43 0.0011
43 44 0.0024
43 45 0.0006
47 46 0.0086
86 46 0.0049
87 46 0.0051
46 47 0.0086
48 47 0.0059
86 47 0.0196
41 48 0.0063
47 48 0.0059
85 48 0.0174
42 49 0.0024
50 49 0.001
51 49 0.0006
52 49 0.0011
53 49 0.0009
56 49 0.0004
49 50 0.001
49 51 0.0006
49 52 0.0011
53 52 0.002
54 52 0.0007
49 53 0.0009
52 53 0.002
55 53 0.0015
52 54 0.0007
53 55 0.0015
49 56 0.0004
14 57 0.001
15 58 0.0048
59 58 0.0056
248 58 0.0042
58 59 0.0056
245 59 0.0094
247 59 0.0065
248 59 0.0026
63 60 0.0029
245 60 0.0086
324 60 0.0262
245 61 0.029
246 61 0.0487
331 61 0.0033
69 62 0.0006
75 62 0.0063
232 62 0.0051
60 63 0.0029
65 64 0.0009
66 64 0.0016
67 64 0.0004
68 64 0.0004
251 64 0.0015
64 65 0.0009
64 66 0.0016
64 67 0.0004
64 68 0.0004
62 69 0.0006
70 69 0.0003
84 69 0.0004
69 70 0.0003
72 71 0.0008
73 71 0.0067
75 71 0.0084
71 72 0.0008
71 73 0.0067
74 73 0.0003
80 73 0.0058
83 73 0.0002
73 74 0.0003
62 75 0.0063
71 75 0.0084
76 75 0.0003
75 76 0.0003
78 77 0.0003
80 77 0.0254
81 77 0.0004
77 78 0.0003
80 79 0.0004
73 80 0.0058
77 80 0.0254
79 80 0.0004
82 80 0.0006
77 81 0.0004
80 82 0.0006
73 83 0.0002
69 84 0.0004
41 85 0.0112
48 85 0.0174
86 85 0.0183
46 86 0.0049
47 86 0.0196
85 86 0.0183
46 87 0.0051
111 87 0.0008
120 87 0.0022
329 87 0.0039
32 88 0.0123
89 88 0.0071
96 88 0.0066
98 88 0.0016
88 89 0.0071
90 89 0.0053
95 89 0.0018
112 89 0.0013
113 89 0.0004
89 90 0.0053
91 90 0.0014
94 90 0.0018
90 91 0.0014
92 91 0.0002
115 91 0.001
91 92 0.0002
94 93 0.0015
226 93 0.0012
227 93 0.0001
90 94 0.0018
93 94 0.0015
95 94 0.0028
89 95 0.0018
94 95 0.0028
96 95 0.0031
88 96 0.0066
95 96 0.0031
225 96 0.0001
31 97 0.0051
100 97 0.0176
304 97 0.0006
88 98 0.0016
100 99 0.0031
97 100 0.0176
99 100 0.0031
101 100 0.0063
100 101 0.0063
102 101 0.0107
103 101 0.0006
27 102 0.0287
101 102 0.0107
103 102 0.0088
224 102 0.0015
101 103 0.0006
102 103 0.0088
219 103 0.0066
330 104 0.0036
35 105 0.0014
328 105 0.0005
330 105 0.0051
10 106 0.0025
107 106 0.0034
110 106 0.0007
106 107 0.0034
108 107 0.0001
109 107 0.0023
317 107 0.0003
107 108 0.0001
107 109 0.0023
106 110 0.0007
87 111 0.0008
89 112 0.0013
114 112 0.0007
115 112 0.0012
119 112 0.0003
89 113 0.0004
112 114 0.0007
91 115 0.001
112 115 0.0012
116 115 0.0006
115 116 0.0006
117 116 0.0001
118 116 0.0004
116 117 0.0001
116 118 0.0004
112 119 0.0003
35 120 0.0006
87 120 0.0022
121 120 0.0034
120 121 0.0034
308 122 0.0035
326 122 0.0039
332 122 0.0049
326 123 0.0025
125 124 0.0009
126 124 0.0004
308 124 0.0034
335 124 0.002
124 125 0.0009
124 126 0.0004
127 126 0.0006
332 126 0.0008
126 127 0.0006
5 128 0.01
234 128 0.0993
237 128 0.0386
131 129 0.0069
141 129 0.0086
145 129 0.0018
311 129 0.011
7 130 0.1021
131 130 0.095
133 130 0.0092
1 131 0.004
129 131 0.0069
130 131 0.095
132 131 0.0137
131 132 0.0137
172 132 0.0031
256 132 0.0032
259 132 0.0071
260 132 0.0041
311 132 0.0073
130 133 0.0092
170 133 0.007
171 133 0.0005
135 134 0.0143
147 134 0.0028
155 134 0.0022
170 134 0.0956
134 135 0.0143
158 135 0.0026
162 135 0.0006
137 136 0.0014
168 136 0.0072
169 136 0.0311
136 137 0.0014
139 138 0.0029
140 138 0.0023
147 138 0.0056
138 139 0.0029
138 140 0.0023
129 141 0.0086
142 141 0.0491
311 141 0.0043
141 142 0.0491
143 142 0.0027
309 142 0.0046
142 143 0.0027
144 143 0.0163
149 143 0.0065
143 144 0.0163
129 145 0.0018
147 146 0.0053
134 147 0.0028
138 147 0.0056
146 147 0.0053
148 147 0.0048
147 148 0.0048
143 149 0.0065
150 149 0.0022
151 149 0.01
149 150 0.0022
149 151 0.01
152 151 0.0042
153 151 0.0068
151 152 0.0042
151 153 0.0068
309 154 0.0013
134 155 0.0022
156 155 0.0135
157 155 0.0025
155 156 0.0135
155 157 0.0025
135 158 0.0026
159 158 0.0027
303 158 0.0011
158 159 0.0027
160 159 0.0017
161 159 0.0019
159 160 0.0017
159 161 0.0019
135 162 0.0006
164 163 0.0012
163 164 0.0012
165 164 0.0005
169 164 0.0002
164 165 0.0005
167 166 0.0588
168 166 0.0069
340 166 0.0048
166 167 0.0588
169 167 0.0038
170 167 0.004
136 168 0.0072
166 168 0.0069
169 168 0.0121
136 169 0.0311
164 169 0.0002
167 169 0.0038
168 169 0.0121
133 170 0.007
134 170 0.0956
167 170 0.004
133 171 0.0005
132 172 0.0031
1 173 0.0033
175 174 0.0317
176 174 0.0284
267 174 0.0093
268 174 0.0115
269 174 0.0038
270 174 0.0238
344 174 0.0099
174 175 0.0317
174 176 0.0284
263 176 0.0056
264 176 0.0329
1 177 0.0091
179 177 0.029
279 177 0.0061
292 177 0.0112
1 178 0.0109
273 178 0.0051
344 178 0.0288
1 179 0.0114
177 179 0.029
180 179 0.0218
179 180 0.0218
282 180 0.0333
292 180 0.0122
1 181 0.0017
183 182 0.0568
184 182 0.0088
312 182 0.0015
1 183 0.0102
182 183 0.0568
184 183 0.0097
182 184 0.0088
183 184 0.0097
188 184 0.0025
186 185 0.0013
202 185 0.0032
312 185 0.0549
322 185 0.0029
185 186 0.0013
202 187 0.0013
184 188 0.0025
189 188 0.0174
325 188 0.0082
188 189 0.0174
190 189 0.012
191 189 0.0071
192 189 0.0079
193 189 0.0024
197 189 0.0077
325 189 0.0269
189 190 0.012
189 191 0.0071
189 192 0.0079
189 193 0.0024
194 193 0.0062
198 193 0.0013
193 194 0.0062
197 195 0.0045
204 195 0.0003
313 195 0.0042
197 196 0.0147
200 196 0.0019
203 196 0.001
189 197 0.0077
195 197 0.0045
196 197 0.0147
193 198 0.0013
199 198 0.0063
320 198 0.0011
198 199 0.0063
196 200 0.0019
202 201 0.0033
321 201 0.0021
325 201 0.0129
185 202 0.0032
187 202 0.0013
201 202 0.0033
323 202 0.0024
196 203 0.001
195 204 0.0003
1 205 0.0036
1 206 0.0056
207 206 0.0009
210 206 0.042
206 207 0.0009
208 207 0.0025
209 207 0.0038
207 208 0.0025
207 209 0.0038
206 210 0.042
211 210 0.0008
212 210 0.0013
210 211 0.0008
212 211 0.0095
213 211 0.0057
1 212 0.0026
210 212 0.0013
211 212 0.0095
211 213 0.0057
214 213 0.0002
318 213 0.0004
213 214 0.0002
318 215 0.0006
26 216 0.0081
217 216 0.0003
218 216 0.0033
216 217 0.0003
216 218 0.0033
103 219 0.0066
220 219 0.0027
223 219 0.0007
219 220 0.0027
221 220 0.0004
222 220 0.0005
220 221 0.0004
220 222 0.0005
219 223 0.0007
102 224 0.0015
96 225 0.0001
93 226 0.0012
93 227 0.0001
30 228 0.0095
229 228 0.0166
230 228 0.0075
228 229 0.0166
228 230 0.0075
42 231 0.0016
62 232 0.0051
233 232 0.002
246 232 0.0295
232 233 0.002
128 234 0.0993
235 234 0.0196
243 234 0.0265
234 235 0.0196
240 236 0.0041
241 236 0.0058
243 236 0.0162
128 237 0.0386
239 237 0.0128
342 237 0.0482
343 238 0.0178
237 239 0.0128
236 240 0.0041
236 241 0.0058
243 242 0.0007
252 242 0.0016
326 242 0.0035
234 243 0.0265
236 243 0.0162
242 243 0.0007
244 243 0.0012
243 244 0.0012
59 245 0.0094
60 245 0.0086
61 245 0.029
252 245 0.0013
61 246 0.0487
232 246 0.0295
247 246 0.0067
59 247 0.0065
246 247 0.0067
249 247 0.008
58 248 0.0042
59 248 0.0026
250 248 0.0948
247 249 0.008
250 249 0.0573
251 249 0.0078
248 250 0.0948
249 250 0.0573
251 250 0.0095
64 251 0.0015
249 251 0.0078
250 251 0.0095
242 252 0.0016
245 252 0.0013
331 252 0.0223
332 252 0.0155
254 253 0.0014
255 253 0.0022
306 253 0.0106
253 254 0.0014
253 255 0.0022
132 256 0.0032
257 256 0.0035
258 256 0.0013
256 257 0.0035
256 258 0.0013
132 259 0.0071
132 260 0.0041
261 260 0.0068
262 260 0.0055
260 261 0.0068
260 262 0.0055
176 263 0.0056
176 264 0.0329
265 264 0.0141
266 264 0.0105
264 265 0.0141
264 266 0.0105
174 267 0.0093
174 268 0.0115
174 269 0.0038
174 270 0.0238
271 270 0.0265
272 270 0.0236
270 271 0.0265
270 272 0.0236
178 273 0.0051
284 273 0.0074
285 273 0.0053
286 273 0.0016
293 273 0.0017
345 273 0.0128
286 274 0.0036
286 275 0.0036
291 276 0.0081
290 277 0.0047
292 278 0.0027
177 279 0.0061
294 280 0.0017
288 281 0.0047
180 282 0.0333
283 282 0.0093
345 282 0.0178
282 283 0.0093
289 283 0.0376
292 283 0.0159
299 283 0.0356
273 284 0.0074
273 285 0.0053
273 286 0.0016
274 286 0.0036
275 286 0.0036
288 287 0.0086
294 287 0.0056
297 287 0.005
345 287 0.0181
281 288 0.0047
287 288 0.0086
296 288 0.0074
283 289 0.0376
290 289 0.0168
298 289 0.005
299 289 0.0352
277 290 0.0047
289 290 0.0168
291 290 0.0042
276 291 0.0081
290 291 0.0042
298 291 0.0042
177 292 0.0112
180 292 0.0122
278 292 0.0027
283 292 0.0159
273 293 0.0017
280 294 0.0017
287 294 0.0056
296 294 0.0037
296 295 0.0097
288 296 0.0074
294 296 0.0037
295 296 0.0097
287 297 0.005
300 297 0.0157
301 297 0.0202
302 297 0.0157
289 298 0.005
291 298 0.0042
301 298 0.0329
283 299 0.0356
289 299 0.0352
300 299 0.0066
345 299 0.0253
297 300 0.0157
299 300 0.0066
301 300 0.0156
297 301 0.0202
298 301 0.0329
300 301 0.0156
297 302 0.0157
158 303 0.0011
97 304 0.0006
7 305 0.0209
306 305 0.0023
307 305 0.0085
253 306 0.0106
305 306 0.0023
307 306 0.0118
305 307 0.0085
306 307 0.0118
340 307 0.0131
122 308 0.0035
124 308 0.0034
333 308 0.0015
142 309 0.0046
154 309 0.0013
310 309 0.0031
311 309 0.0026
309 310 0.0031
129 311 0.011
132 311 0.0073
141 311 0.0043
309 311 0.0026
182 312 0.0015
185 312 0.0549
325 312 0.0102
195 313 0.0042
328 314 0.0001
328 315 0.0009
327 316 0.0009
107 317 0.0003
213 318 0.0004
215 318 0.0006
319 318 0.0015
318 319 0.0015
198 320 0.0011
201 321 0.0021
185 322 0.0029
202 323 0.0024
15 324 0.0165
20 324 0.0063
60 324 0.0262
188 325 0.0082
189 325 0.0269
201 325 0.0129
312 325 0.0102
10 326 0.0011
122 326 0.0039
123 326 0.0025
242 326 0.0035
334 326 0.0008
4 327 0.0019
34 327 0.0096
43 327 0.0011
316 327 0.0009
35 328 0.0021
105 328 0.0005
314 328 0.0001
315 328 0.0009
34 329 0.0089
87 329 0.0039
330 329 0.0152
34 330 0.0056
104 330 0.0036
105 330 0.0051
329 330 0.0152
61 331 0.0033
252 331 0.0223
332 331 0.0062
122 332 0.0049
126 332 0.0008
252 332 0.0155
331 332 0.0062
308 333 0.0015
338 333 0.008
339 333 0.0017
326 334 0.0008
124 335 0.002
336 335 0.0015
337 335 0.0011
335 336 0.0015
335 337 0.0011
333 338 0.008
333 339 0.0017
7 340 0.0278
166 340 0.0048
307 340 0.0131
342 341 0.0388
237 342 0.0482
341 342 0.0388
343 342 0.0153
10 343 0.006
238 343 0.0178
342 343 0.0153
1 344 0.008
174 344 0.0099
178 344 0.0288
273 345 0.0128
282 345 0.0178
287 345 0.0181
299 345 0.0253
24 346 0.0047
25 346 0.0097
26 346 0.0133
29 346 0.0082
