2 1 0.0084
5 1 0.0039
8 1 0.0054
97 1 0.0056
99 1 0.0059
127 1 0.0113
211 1 0.0075
212 1 0.015
253 1 0.012
260 1 0.0142
301 1 0.0137
412 1 0.0016
413 1 0.0126
414 1 0.0035
442 1 0.0055
452 1 0.004
453 1 0.0036
474 1 0.0061
479 1 0.0078
495 1 0.0073
503 1 0.0084
504 1 0.0107
505 1 0.0066
512 1 0.0141
594 1 0.0134
614 1 0.0079
616 1 0.012
619 1 0.0049
665 1 0.0113
726 1 0.0138
729 1 0.0055
738 1 0.0176
739 1 0.0176
743 1 0.0167
795 1 0.0103
797 1 0.0033
801 1 0.008
1 2 0.0084
3 2 0.015
413 2 0.0069
2 3 0.015
4 3 0.0179
368 3 0.0048
3 4 0.0179
9 4 0.0059
10 4 0.0334
368 4 0.0031
1 5 0.0039
6 5 0.0065
309 5 0.001
412 5 0.0046
5 6 0.0065
7 6 0.0006
79 6 0.0216
355 6 0.0025
6 7 0.0006
8 7 0.0023
78 7 0.0011
350 7 0.0059
1 8 0.0054
7 8 0.0023
9 8 0.0017
4 9 0.0059
8 9 0.0017
10 9 0.0033
78 9 0.0017
4 10 0.0334
9 10 0.0033
11 10 0.0469
381 10 0.0138
10 11 0.0469
12 11 0.0557
28 11 0.022
48 11 0.045
11 12 0.0557
13 12 0.0182
34 12 0.0067
12 13 0.0182
14 13 0.0046
15 13 0.0371
61 13 0.0014
13 14 0.0046
57 14 0.0147
58 14 0.005
76 14 0.0031
77 14 0.0034
13 15 0.0371
34 15 0.003
61 15 0.0107
64 15 0.0361
17 16 0.0813
35 16 0.0011
38 16 0.0541
65 16 0.1155
16 17 0.0813
18 17 0.0943
66 17 0.0004
17 18 0.0943
19 18 0.0148
67 18 0.0018
404 18 0.0045
18 19 0.0148
20 19 0.1063
68 19 0.0014
69 19 0.0085
19 20 0.1063
21 20 0.0169
25 20 0.0078
20 21 0.0169
22 21 0.0225
72 21 0.0005
21 22 0.0225
23 22 0.0153
75 22 0.0026
22 23 0.0153
24 23 0.0146
74 23 0.0027
409 23 0.0059
23 24 0.0146
1206 24 0.0142
1214 24 0.0037
20 25 0.0078
26 25 0.0127
403 25 0.0265
1232 25 0.0094
25 26 0.0127
1217 26 0.0007
1222 26 0.0099
1219 27 0.0135
1222 27 0.035
1233 27 0.0255
11 28 0.022
29 28 0.0444
34 28 0.0445
28 29 0.0444
30 29 0.006
364 29 0.007
29 30 0.006
31 30 0.016
347 30 0.0041
30 31 0.016
32 31 0.0229
323 31 0.0016
31 32 0.0229
33 32 0.0197
342 32 0.0014
32 33 0.0197
341 33 0.0083
342 33 0.0013
410 33 0.0032
12 34 0.0067
15 34 0.003
28 34 0.0445
35 34 0.0059
16 35 0.0011
34 35 0.0059
36 35 0.0052
35 36 0.0052
37 36 0.0041
73 36 0.0015
36 37 0.0041
411 37 0.0182
1206 37 0.0023
16 38 0.0541
39 38 0.0041
46 38 0.0203
38 39 0.0041
40 39 0.0096
44 39 0.0021
404 39 0.0143
39 40 0.0096
41 40 0.0035
42 40 0.004
40 41 0.0035
43 41 0.009
44 41 0.0007
1226 41 0.0035
40 42 0.004
43 42 0.0088
1255 42 0.0019
41 43 0.009
42 43 0.0088
1256 43 0.0036
39 44 0.0021
41 44 0.0007
45 44 0.0084
44 45 0.0084
38 46 0.0203
47 46 0.0116
56 46 0.0064
46 47 0.0116
55 47 0.0088
385 47 0.0031
11 48 0.045
49 48 0.0424
366 48 0.0208
48 49 0.0424
50 49 0.0093
378 49 0.0079
49 50 0.0093
51 50 0.0218
379 50 0.0065
50 51 0.0218
52 51 0.0044
369 51 0.0044
51 52 0.0044
53 52 0.0273
382 52 0.0435
52 53 0.0273
54 53 0.0126
57 53 0.0076
383 53 0.0049
53 54 0.0126
55 54 0.0132
56 54 0.003
57 54 0.0049
47 55 0.0088
54 55 0.0132
56 55 0.0111
46 56 0.0064
54 56 0.003
55 56 0.0111
14 57 0.0147
53 57 0.0076
54 57 0.0049
14 58 0.005
59 58 0.0089
62 58 0.0023
58 59 0.0089
60 59 0.0086
63 59 0.0024
59 60 0.0086
13 61 0.0014
15 61 0.0107
62 61 0.0106
58 62 0.0023
61 62 0.0106
63 62 0.0127
64 62 0.0062
59 63 0.0024
62 63 0.0127
65 63 0.0073
15 64 0.0361
62 64 0.0062
65 64 0.0668
16 65 0.1155
63 65 0.0073
64 65 0.0668
17 66 0.0004
18 67 0.0018
19 68 0.0014
19 69 0.0085
70 69 0.0027
71 69 0.0026
69 70 0.0027
69 71 0.0026
21 72 0.0005
36 73 0.0015
74 73 0.0119
75 73 0.0029
23 74 0.0027
73 74 0.0119
75 74 0.0095
22 75 0.0026
73 75 0.0029
74 75 0.0095
14 76 0.0031
14 77 0.0034
7 78 0.0011
9 78 0.0017
354 78 0.0017
6 79 0.0216
80 79 0.0083
310 79 0.027
355 79 0.029
79 80 0.0083
81 80 0.1112
307 80 0.0111
336 80 0.0036
80 81 0.1112
82 81 0.0267
104 81 0.0327
307 81 0.0063
81 82 0.0267
83 82 0.0695
103 82 0.0019
82 83 0.0695
106 83 0.0027
110 83 0.0443
111 83 0.0053
85 84 0.0417
86 84 0.0181
107 84 0.012
110 84 0.019
84 85 0.0417
86 85 0.0171
115 85 0.0512
84 86 0.0181
85 86 0.0171
87 86 0.0263
86 87 0.0263
88 87 0.0058
105 87 0.0139
87 88 0.0058
89 88 0.0177
94 88 0.011
98 88 0.0086
88 89 0.0177
90 89 0.0331
180 89 0.006
89 90 0.0331
91 90 0.0073
181 90 0.0069
90 91 0.0073
92 91 0.0207
182 91 0.0097
91 92 0.0207
93 92 0.0104
178 92 0.019
92 93 0.0104
123 93 0.0322
178 93 0.013
88 94 0.011
95 94 0.0055
98 94 0.0185
94 95 0.0055
96 95 0.0038
105 95 0.0073
111 95 0.0068
95 96 0.0038
97 96 0.0086
100 96 0.0055
1 97 0.0056
96 97 0.0086
98 97 0.0118
88 98 0.0086
94 98 0.0185
97 98 0.0118
1 99 0.0059
100 99 0.0076
308 99 0.0044
96 100 0.0055
99 100 0.0076
101 100 0.0133
306 100 0.0121
100 101 0.0133
102 101 0.0211
104 101 0.0025
101 102 0.0211
103 102 0.0123
111 102 0.0054
82 103 0.0019
102 103 0.0123
104 103 0.0133
81 104 0.0327
101 104 0.0025
103 104 0.0133
307 104 0.005
87 105 0.0139
95 105 0.0073
110 105 0.0017
83 106 0.0027
108 106 0.0071
331 106 0.0017
84 107 0.012
112 107 0.009
305 107 0.0008
106 108 0.0071
109 108 0.0182
110 108 0.001
108 109 0.0182
83 110 0.0443
84 110 0.019
105 110 0.0017
108 110 0.001
83 111 0.0053
95 111 0.0068
102 111 0.0054
107 112 0.009
113 112 0.0031
115 112 0.0062
302 112 0.0024
112 113 0.0031
114 113 0.0116
118 113 0.0036
119 113 0.0008
113 114 0.0116
1147 114 0.0042
1162 114 0.0041
85 115 0.0512
112 115 0.0062
116 115 0.0573
115 116 0.0573
117 116 0.0181
122 116 0.0049
116 117 0.0181
118 117 0.0238
121 117 0.0018
113 118 0.0036
117 118 0.0238
119 118 0.0652
171 118 0.0059
113 119 0.0008
118 119 0.0652
120 119 0.0111
171 119 0.0015
119 120 0.0111
176 120 0.0017
1141 120 0.0145
117 121 0.0018
116 122 0.0049
123 122 0.007
124 122 0.0069
126 122 0.0152
93 123 0.0322
122 123 0.007
124 123 0.0082
177 123 0.004
122 124 0.0069
123 124 0.0082
125 124 0.0084
124 125 0.0084
122 126 0.0152
1 127 0.0113
128 127 0.0413
187 127 0.0809
127 128 0.0413
129 128 0.0431
183 128 0.0038
128 129 0.0431
130 129 0.0181
191 129 0.0023
129 130 0.0181
131 130 0.0089
147 130 0.0316
130 131 0.0089
132 131 0.0134
147 131 0.0136
131 132 0.0134
179 132 0.0095
299 132 0.0238
134 133 0.0508
169 133 0.0043
177 133 0.0026
299 133 0.0199
133 134 0.0508
135 134 0.019
140 134 0.0127
169 134 0.0044
171 134 0.0018
134 135 0.019
136 135 0.0054
172 135 0.0025
135 136 0.0054
137 136 0.0192
140 136 0.002
136 137 0.0192
138 137 0.0057
176 137 0.0005
1140 137 0.0011
137 138 0.0057
139 138 0.0084
145 138 0.0025
138 139 0.0084
1134 139 0.0002
1135 139 0.0154
134 140 0.0127
136 140 0.002
141 140 0.0428
167 140 0.0014
140 141 0.0428
142 141 0.0262
166 141 0.006
141 142 0.0262
143 142 0.0224
165 142 0.0013
142 143 0.0224
144 143 0.027
164 143 0.0044
143 144 0.027
145 144 0.0093
1125 144 0.0028
138 145 0.0025
144 145 0.0093
146 145 0.0027
145 146 0.0027
130 147 0.0316
131 147 0.0136
148 147 0.0735
168 147 0.0107
147 148 0.0735
149 148 0.0359
170 148 0.0137
148 149 0.0359
150 149 0.0157
196 149 0.0313
297 149 0.004
149 150 0.0157
151 150 0.0124
167 150 0.0077
150 151 0.0124
152 151 0.0232
167 151 0.0128
151 152 0.0232
153 152 0.119
157 152 0.0036
152 153 0.119
154 153 0.0096
157 153 0.009
195 153 0.0124
153 154 0.0096
155 154 0.0068
158 154 0.0088
213 154 0.0108
154 155 0.0068
156 155 0.0013
160 155 0.0213
155 156 0.0013
152 157 0.0036
153 157 0.009
158 157 0.0021
154 158 0.0088
157 158 0.0021
159 158 0.003
158 159 0.003
155 160 0.0213
161 160 0.0033
162 160 0.0021
163 160 0.0018
160 161 0.0033
160 162 0.0021
160 163 0.0018
143 164 0.0044
142 165 0.0013
141 166 0.006
140 167 0.0014
150 167 0.0077
151 167 0.0128
297 167 0.0264
147 168 0.0107
169 168 0.0084
299 168 0.004
133 169 0.0043
134 169 0.0044
168 169 0.0084
170 169 0.0155
148 170 0.0137
169 170 0.0155
297 170 0.0047
118 171 0.0059
119 171 0.0015
134 171 0.0018
135 172 0.0025
173 172 0.0008
174 172 0.0018
172 173 0.0008
172 174 0.0018
175 174 0.0021
176 174 0.0007
174 175 0.0021
120 176 0.0017
137 176 0.0005
174 176 0.0007
123 177 0.004
133 177 0.0026
178 177 0.0011
92 178 0.019
93 178 0.013
177 178 0.0011
132 179 0.0095
180 179 0.0036
182 179 0.0056
300 179 0.0031
89 180 0.006
179 180 0.0036
181 180 0.0126
184 180 0.0085
90 181 0.0069
180 181 0.0126
182 181 0.0074
91 182 0.0097
179 182 0.0056
181 182 0.0074
128 183 0.0038
184 183 0.01
186 183 0.0179
180 184 0.0085
183 184 0.01
185 184 0.0037
184 185 0.0037
183 186 0.0179
127 187 0.0809
188 187 0.0157
207 187 0.0186
209 187 0.0205
187 188 0.0157
189 188 0.0037
191 188 0.0013
188 189 0.0037
190 189 0.0035
197 189 0.0037
189 190 0.0035
129 191 0.0023
188 191 0.0013
192 191 0.0056
191 192 0.0056
193 192 0.0475
196 192 0.0026
198 192 0.0117
192 193 0.0475
194 193 0.0262
198 193 0.0177
288 193 0.0058
193 194 0.0262
195 194 0.0337
288 194 0.01
153 195 0.0124
194 195 0.0337
196 195 0.0296
213 195 0.0243
149 196 0.0313
192 196 0.0026
195 196 0.0296
189 197 0.0037
192 198 0.0117
193 198 0.0177
199 198 0.0201
294 198 0.0096
198 199 0.0201
200 199 0.0015
202 199 0.0146
292 199 0.0018
199 200 0.0015
201 200 0.0051
209 200 0.0438
200 201 0.0051
202 201 0.0029
204 201 0.0044
199 202 0.0146
201 202 0.0029
203 202 0.0128
296 202 0.005
202 203 0.0128
204 203 0.0133
271 203 0.041
289 203 0.0065
201 204 0.0044
203 204 0.0133
205 204 0.0298
204 205 0.0298
206 205 0.0132
211 205 0.0064
301 205 0.0034
205 206 0.0132
207 206 0.0131
301 206 0.0064
187 207 0.0186
206 207 0.0131
208 207 0.0462
207 208 0.0462
209 208 0.0326
210 208 0.0161
187 209 0.0205
200 209 0.0438
208 209 0.0326
208 210 0.0161
1 211 0.0075
205 211 0.0064
212 211 0.0137
1 212 0.015
211 212 0.0137
271 212 0.0047
154 213 0.0108
195 213 0.0243
214 213 0.0133
276 213 0.0011
213 214 0.0133
215 214 0.01
286 214 0.0052
214 215 0.01
216 215 0.0104
234 215 0.0033
215 216 0.0104
217 216 0.0787
245 216 0.0047
216 217 0.0787
218 217 0.0111
1129 217 0.0007
217 218 0.0111
219 218 0.0015
1130 218 0.0005
218 219 0.0015
220 219 0.0006
863 219 0.0011
219 220 0.0006
221 220 0.0161
246 220 0.0383
220 221 0.0161
222 221 0.0177
244 221 0.0012
861 221 0.0005
221 222 0.0177
223 222 0.0194
239 222 0.0015
222 223 0.0194
224 223 0.1368
237 223 0.0028
851 223 0.0046
854 223 0.0014
223 224 0.1368
225 224 0.0733
236 224 0.0006
224 225 0.0733
226 225 0.0747
837 225 0.0006
225 226 0.0747
227 226 0.0634
252 226 0.0034
838 226 0.0055
226 227 0.0634
228 227 0.0476
835 227 0.003
227 228 0.0476
229 228 0.0065
252 228 0.0051
259 228 0.0499
834 228 0.0042
228 229 0.0065
230 229 0.0058
233 229 0.0011
229 230 0.0058
231 230 0.024
234 230 0.0013
230 231 0.024
232 231 0.0034
252 231 0.002
231 232 0.0034
229 233 0.0011
234 233 0.0032
283 233 0.0019
215 234 0.0033
230 234 0.0013
233 234 0.0032
235 234 0.002
234 235 0.002
224 236 0.0006
223 237 0.0028
238 237 0.0007
242 237 0.0062
237 238 0.0007
243 238 0.001
862 238 0.0007
222 239 0.0015
240 239 0.001
241 239 0.0016
239 240 0.001
239 241 0.0016
237 242 0.0062
238 243 0.001
221 244 0.0012
216 245 0.0047
1126 245 0.0006
1127 245 0.0004
220 246 0.0383
247 246 0.0058
249 246 0.0015
251 246 0.0007
246 247 0.0058
248 247 0.0008
250 247 0.0005
1119 247 0.0006
247 248 0.0008
246 249 0.0015
1110 249 0.0043
1111 249 0.004
247 250 0.0005
246 251 0.0007
226 252 0.0034
228 252 0.0051
231 252 0.002
1 253 0.012
254 253 0.0502
272 253 0.0099
253 254 0.0502
255 254 0.0873
802 254 0.0046
254 255 0.0873
256 255 0.148
263 255 0.0383
826 255 0.0203
255 256 0.148
257 256 0.0595
264 256 0.0331
829 256 0.0008
256 257 0.0595
258 257 0.0332
830 257 0.0012
257 258 0.0332
259 258 0.0549
282 258 0.0082
832 258 0.0014
228 259 0.0499
258 259 0.0549
808 259 0.0019
831 259 0.0168
1 260 0.0142
261 260 0.0514
271 260 0.0188
260 261 0.0514
262 261 0.0601
270 261 0.0083
272 261 0.1049
261 262 0.0601
263 262 0.0376
265 262 0.0335
272 262 0.1173
255 263 0.0383
262 263 0.0376
264 263 0.0305
272 263 0.0097
256 264 0.0331
263 264 0.0305
265 264 0.032
267 264 0.0064
262 265 0.0335
264 265 0.032
266 265 0.0257
265 266 0.0257
267 266 0.0066
269 266 0.0091
264 267 0.0064
266 267 0.0066
268 267 0.0116
267 268 0.0116
269 268 0.0084
273 268 0.0056
282 268 0.0117
292 268 0.0011
266 269 0.0091
268 269 0.0084
270 269 0.0071
291 269 0.0014
261 270 0.0083
269 270 0.0071
289 270 0.0025
203 271 0.041
212 271 0.0047
260 271 0.0188
253 272 0.0099
261 272 0.1049
262 272 0.1173
263 272 0.0097
268 273 0.0056
274 273 0.006
281 273 0.008
273 274 0.006
275 274 0.0099
292 274 0.0043
274 275 0.0099
293 275 0.003
295 275 0.0069
213 276 0.0011
277 276 0.002
288 276 0.0015
295 276 0.0145
276 277 0.002
278 277 0.0399
281 277 0.0147
277 278 0.0399
279 278 0.0064
286 278 0.007
278 279 0.0064
280 279 0.004
284 279 0.0046
285 279 0.0033
279 280 0.004
281 280 0.0049
283 280 0.0049
273 281 0.008
277 281 0.0147
280 281 0.0049
258 282 0.0082
268 282 0.0117
283 282 0.0014
233 283 0.0019
280 283 0.0049
282 283 0.0014
279 284 0.0046
279 285 0.0033
214 286 0.0052
278 286 0.007
287 286 0.0007
286 287 0.0007
193 288 0.0058
194 288 0.01
276 288 0.0015
203 289 0.0065
270 289 0.0025
290 289 0.0078
289 290 0.0078
269 291 0.0014
199 292 0.0018
268 292 0.0011
274 292 0.0043
293 292 0.013
275 293 0.003
292 293 0.013
294 293 0.0067
198 294 0.0096
293 294 0.0067
295 294 0.0024
275 295 0.0069
276 295 0.0145
294 295 0.0024
202 296 0.005
149 297 0.004
167 297 0.0264
170 297 0.0047
298 297 0.0026
297 298 0.0026
132 299 0.0238
133 299 0.0199
168 299 0.004
179 300 0.0031
1 301 0.0137
205 301 0.0034
206 301 0.0064
112 302 0.0024
303 302 0.0012
304 302 0.0008
302 303 0.0012
302 304 0.0008
107 305 0.0008
100 306 0.0121
307 306 0.0077
308 306 0.0063
80 307 0.0111
81 307 0.0063
104 307 0.005
306 307 0.0077
99 308 0.0044
306 308 0.0063
309 308 0.0132
5 309 0.001
308 309 0.0132
412 309 0.0005
79 310 0.027
311 310 0.0165
317 310 0.0126
310 311 0.0165
312 311 0.0132
356 311 0.0278
311 312 0.0132
313 312 0.0259
332 312 0.0075
312 313 0.0259
314 313 0.0185
328 313 0.0118
313 314 0.0185
315 314 0.0067
337 314 0.002
338 314 0.0005
314 315 0.0067
316 315 0.0101
320 315 0.0068
315 316 0.0101
310 317 0.0126
318 317 0.0151
350 317 0.0029
317 318 0.0151
319 318 0.007
346 318 0.0044
352 318 0.0263
353 318 0.0529
318 319 0.007
320 319 0.0085
323 319 0.0248
315 320 0.0068
319 320 0.0085
321 320 0.0575
320 321 0.0575
322 321 0.0371
339 321 0.0073
321 322 0.0371
327 322 0.0034
340 322 0.0012
1164 322 0.0021
1166 322 0.0079
31 323 0.0016
319 323 0.0248
324 323 0.014
323 324 0.014
325 324 0.0065
326 324 0.0026
327 324 0.003
345 324 0.0122
324 325 0.0065
324 326 0.0026
322 327 0.0034
324 327 0.003
1181 327 0.0074
313 328 0.0118
329 328 0.009
332 328 0.0017
333 328 0.0048
328 329 0.009
330 329 0.0014
331 329 0.0027
329 330 0.0014
106 331 0.0017
329 331 0.0027
1164 331 0.0031
312 332 0.0075
328 332 0.0017
333 332 0.0025
335 332 0.0021
328 333 0.0048
332 333 0.0025
334 333 0.0068
333 334 0.0068
332 335 0.0021
80 336 0.0036
314 337 0.002
314 338 0.0005
321 339 0.0073
322 340 0.0012
33 341 0.0083
1188 341 0.0038
1194 341 0.0033
32 342 0.0014
33 342 0.0013
343 342 0.0024
344 342 0.0104
342 343 0.0024
342 344 0.0104
324 345 0.0122
318 346 0.0044
347 346 0.0024
348 346 0.0055
30 347 0.0041
346 347 0.0024
349 347 0.0032
346 348 0.0055
347 349 0.0032
7 350 0.0059
317 350 0.0029
351 350 0.0021
355 350 0.0052
350 351 0.0021
352 351 0.0263
354 351 0.0034
318 352 0.0263
351 352 0.0263
353 352 0.0397
318 353 0.0529
352 353 0.0397
354 353 0.0085
361 353 0.0027
78 354 0.0017
351 354 0.0034
353 354 0.0085
361 354 0.0019
6 355 0.0025
79 355 0.029
350 355 0.0052
311 356 0.0278
357 356 0.0022
358 356 0.004
356 357 0.0022
356 358 0.004
359 358 0.0028
360 358 0.0047
358 359 0.0028
358 360 0.0047
353 361 0.0027
354 361 0.0019
362 361 0.0051
361 362 0.0051
363 362 0.0017
364 362 0.0156
362 363 0.0017
29 364 0.007
362 364 0.0156
365 364 0.0115
364 365 0.0115
48 366 0.0208
367 366 0.0055
380 366 0.0063
381 366 0.0082
366 367 0.0055
3 368 0.0048
4 368 0.0031
375 368 0.007
377 368 0.0035
380 368 0.0082
422 368 0.0028
51 369 0.0044
370 369 0.0038
380 369 0.029
369 370 0.0038
371 370 0.006
382 370 0.0136
370 371 0.006
372 371 0.0702
387 371 0.094
371 372 0.0702
373 372 0.0098
406 372 0.0027
439 372 0.0012
372 373 0.0098
374 373 0.0332
423 373 0.0171
425 373 0.0444
373 374 0.0332
375 374 0.0117
415 374 0.0005
368 375 0.007
374 375 0.0117
376 375 0.0029
415 375 0.0013
375 376 0.0029
368 377 0.0035
49 378 0.0079
50 379 0.0065
366 380 0.0063
368 380 0.0082
369 380 0.029
381 380 0.003
10 381 0.0138
366 381 0.0082
380 381 0.003
52 382 0.0435
370 382 0.0136
383 382 0.0051
53 383 0.0049
382 383 0.0051
384 383 0.0587
400 383 0.0282
383 384 0.0587
385 384 0.0172
402 384 0.0209
47 385 0.0031
384 385 0.0172
386 385 0.0103
1258 385 0.0189
1259 385 0.0063
385 386 0.0103
401 386 0.0319
1263 386 0.0147
371 387 0.094
388 387 0.0168
390 387 0.0036
387 388 0.0168
389 388 0.0227
393 388 0.0737
388 389 0.0227
390 389 0.0256
392 389 0.0075
387 390 0.0036
389 390 0.0256
391 390 0.0068
407 390 0.0118
390 391 0.0068
407 391 0.0156
885 391 0.0132
389 392 0.0075
388 393 0.0737
394 393 0.0269
397 393 0.0076
400 393 0.0036
393 394 0.0269
395 394 0.0105
396 394 0.0106
1260 394 0.0037
1268 394 0.013
1271 394 0.0045
394 395 0.0105
1260 395 0.0268
1261 395 0.0059
1268 395 0.0378
394 396 0.0106
1265 396 0.0109
1266 396 0.0116
1268 396 0.0836
393 397 0.0076
398 397 0.0028
399 397 0.0025
400 397 0.0015
1260 397 0.0141
397 398 0.0028
401 398 0.0033
1260 398 0.012
397 399 0.0025
383 400 0.0282
393 400 0.0036
397 400 0.0015
408 400 0.0094
386 401 0.0319
398 401 0.0033
1261 401 0.0061
384 402 0.0209
25 403 0.0265
18 404 0.0045
39 404 0.0143
405 404 0.0065
404 405 0.0065
372 406 0.0027
407 406 0.0097
895 406 0.0073
1272 406 0.0209
390 407 0.0118
391 407 0.0156
406 407 0.0097
400 408 0.0094
23 409 0.0059
33 410 0.0032
1200 410 0.0198
1212 410 0.027
37 411 0.0182
1204 411 0.0028
1212 411 0.0033
1 412 0.0016
5 412 0.0046
309 412 0.0005
1 413 0.0126
2 413 0.0069
422 413 0.0004
1 414 0.0035
415 414 0.0042
422 414 0.0009
374 415 0.0005
375 415 0.0013
414 415 0.0042
416 415 0.0108
422 415 0.0022
415 416 0.0108
417 416 0.0017
423 416 0.0009
416 417 0.0017
418 417 0.0094
438 417 0.0051
417 418 0.0094
419 418 0.0132
426 418 0.0116
438 418 0.0617
455 418 0.0109
418 419 0.0132
420 419 0.0088
457 419 0.0033
419 420 0.0088
421 420 0.0037
429 420 0.0185
430 420 0.0147
459 420 0.0148
420 421 0.0037
906 421 0.0061
907 421 0.0091
368 422 0.0028
413 422 0.0004
414 422 0.0009
415 422 0.0022
373 423 0.0171
416 423 0.0009
424 423 0.0082
438 423 0.0145
423 424 0.0082
373 425 0.0444
418 426 0.0116
427 426 0.0046
429 426 0.0042
438 426 0.0122
426 427 0.0046
428 427 0.0093
440 427 0.0029
427 428 0.0093
420 429 0.0185
426 429 0.0042
441 429 0.0045
420 430 0.0147
431 430 0.0457
432 430 0.0083
430 431 0.0457
435 431 0.0104
905 431 0.0038
430 432 0.0083
433 432 0.0024
434 432 0.0057
432 433 0.0024
432 434 0.0057
431 435 0.0104
436 435 0.0083
437 435 0.0035
435 436 0.0083
895 436 0.0171
898 436 0.0056
435 437 0.0035
417 438 0.0051
418 438 0.0617
423 438 0.0145
426 438 0.0122
372 439 0.0012
427 440 0.0029
429 441 0.0045
1 442 0.0055
443 442 0.0018
453 442 0.0025
442 443 0.0018
444 443 0.0022
451 443 0.0029
443 444 0.0022
445 444 0.0133
448 444 0.014
449 444 0.0091
451 444 0.0071
444 445 0.0133
446 445 0.0256
455 445 0.0111
445 446 0.0256
447 446 0.0633
455 446 0.0647
446 447 0.0633
448 447 0.0185
450 447 0.0079
469 447 0.0124
444 448 0.014
447 448 0.0185
449 448 0.0274
444 449 0.0091
448 449 0.0274
450 449 0.0041
451 449 0.0068
447 450 0.0079
449 450 0.0041
468 450 0.0153
443 451 0.0029
444 451 0.0071
449 451 0.0068
476 451 0.0046
1 452 0.004
1 453 0.0036
442 453 0.0025
454 453 0.0007
453 454 0.0007
418 455 0.0109
445 455 0.0111
446 455 0.0647
457 456 0.0071
458 456 0.0037
472 456 0.0053
419 457 0.0033
456 457 0.0071
472 457 0.0152
456 458 0.0037
459 458 0.0057
470 458 0.0052
471 458 0.0375
420 459 0.0148
458 459 0.0057
460 459 0.0211
472 459 0.0228
459 460 0.0211
461 460 0.0286
464 460 0.0057
460 461 0.0286
462 461 0.0138
463 461 0.0084
461 462 0.0138
463 462 0.0025
471 462 0.0205
461 463 0.0084
462 463 0.0025
464 463 0.0055
460 464 0.0057
463 464 0.0055
465 464 0.0286
473 464 0.0092
464 465 0.0286
466 465 0.0053
508 465 0.0088
516 465 0.0144
465 466 0.0053
467 466 0.0052
471 466 0.0095
510 466 0.0054
466 467 0.0052
468 467 0.0202
469 467 0.0346
474 467 0.0072
480 467 0.0158
484 467 0.0024
450 468 0.0153
467 468 0.0202
469 468 0.0385
447 469 0.0124
467 469 0.0346
468 469 0.0385
470 469 0.0354
458 470 0.0052
469 470 0.0354
471 470 0.0124
458 471 0.0375
462 471 0.0205
466 471 0.0095
470 471 0.0124
456 472 0.0053
457 472 0.0152
459 472 0.0228
464 473 0.0092
1 474 0.0061
467 474 0.0072
475 474 0.0082
474 475 0.0082
476 475 0.0107
477 475 0.0128
451 476 0.0046
475 476 0.0107
477 476 0.0177
475 477 0.0128
476 477 0.0177
478 477 0.0068
477 478 0.0068
1 479 0.0078
480 479 0.0124
482 479 0.0648
505 479 0.0114
467 480 0.0158
479 480 0.0124
481 480 0.004
480 481 0.004
479 482 0.0648
483 482 0.005
486 482 0.0039
488 482 0.005
489 482 0.0084
482 483 0.005
484 483 0.0122
485 483 0.008
467 484 0.0024
483 484 0.0122
510 484 0.0065
483 485 0.008
486 485 0.007
509 485 0.0088
482 486 0.0039
485 486 0.007
487 486 0.0128
486 487 0.0128
488 487 0.0099
490 487 0.0109
482 488 0.005
487 488 0.0099
489 488 0.0182
482 489 0.0084
488 489 0.0182
490 489 0.0329
501 489 0.0064
487 490 0.0109
489 490 0.0329
491 490 0.0084
507 490 0.0139
490 491 0.0084
492 491 0.0046
497 491 0.0093
506 491 0.0053
491 492 0.0046
493 492 0.0185
502 492 0.084
492 493 0.0185
494 493 0.0286
495 493 0.0153
493 494 0.0286
495 494 0.0121
512 494 0.039
1 495 0.0073
493 495 0.0153
494 495 0.0121
496 495 0.0756
594 495 0.0174
495 496 0.0756
497 496 0.0363
594 496 0.0225
491 497 0.0093
496 497 0.0363
498 497 0.0386
497 498 0.0386
499 498 0.0236
506 498 0.0098
498 499 0.0236
500 499 0.0066
591 499 0.0256
592 499 0.0047
499 500 0.0066
513 500 0.0031
516 500 0.0012
517 500 0.0315
531 500 0.0031
489 501 0.0064
502 501 0.1328
504 501 0.0654
492 502 0.084
501 502 0.1328
503 502 0.0329
512 502 0.0059
1 503 0.0084
502 503 0.0329
504 503 0.0478
1 504 0.0107
501 504 0.0654
503 504 0.0478
505 504 0.0212
1 505 0.0066
479 505 0.0114
504 505 0.0212
491 506 0.0053
498 506 0.0098
507 506 0.0045
490 507 0.0139
506 507 0.0045
508 507 0.003
465 508 0.0088
507 508 0.003
516 508 0.0048
485 509 0.0088
466 510 0.0054
484 510 0.0065
511 510 0.0045
510 511 0.0045
1 512 0.0141
494 512 0.039
502 512 0.0059
500 513 0.0031
514 513 0.0091
518 513 0.0025
513 514 0.0091
515 514 0.0031
516 514 0.0224
514 515 0.0031
465 516 0.0144
500 516 0.0012
508 516 0.0048
514 516 0.0224
500 517 0.0315
518 517 0.0009
520 517 0.061
532 517 0.0056
513 518 0.0025
517 518 0.0009
519 518 0.0018
907 518 0.0023
518 519 0.0018
517 520 0.061
521 520 0.0021
525 520 0.0318
533 520 0.009
520 521 0.0021
522 521 0.0017
523 521 0.0051
521 522 0.0017
523 522 0.003
909 522 0.011
521 523 0.0051
522 523 0.003
524 523 0.0047
523 524 0.0047
520 525 0.0318
526 525 0.0311
533 525 0.0177
534 525 0.0141
538 525 0.0196
894 525 0.0027
525 526 0.0311
527 526 0.0131
530 526 0.0092
526 527 0.0131
528 527 0.027
529 527 0.0159
527 528 0.027
529 528 0.0465
903 528 0.0153
527 529 0.0159
528 529 0.0465
884 529 0.0259
889 529 0.0995
896 529 0.024
526 530 0.0092
900 530 0.0117
1274 530 0.0065
500 531 0.0031
532 531 0.0102
536 531 0.0087
545 531 0.0197
552 531 0.0012
517 532 0.0056
531 532 0.0102
533 532 0.0206
520 533 0.009
525 533 0.0177
532 533 0.0206
534 533 0.0075
525 534 0.0141
533 534 0.0075
535 534 0.0057
534 535 0.0057
536 535 0.0119
543 535 0.0168
531 536 0.0087
535 536 0.0119
537 536 0.0045
536 537 0.0045
525 538 0.0196
539 538 0.008
543 538 0.0058
538 539 0.008
540 539 0.0213
541 539 0.0222
542 539 0.018
539 540 0.0213
539 541 0.0222
539 542 0.018
535 543 0.0168
538 543 0.0058
544 543 0.0351
543 544 0.0351
531 545 0.0197
546 545 0.0101
552 545 0.0043
545 546 0.0101
547 546 0.0028
590 546 0.0039
592 546 0.0215
593 546 0.0039
546 547 0.0028
548 547 0.0172
590 547 0.1124
547 548 0.0172
549 548 0.0164
569 548 0.0101
576 548 0.0091
867 548 0.0007
548 549 0.0164
550 549 0.0351
563 549 0.0203
573 549 0.003
549 550 0.0351
551 550 0.0281
554 550 0.0032
564 550 0.0019
865 550 0.0008
868 550 0.0171
1275 550 0.0093
550 551 0.0281
864 551 0.0017
869 551 0.0161
871 551 0.0036
531 552 0.0012
545 552 0.0043
553 552 0.0055
552 553 0.0055
550 554 0.0032
555 554 0.0084
562 554 0.0026
1275 554 0.0185
554 555 0.0084
556 555 0.0329
559 555 0.0362
1275 555 0.0071
1276 555 0.0289
555 556 0.0329
557 556 0.0415
558 556 0.0301
556 557 0.0415
556 558 0.0301
555 559 0.0362
560 559 0.017
561 559 0.0167
559 560 0.017
559 561 0.0167
554 562 0.0026
549 563 0.0203
564 563 0.0078
568 563 0.0023
570 563 0.0014
550 564 0.0019
563 564 0.0078
565 564 0.0033
567 564 0.0074
564 565 0.0033
566 565 0.0088
921 565 0.0034
565 566 0.0088
564 567 0.0074
1277 567 0.0005
1278 567 0.0006
563 568 0.0023
548 569 0.0101
570 569 0.0049
576 569 0.0118
597 569 0.0038
563 570 0.0014
569 570 0.0049
571 570 0.0024
572 570 0.0018
570 571 0.0024
570 572 0.0018
549 573 0.003
574 573 0.0018
575 573 0.0013
573 574 0.0018
573 575 0.0013
548 576 0.0091
569 576 0.0118
577 576 0.0133
597 576 0.0034
576 577 0.0133
578 577 0.011
596 577 0.007
577 578 0.011
579 578 0.007
582 578 0.0043
588 578 0.0048
589 578 0.0067
590 578 0.0033
578 579 0.007
580 579 0.0254
590 579 0.0308
579 580 0.0254
581 580 0.021
591 580 0.0154
594 580 0.0194
602 580 0.0094
620 580 0.026
580 581 0.021
582 581 0.0103
583 581 0.0116
578 582 0.0043
581 582 0.0103
583 582 0.0075
581 583 0.0116
582 583 0.0075
584 583 0.0235
605 583 0.0012
583 584 0.0235
585 584 0.0113
595 584 0.0058
584 585 0.0113
586 585 0.0331
599 585 0.0009
585 586 0.0331
587 586 0.0018
600 586 0.0059
586 587 0.0018
652 587 0.0019
653 587 0.0118
578 588 0.0048
578 589 0.0067
546 590 0.0039
547 590 0.1124
578 590 0.0033
579 590 0.0308
499 591 0.0256
580 591 0.0154
592 591 0.0088
499 592 0.0047
546 592 0.0215
591 592 0.0088
546 593 0.0039
1 594 0.0134
495 594 0.0174
496 594 0.0225
580 594 0.0194
584 595 0.0058
577 596 0.007
569 597 0.0038
576 597 0.0034
598 597 0.0034
597 598 0.0034
585 599 0.0009
586 600 0.0059
601 600 0.0319
949 600 0.005
600 601 0.0319
923 601 0.0046
968 601 0.0038
580 602 0.0094
603 602 0.0123
620 602 0.011
602 603 0.0123
604 603 0.0145
605 603 0.002
611 603 0.0076
603 604 0.0145
607 604 0.001
608 604 0.0073
583 605 0.0012
603 605 0.002
606 605 0.0049
605 606 0.0049
604 607 0.001
608 607 0.0052
651 607 0.006
604 608 0.0073
607 608 0.0052
609 608 0.0087
608 609 0.0087
610 609 0.008
649 609 0.0045
652 609 0.0048
609 610 0.008
611 610 0.005
637 610 0.0116
603 611 0.0076
610 611 0.005
612 611 0.002
613 611 0.0651
611 612 0.002
611 613 0.0651
614 613 0.0199
615 613 0.0129
1 614 0.0079
613 614 0.0199
620 614 0.0065
613 615 0.0129
616 615 0.0181
617 615 0.0518
1 616 0.012
615 616 0.0181
617 616 0.0119
615 617 0.0518
616 617 0.0119
618 617 0.0273
617 618 0.0273
619 618 0.013
621 618 0.0155
624 618 0.0335
635 618 0.0024
1 619 0.0049
618 619 0.013
628 619 0.0188
634 619 0.0093
580 620 0.026
602 620 0.011
614 620 0.0065
618 621 0.0155
622 621 0.0349
636 621 0.0019
621 622 0.0349
623 622 0.0134
625 622 0.045
622 623 0.0134
644 623 0.005
654 623 0.0108
618 624 0.0335
625 624 0.0184
634 624 0.0283
622 625 0.045
624 625 0.0184
626 625 0.0309
625 626 0.0309
627 626 0.0085
631 626 0.005
632 626 0.0048
626 627 0.0085
657 627 0.0013
662 627 0.0084
619 628 0.0188
629 628 0.0074
664 628 0.004
666 628 0.0024
628 629 0.0074
630 629 0.0167
661 629 0.0002
629 630 0.0167
631 630 0.0086
634 630 0.0036
626 631 0.005
630 631 0.0086
632 631 0.0183
626 632 0.0048
631 632 0.0183
633 632 0.0039
662 632 0.0066
632 633 0.0039
619 634 0.0093
624 634 0.0283
630 634 0.0036
618 635 0.0024
621 636 0.0019
610 637 0.0116
638 637 0.0034
641 637 0.0023
637 638 0.0034
639 638 0.0032
640 638 0.0065
638 639 0.0032
638 640 0.0065
637 641 0.0023
642 641 0.0041
643 641 0.004
641 642 0.0041
641 643 0.004
623 644 0.005
645 644 0.0084
961 644 0.0006
644 645 0.0084
646 645 0.0036
650 645 0.0023
645 646 0.0036
647 646 0.0025
960 646 0.004
646 647 0.0025
648 647 0.0055
650 647 0.0049
958 647 0.0041
647 648 0.0055
649 648 0.002
951 648 0.0019
609 649 0.0045
648 649 0.002
650 649 0.0083
645 650 0.0023
647 650 0.0049
649 650 0.0083
607 651 0.006
587 652 0.0019
609 652 0.0048
949 652 0.0014
587 653 0.0118
623 654 0.0108
658 654 0.0005
659 654 0.0416
656 655 0.0123
659 655 0.0078
964 655 0.0004
982 655 0.0006
984 655 0.0018
655 656 0.0123
969 656 0.0079
993 656 0.0008
627 657 0.0013
654 658 0.0005
654 659 0.0416
655 659 0.0078
660 659 0.0003
659 660 0.0003
629 661 0.0002
627 662 0.0084
632 662 0.0066
663 662 0.0048
662 663 0.0048
628 664 0.004
1 665 0.0113
666 665 0.01
722 665 0.0046
628 666 0.0024
665 666 0.01
667 666 0.0354
666 667 0.0354
668 667 0.0061
674 667 0.0209
667 668 0.0061
669 668 0.0165
689 668 0.0022
668 669 0.0165
670 669 0.0117
682 669 0.0009
669 670 0.0117
671 670 0.0208
681 670 0.0037
670 671 0.0208
672 671 0.0185
693 671 0.0019
671 672 0.0185
673 672 0.0266
691 672 0.0023
1037 672 0.0026
672 673 0.0266
694 673 0.0017
695 673 0.0215
667 674 0.0209
675 674 0.0432
724 674 0.0183
674 675 0.0432
676 675 0.0243
690 675 0.0026
723 675 0.0025
675 676 0.0243
677 676 0.0156
687 676 0.004
718 676 0.0017
676 677 0.0156
678 677 0.0236
683 677 0.0219
687 677 0.0012
677 678 0.0236
679 678 0.0151
717 678 0.0007
678 679 0.0151
680 679 0.0274
715 679 0.0014
679 680 0.0274
705 680 0.039
716 680 0.0007
883 680 0.001
670 681 0.0037
682 681 0.0019
1018 681 0.0004
669 682 0.0009
681 682 0.0019
686 682 0.0005
677 683 0.0219
684 683 0.004
685 683 0.0055
683 684 0.004
683 685 0.0055
686 685 0.0047
701 685 0.0028
682 686 0.0005
685 686 0.0047
1019 686 0.001
676 687 0.004
677 687 0.0012
688 687 0.0022
687 688 0.0022
668 689 0.0022
675 690 0.0026
672 691 0.0023
692 691 0.0047
1018 691 0.0027
691 692 0.0047
704 692 0.0009
1020 692 0.0082
1033 692 0.0005
671 693 0.0019
673 694 0.0017
673 695 0.0215
696 695 0.0133
700 695 0.0027
695 696 0.0133
697 696 0.0645
699 696 0.0068
696 697 0.0645
698 697 0.0146
995 697 0.0078
697 698 0.0146
982 698 0.0069
994 698 0.0013
696 699 0.0068
999 699 0.0029
1001 699 0.0019
1002 699 0.0036
695 700 0.0027
1002 700 0.0072
1003 700 0.002
685 701 0.0028
702 701 0.0025
703 701 0.0036
701 702 0.0025
701 703 0.0036
704 703 0.0053
883 703 0.0124
692 704 0.0009
703 704 0.0053
1019 704 0.0063
680 705 0.039
706 705 0.0056
711 705 0.0027
713 705 0.0035
878 705 0.0031
705 706 0.0056
707 706 0.002
877 706 0.0005
706 707 0.002
708 707 0.0022
873 707 0.0005
1043 707 0.0004
707 708 0.0022
709 708 0.0013
710 708 0.0005
873 708 0.0005
708 709 0.0013
708 710 0.0005
705 711 0.0027
712 711 0.0011
1026 711 0.0005
711 712 0.0011
705 713 0.0035
714 713 0.0005
872 713 0.0005
713 714 0.0005
875 714 0.0004
876 714 0.0007
679 715 0.0014
680 716 0.0007
678 717 0.0007
676 718 0.0017
719 718 0.0097
752 718 0.0425
765 718 0.0057
718 719 0.0097
720 719 0.0072
728 719 0.0052
719 720 0.0072
721 720 0.0116
722 720 0.0017
725 720 0.004
720 721 0.0116
722 721 0.0034
725 721 0.0106
665 722 0.0046
720 722 0.0017
721 722 0.0034
675 723 0.0025
674 724 0.0183
720 725 0.004
721 725 0.0106
726 725 0.0053
1 726 0.0138
725 726 0.0053
727 726 0.0018
726 727 0.0018
728 727 0.0113
731 727 0.0034
719 728 0.0052
727 728 0.0113
731 728 0.0083
737 728 0.0041
750 728 0.0091
1 729 0.0055
730 729 0.0018
732 729 0.0017
738 729 0.0055
729 730 0.0018
731 730 0.0086
749 730 0.0077
727 731 0.0034
728 731 0.0083
730 731 0.0086
729 732 0.0017
733 732 0.0155
742 732 0.0183
732 733 0.0155
734 733 0.0218
737 733 0.0125
750 733 0.0013
733 734 0.0218
735 734 0.0117
757 734 0.0382
767 734 0.0006
734 735 0.0117
736 735 0.0055
737 735 0.0083
764 735 0.005
735 736 0.0055
728 737 0.0041
733 737 0.0125
735 737 0.0083
1 738 0.0176
729 738 0.0055
740 738 0.0066
1 739 0.0176
740 739 0.0094
747 739 0.0078
738 740 0.0066
739 740 0.0094
741 740 0.0078
740 741 0.0078
742 741 0.016
747 741 0.0154
732 742 0.0183
741 742 0.016
776 742 0.0027
1 743 0.0167
744 743 0.0161
747 743 0.0954
743 744 0.0161
745 744 0.0051
794 744 0.0017
744 745 0.0051
746 745 0.0019
791 745 0.0038
792 745 0.003
796 745 0.0039
810 745 0.0033
745 746 0.0019
739 747 0.0078
741 747 0.0154
743 747 0.0954
748 747 0.0049
747 748 0.0049
730 749 0.0077
728 750 0.0091
733 750 0.0013
751 750 0.0034
750 751 0.0034
718 752 0.0425
753 752 0.016
766 752 0.0023
752 753 0.016
754 753 0.005
761 753 0.0019
1044 753 0.0003
753 754 0.005
755 754 0.0225
762 754 0.0075
754 755 0.0225
756 755 0.0016
1045 755 0.0002
755 756 0.0016
734 757 0.0382
758 757 0.0209
774 757 0.0005
757 758 0.0209
759 758 0.0123
775 758 0.0013
758 759 0.0123
760 759 0.0055
770 759 0.0059
772 759 0.0013
773 759 0.0013
759 760 0.0055
761 760 0.0138
766 760 0.0068
753 761 0.0019
760 761 0.0138
762 761 0.003
754 762 0.0075
761 762 0.003
763 762 0.0098
762 763 0.0098
735 764 0.005
765 764 0.0056
768 764 0.0044
718 765 0.0057
764 765 0.0056
766 765 0.0033
768 765 0.0027
752 766 0.0023
760 766 0.0068
765 766 0.0033
734 767 0.0006
764 768 0.0044
765 768 0.0027
769 768 0.0021
768 769 0.0021
759 770 0.0059
782 770 0.0004
1046 770 0.0057
873 771 0.0002
1047 771 0.004
1051 771 0.0022
759 772 0.0013
759 773 0.0013
757 774 0.0005
758 775 0.0013
742 776 0.0027
777 776 0.0128
780 776 0.016
787 776 0.0048
776 777 0.0128
778 777 0.0139
783 777 0.0024
777 778 0.0139
779 778 0.0292
782 778 0.0007
778 779 0.0292
1056 779 0.0002
1060 779 0.0024
776 780 0.016
781 780 0.0113
788 780 0.0012
780 781 0.0113
789 781 0.0019
790 781 0.0015
1082 781 0.0062
770 782 0.0004
778 782 0.0007
1052 782 0.0005
1055 782 0.0004
777 783 0.0024
784 783 0.0019
785 783 0.0016
786 783 0.0012
783 784 0.0019
783 785 0.0016
783 786 0.0012
776 787 0.0048
780 788 0.0012
814 788 0.0005
1080 788 0.0027
1087 788 0.0014
781 789 0.0019
781 790 0.0015
745 791 0.0038
792 791 0.0071
809 791 0.0012
745 792 0.003
791 792 0.0071
793 792 0.0129
792 793 0.0129
744 794 0.0017
1 795 0.0103
796 795 0.0051
797 795 0.0089
798 795 0.002
745 796 0.0039
795 796 0.0051
799 796 0.0021
1 797 0.0033
795 797 0.0089
798 797 0.0046
801 797 0.0055
795 798 0.002
797 798 0.0046
799 798 0.0079
801 798 0.0042
796 799 0.0021
798 799 0.0079
800 799 0.0045
799 800 0.0045
1 801 0.008
797 801 0.0055
798 801 0.0042
802 801 0.0042
804 801 0.0162
254 802 0.0046
801 802 0.0042
803 802 0.0028
806 802 0.0061
823 802 0.0007
802 803 0.0028
824 803 0.0017
825 803 0.0014
801 804 0.0162
805 804 0.0081
806 804 0.0024
804 805 0.0081
806 805 0.0081
807 805 0.0026
802 806 0.0061
804 806 0.0024
805 806 0.0081
820 806 0.008
805 807 0.0026
259 808 0.0019
791 809 0.0012
745 810 0.0033
811 810 0.0068
821 810 0.0022
810 811 0.0068
812 811 0.011
815 811 0.0017
811 812 0.011
813 812 0.0028
814 812 0.0084
812 813 0.0028
814 813 0.0312
822 813 0.0121
788 814 0.0005
812 814 0.0084
813 814 0.0312
815 814 0.0087
817 814 0.0044
811 815 0.0017
814 815 0.0087
816 815 0.0048
818 815 0.0012
819 815 0.0041
815 816 0.0048
814 817 0.0044
1078 817 0.0007
1087 817 0.0052
815 818 0.0012
815 819 0.0041
806 820 0.008
821 820 0.0012
822 820 0.0096
810 821 0.0022
820 821 0.0012
822 821 0.0006
813 822 0.0121
820 822 0.0096
821 822 0.0006
802 823 0.0007
803 824 0.0017
803 825 0.0014
255 826 0.0203
827 826 0.0092
839 826 0.0111
826 827 0.0092
828 827 0.0019
842 827 0.0106
827 828 0.0019
841 828 0.0005
1078 828 0.001
256 829 0.0008
257 830 0.0012
259 831 0.0168
832 831 0.0012
834 831 0.0069
258 832 0.0014
831 832 0.0012
833 832 0.0036
832 833 0.0036
834 833 0.0013
840 833 0.0029
228 834 0.0042
831 834 0.0069
833 834 0.0013
835 834 0.0026
227 835 0.003
834 835 0.0026
836 835 0.0018
838 835 0.0038
835 836 0.0018
837 836 0.014
849 836 0.0007
850 836 0.001
852 836 0.0015
857 836 0.0007
225 837 0.0006
836 837 0.014
838 837 0.0036
226 838 0.0055
835 838 0.0038
837 838 0.0036
826 839 0.0111
833 840 0.0029
828 841 0.0005
827 842 0.0106
843 842 0.0138
845 842 0.0005
848 842 0.0005
1086 842 0.0015
842 843 0.0138
844 843 0.0165
1072 843 0.0016
1121 843 0.0004
1122 843 0.0002
843 844 0.0165
846 844 0.0128
847 844 0.0014
842 845 0.0005
844 846 0.0128
847 846 0.0003
1093 846 0.0038
844 847 0.0014
846 847 0.0003
1106 847 0.0001
1108 847 0.0036
1114 847 0.0009
842 848 0.0005
836 849 0.0007
836 850 0.001
223 851 0.0046
852 851 0.0004
856 851 0.0013
836 852 0.0015
851 852 0.0004
853 852 0.0012
852 853 0.0012
223 854 0.0014
855 854 0.0015
856 854 0.002
854 855 0.0015
860 855 0.0061
1124 855 0.0114
851 856 0.0013
854 856 0.002
857 856 0.002
1120 856 0.0008
836 857 0.0007
856 857 0.002
858 857 0.011
859 857 0.0016
857 858 0.011
857 859 0.0016
855 860 0.0061
1114 860 0.0046
1115 860 0.0002
221 861 0.0005
238 862 0.0007
219 863 0.0011
551 864 0.0017
866 864 0.0061
871 864 0.0082
922 864 0.0043
550 865 0.0008
864 866 0.0061
548 867 0.0007
550 868 0.0171
551 869 0.0161
870 869 0.0153
1279 869 0.0334
1281 869 0.0099
869 870 0.0153
910 870 0.0269
914 870 0.0216
551 871 0.0036
864 871 0.0082
920 871 0.0295
713 872 0.0005
707 873 0.0005
708 873 0.0005
771 873 0.0002
874 873 0.0006
873 874 0.0006
714 875 0.0004
714 876 0.0007
706 877 0.0005
705 878 0.0031
879 878 0.0006
880 878 0.0005
881 878 0.0015
878 879 0.0006
878 880 0.0005
1026 880 0.0004
1027 880 0.002
878 881 0.0015
882 881 0.0019
883 881 0.0025
881 882 0.0019
883 882 0.0027
1021 882 0.0035
680 883 0.001
703 883 0.0124
881 883 0.0025
882 883 0.0027
529 884 0.0259
885 884 0.0322
888 884 0.02
391 885 0.0132
884 885 0.0322
886 885 0.0532
887 885 0.055
896 885 0.0221
885 886 0.0532
885 887 0.055
884 888 0.02
529 889 0.0995
890 889 0.0256
893 889 0.0181
889 890 0.0256
891 890 0.028
892 890 0.0284
890 891 0.028
890 892 0.0284
889 893 0.0181
525 894 0.0027
406 895 0.0073
436 895 0.0171
899 895 0.0457
529 896 0.024
885 896 0.0221
897 896 0.0679
896 897 0.0679
436 898 0.0056
895 899 0.0457
530 900 0.0117
901 900 0.0406
904 900 0.0101
900 901 0.0406
902 901 0.0383
1273 901 0.0397
901 902 0.0383
528 903 0.0153
900 904 0.0101
431 905 0.0038
421 906 0.0061
421 907 0.0091
518 907 0.0023
908 907 0.0168
907 908 0.0168
522 909 0.011
870 910 0.0269
911 910 0.0377
912 910 0.0344
913 910 0.0265
910 911 0.0377
910 912 0.0344
910 913 0.0265
870 914 0.0216
916 915 0.0188
919 915 0.0458
1279 915 0.0254
915 916 0.0188
917 916 0.0265
918 916 0.0679
916 917 0.0265
916 918 0.0679
915 919 0.0458
871 920 0.0295
565 921 0.0034
864 922 0.0043
601 923 0.0046
924 923 0.0044
925 923 0.0238
939 923 0.0011
923 924 0.0044
923 925 0.0238
926 925 0.0201
939 925 0.0041
948 925 0.0026
925 926 0.0201
927 926 0.0201
936 926 0.0056
938 926 0.0006
926 927 0.0201
928 927 0.0059
929 927 0.0054
935 927 0.0013
936 927 0.0076
927 928 0.0059
927 929 0.0054
930 929 0.0043
933 929 0.0013
934 929 0.001
929 930 0.0043
931 930 0.0063
932 930 0.0066
930 931 0.0063
930 932 0.0066
929 933 0.0013
929 934 0.001
927 935 0.0013
926 936 0.0056
927 936 0.0076
937 936 0.0017
936 937 0.0017
926 938 0.0006
923 939 0.0011
925 939 0.0041
940 939 0.0112
944 939 0.0067
939 940 0.0112
941 940 0.0004
942 940 0.0035
944 940 0.0064
940 941 0.0004
940 942 0.0035
943 942 0.0032
945 942 0.0008
942 943 0.0032
939 944 0.0067
940 944 0.0064
945 944 0.0142
942 945 0.0008
944 945 0.0142
946 945 0.0078
945 946 0.0078
947 946 0.0002
969 946 0.003
946 947 0.0002
925 948 0.0026
600 949 0.005
652 949 0.0014
950 949 0.0003
949 950 0.0003
648 951 0.0019
952 951 0.001
954 951 0.0065
955 951 0.0058
951 952 0.001
953 952 0.0017
959 952 0.0108
967 952 0.0006
952 953 0.0017
954 953 0.0008
956 953 0.0048
951 954 0.0065
953 954 0.0008
955 954 0.0037
951 955 0.0058
954 955 0.0037
956 955 0.0009
958 955 0.0034
953 956 0.0048
955 956 0.0009
957 956 0.0118
966 956 0.0003
956 957 0.0118
958 957 0.0012
965 957 0.0006
647 958 0.0041
955 958 0.0034
957 958 0.0012
952 959 0.0108
646 960 0.004
644 961 0.0006
962 961 0.004
963 961 0.0021
961 962 0.004
961 963 0.0021
655 964 0.0004
957 965 0.0006
956 966 0.0003
952 967 0.0006
601 968 0.0038
656 969 0.0079
946 969 0.003
975 969 0.0008
977 969 0.0007
981 969 0.0075
971 970 0.0031
974 970 0.0003
981 970 0.0052
970 971 0.0031
972 971 0.003
973 971 0.0024
971 972 0.003
971 973 0.0024
970 974 0.0003
969 975 0.0008
976 975 0.0005
980 975 0.0006
981 975 0.0008
975 976 0.0005
969 977 0.0007
978 977 0.001
979 977 0.0006
977 978 0.001
977 979 0.0006
975 980 0.0006
969 981 0.0075
970 981 0.0052
975 981 0.0008
655 982 0.0006
698 982 0.0069
983 982 0.0134
982 983 0.0134
984 983 0.0046
985 983 0.0024
989 983 0.006
655 984 0.0018
