2 1 0.0124
10 1 0.0271
30 1 0.0069
36 1 0.0099
47 1 0.0117
56 1 0.0049
59 1 0.0062
60 1 0.0147
61 1 0.0063
63 1 0.0045
65 1 0.0057
67 1 0.0129
69 1 0.0028
76 1 0.0063
77 1 0.0031
80 1 0.0034
81 1 0.0063
95 1 0.0086
101 1 0.0038
102 1 0.0107
104 1 0.015
105 1 0.0142
263 1 0.0064
505 1 0.011
540 1 0.0038
545 1 0.0024
555 1 0.0033
560 1 0.015
561 1 0.0046
602 1 0.0039
638 1 0.002
640 1 0.0108
643 1 0.0013
663 1 0.0009
670 1 0.012
673 1 0.0005
1 2 0.0124
3 2 0.0338
6 2 0.021
2 3 0.0338
4 3 0.0389
508 3 0.1006
3 4 0.0389
5 4 0.1089
7 4 0.0097
509 4 0.0305
4 5 0.1089
430 5 0.0158
434 5 0.0351
1152 5 0.015
2 6 0.021
7 6 0.0682
1151 6 0.0902
4 7 0.0097
6 7 0.0682
8 7 0.0301
20 7 0.0222
1151 7 0.1137
7 8 0.0301
9 8 0.0061
430 8 0.0117
8 9 0.0061
1 10 0.0271
11 10 0.1143
1151 10 0.0449
10 11 0.1143
12 11 0.0149
31 11 0.0127
11 12 0.0149
13 12 0.0677
19 12 0.1112
12 13 0.0677
14 13 0.0566
387 13 0.0277
13 14 0.0566
15 14 0.0375
377 14 0.0061
14 15 0.0375
16 15 0.0304
33 15 0.0218
376 15 0.0028
15 16 0.0304
17 16 0.035
377 16 0.0061
16 17 0.035
378 17 0.0027
379 17 0.1104
19 18 0.0397
20 18 0.0269
1151 18 0.0074
12 19 0.1112
18 19 0.0397
385 19 0.0025
387 19 0.0113
7 20 0.0222
18 20 0.0269
21 20 0.051
20 21 0.051
22 21 0.0436
385 21 0.0023
21 22 0.0436
23 22 0.049
388 22 0.0041
22 23 0.049
24 23 0.0442
962 23 0.026
963 23 0.1754
23 24 0.0442
25 24 0.0332
390 24 0.0191
962 24 0.0401
24 25 0.0332
26 25 0.0822
392 25 0.001
25 26 0.0822
27 26 0.0553
425 26 0.0062
26 27 0.0553
393 27 0.009
403 27 0.0085
408 27 0.0169
424 27 0.0065
29 28 0.0066
28 29 0.0066
30 29 0.0147
32 29 0.0565
1 30 0.0069
29 30 0.0147
31 30 0.0116
11 31 0.0127
30 31 0.0116
32 31 0.0079
29 32 0.0565
31 32 0.0079
33 32 0.0168
15 33 0.0218
32 33 0.0168
34 33 0.006
33 34 0.006
35 34 0.0021
372 34 0.0097
34 35 0.0021
358 35 0.0014
371 35 0.0017
1 36 0.0099
37 36 0.0699
45 36 0.0019
36 37 0.0699
38 37 0.0042
39 37 0.0147
37 38 0.0042
352 38 0.0068
365 38 0.0025
37 39 0.0147
40 39 0.0055
42 39 0.0116
52 39 0.0096
39 40 0.0055
41 40 0.004
348 40 0.0036
40 41 0.004
39 42 0.0116
43 42 0.0153
44 42 0.0014
49 42 0.0065
42 43 0.0153
42 44 0.0014
36 45 0.0019
46 45 0.0034
365 45 0.0015
45 46 0.0034
367 46 0.0014
368 46 0.0044
1 47 0.0117
48 47 0.0057
53 47 0.0134
47 48 0.0057
50 48 0.0167
325 48 0.0026
42 49 0.0065
50 49 0.0234
321 49 0.0018
327 49 0.0112
48 50 0.0167
49 50 0.0234
51 50 0.0053
50 51 0.0053
39 52 0.0096
47 53 0.0134
54 53 0.0025
324 53 0.0062
53 54 0.0025
312 54 0.0087
313 54 0.0053
320 54 0.0037
56 55 0.0141
57 55 0.0151
59 55 0.0468
311 55 0.0033
1 56 0.0049
55 56 0.0141
57 56 0.0067
60 56 0.0029
55 57 0.0151
56 57 0.0067
58 57 0.0041
312 57 0.0019
57 58 0.0041
1 59 0.0062
55 59 0.0468
60 59 0.0032
1 60 0.0147
56 60 0.0029
59 60 0.0032
1 61 0.0063
62 61 0.0093
261 61 0.0025
61 62 0.0093
260 62 0.0217
310 62 0.0014
1 63 0.0045
263 63 0.0037
264 63 0.0224
250 64 0.0124
256 64 0.0014
264 64 0.031
1 65 0.0057
66 65 0.0084
71 65 0.0113
263 65 0.0344
65 66 0.0084
241 66 0.0176
245 66 0.005
246 66 0.0216
1 67 0.0129
68 67 0.0055
74 67 0.036
67 68 0.0055
69 68 0.0055
71 68 0.0157
1 69 0.0028
68 69 0.0055
70 69 0.0054
69 70 0.0054
65 71 0.0113
68 71 0.0157
72 71 0.0423
214 71 0.0099
71 72 0.0423
73 72 0.0451
88 72 0.0028
72 73 0.0451
215 73 0.0107
245 73 0.0198
67 74 0.036
75 74 0.0455
85 74 0.0054
74 75 0.0455
85 75 0.009
195 75 0.003
1 76 0.0063
77 76 0.0049
79 76 0.0044
1 77 0.0031
76 77 0.0049
78 77 0.0241
77 78 0.0241
76 79 0.0044
1 80 0.0034
90 80 0.0076
957 80 0.0063
1 81 0.0063
82 81 0.0305
84 81 0.0113
81 82 0.0305
83 82 0.031
721 82 0.0019
82 83 0.031
84 83 0.0002
96 83 0.0113
111 83 0.0119
176 83 0.0023
81 84 0.0113
83 84 0.0002
722 84 0.0056
74 85 0.0054
75 85 0.009
86 85 0.0078
89 85 0.003
213 85 0.0066
85 86 0.0078
87 86 0.005
213 86 0.0114
86 87 0.005
88 87 0.0065
214 87 0.0098
72 88 0.0028
87 88 0.0065
89 88 0.0029
216 88 0.0053
85 89 0.003
88 89 0.0029
238 89 0.0009
80 90 0.0076
91 90 0.0052
92 90 0.0125
179 90 0.0055
90 91 0.0052
160 91 0.0039
162 91 0.0065
90 92 0.0125
93 92 0.0006
94 92 0.0044
92 93 0.0006
92 94 0.0044
185 94 0.0014
190 94 0.0021
1 95 0.0086
96 95 0.0237
265 95 0.004
83 96 0.0113
95 96 0.0237
97 96 0.0177
96 97 0.0177
98 97 0.0736
99 97 0.0464
97 98 0.0736
99 98 0.0775
103 98 0.0031
117 98 0.0035
959 98 0.0129
97 99 0.0464
98 99 0.0775
100 99 0.0062
109 99 0.0163
99 100 0.0062
119 100 0.0014
125 100 0.0042
1 101 0.0038
1 102 0.0107
103 102 0.0694
104 102 0.0316
98 103 0.0031
102 103 0.0694
108 103 0.0033
112 103 0.0329
1 104 0.015
102 104 0.0316
106 104 0.0068
107 104 0.0039
1 105 0.0142
106 105 0.0379
669 105 0.0046
104 106 0.0068
105 106 0.0379
107 106 0.0044
104 107 0.0039
106 107 0.0044
108 107 0.0037
103 108 0.0033
107 108 0.0037
112 108 0.0048
99 109 0.0163
110 109 0.0061
111 109 0.0099
109 110 0.0061
83 111 0.0119
109 111 0.0099
150 111 0.0279
103 112 0.0329
108 112 0.0048
113 112 0.0456
117 112 0.002
112 113 0.0456
114 113 0.0127
688 113 0.0042
113 114 0.0127
115 114 0.0155
1149 114 0.0043
114 115 0.0155
116 115 0.014
123 115 0.0092
689 115 0.0009
115 116 0.014
123 116 0.0078
135 116 0.0051
98 117 0.0035
112 117 0.002
118 117 0.0169
123 117 0.01
959 117 0.0181
960 117 0.0191
961 117 0.0059
117 118 0.0169
119 118 0.0884
961 118 0.0253
100 119 0.0014
118 119 0.0884
120 119 0.0036
121 119 0.0054
122 119 0.004
119 120 0.0036
119 121 0.0054
119 122 0.004
115 123 0.0092
116 123 0.0078
117 123 0.01
124 123 0.0013
123 124 0.0013
125 124 0.0011
151 124 0.0014
958 124 0.0041
100 125 0.0042
124 125 0.0011
126 125 0.0205
149 125 0.0028
125 126 0.0205
127 126 0.0088
958 126 0.0004
126 127 0.0088
128 127 0.018
958 127 0.0003
127 128 0.018
129 128 0.0078
143 128 0.0054
128 129 0.0078
130 129 0.0016
826 129 0.0006
828 129 0.002
129 130 0.0016
131 130 0.0012
133 130 0.0055
130 131 0.0012
132 131 0.0024
134 131 0.0022
135 131 0.0047
131 132 0.0024
130 133 0.0055
131 134 0.0022
116 135 0.0051
131 135 0.0047
136 135 0.0063
141 135 0.0008
135 136 0.0063
137 136 0.0181
830 136 0.0015
835 136 0.0017
136 137 0.0181
138 137 0.0031
139 137 0.0012
830 137 0.0027
137 138 0.0031
137 139 0.0012
140 139 0.006
141 139 0.0021
139 140 0.006
135 141 0.0008
139 141 0.0021
142 141 0.0012
141 142 0.0012
128 143 0.0054
144 143 0.0074
148 143 0.0016
143 144 0.0074
147 144 0.0013
825 144 0.0074
146 145 0.0012
818 145 0.0012
821 145 0.0025
825 145 0.0177
829 145 0.0012
145 146 0.0012
147 146 0.0072
154 146 0.0025
144 147 0.0013
146 147 0.0072
148 147 0.0084
143 148 0.0016
147 148 0.0084
149 148 0.0051
125 149 0.0028
148 149 0.0051
150 149 0.0054
111 150 0.0279
149 150 0.0054
169 150 0.0231
124 151 0.0014
152 151 0.0008
153 151 0.0008
151 152 0.0008
151 153 0.0008
146 154 0.0025
155 154 0.0048
160 154 0.0015
161 154 0.0015
154 155 0.0048
156 155 0.0061
158 155 0.0101
161 155 0.0007
155 156 0.0061
157 156 0.0013
814 156 0.0034
156 157 0.0013
155 158 0.0101
159 158 0.0022
984 158 0.0004
158 159 0.0022
163 159 0.0009
984 159 0.0007
91 160 0.0039
154 160 0.0015
161 160 0.0053
154 161 0.0015
155 161 0.0007
160 161 0.0053
162 161 0.0008
91 162 0.0065
161 162 0.0008
163 162 0.0081
1148 162 0.0033
159 163 0.0009
162 163 0.0081
164 163 0.002
163 164 0.002
810 164 0.0226
813 164 0.0006
1148 165 0.0011
168 166 0.0013
183 166 0.0028
1148 166 0.0046
809 167 0.0038
166 168 0.0013
150 169 0.0231
170 169 0.0026
171 169 0.0007
169 170 0.0026
169 171 0.0007
172 171 0.001
173 171 0.003
171 172 0.001
171 173 0.003
174 173 0.0024
175 173 0.0012
173 174 0.0024
173 175 0.0012
83 176 0.0023
177 176 0.0016
178 176 0.0008
176 177 0.0016
176 178 0.0008
90 179 0.0055
180 179 0.0086
191 179 0.0009
179 180 0.0086
181 180 0.004
212 180 0.0014
180 181 0.004
182 181 0.0163
210 181 0.0006
181 182 0.0163
183 182 0.0043
192 182 0.0046
166 183 0.0028
182 183 0.0043
184 183 0.0053
183 184 0.0053
192 184 0.0012
807 184 0.0007
94 185 0.0014
186 185 0.0008
187 185 0.0003
188 185 0.0005
189 185 0.0009
211 185 0.0004
185 186 0.0008
185 187 0.0003
185 188 0.0005
185 189 0.0009
94 190 0.0021
179 191 0.0009
182 192 0.0046
184 192 0.0012
193 192 0.0124
192 193 0.0124
194 193 0.002
805 193 0.0018
193 194 0.002
201 194 0.0011
803 194 0.0024
75 195 0.003
196 195 0.0174
209 195 0.0024
238 195 0.0025
195 196 0.0174
197 196 0.001
198 196 0.0164
196 197 0.001
196 198 0.0164
199 198 0.0151
206 198 0.0113
198 199 0.0151
200 199 0.0039
1147 199 0.0017
199 200 0.0039
201 200 0.0035
1146 200 0.0062
194 201 0.0011
200 201 0.0035
976 201 0.0011
1146 201 0.0152
203 202 0.0035
205 202 0.0015
1147 202 0.0073
202 203 0.0035
204 203 0.0018
1146 203 0.0022
203 204 0.0018
202 205 0.0015
198 206 0.0113
207 206 0.0041
208 206 0.0003
206 207 0.0041
232 207 0.0003
792 207 0.0002
794 207 0.0031
797 207 0.0022
801 207 0.002
206 208 0.0003
195 209 0.0024
181 210 0.0006
185 211 0.0004
180 212 0.0014
85 213 0.0066
86 213 0.0114
214 213 0.0058
71 214 0.0099
87 214 0.0098
213 214 0.0058
73 215 0.0107
216 215 0.0128
220 215 0.0282
88 216 0.0053
215 216 0.0128
217 216 0.0139
216 217 0.0139
218 217 0.0218
220 217 0.0244
217 218 0.0218
219 218 0.0053
221 218 0.0039
218 219 0.0053
215 220 0.0282
217 220 0.0244
223 220 0.0006
218 221 0.0039
223 222 0.0131
235 222 0.0087
245 222 0.0674
220 223 0.0006
222 223 0.0131
224 223 0.016
223 224 0.016
225 224 0.0175
235 224 0.0095
266 224 0.0095
224 225 0.0175
226 225 0.0231
239 225 0.0007
269 225 0.0009
225 226 0.0231
227 226 0.0316
237 226 0.0011
226 227 0.0316
228 227 0.0316
236 227 0.0006
227 228 0.0316
229 228 0.0043
231 228 0.0117
228 229 0.0043
230 229 0.0008
236 229 0.0003
240 229 0.0005
229 230 0.0008
228 231 0.0117
232 231 0.0113
270 231 0.0077
207 232 0.0003
231 232 0.0113
233 232 0.0268
792 232 0.0018
232 233 0.0268
271 233 0.0008
975 233 0.0004
271 234 0.0024
790 234 0.0011
791 234 0.0006
222 235 0.0087
224 235 0.0095
243 235 0.0059
227 236 0.0006
229 236 0.0003
238 236 0.0012
226 237 0.0011
89 238 0.0009
195 238 0.0025
236 238 0.0012
225 239 0.0007
229 240 0.0005
66 241 0.0176
242 241 0.002
243 241 0.0076
241 242 0.002
235 243 0.0059
241 243 0.0076
244 243 0.0025
243 244 0.0025
66 245 0.005
73 245 0.0198
222 245 0.0674
66 246 0.0216
247 246 0.0093
257 246 0.0038
246 247 0.0093
248 247 0.0205
258 247 0.006
272 247 0.0004
247 248 0.0205
249 248 0.0037
259 248 0.0016
248 249 0.0037
262 249 0.0022
305 249 0.0029
64 250 0.0124
251 250 0.0132
257 250 0.0049
250 251 0.0132
252 251 0.0018
258 251 0.0021
259 251 0.0016
251 252 0.0018
253 252 0.0015
259 252 0.0129
273 252 0.0013
252 253 0.0015
254 253 0.0081
260 253 0.0359
253 254 0.0081
255 254 0.0255
1145 254 0.002
254 255 0.0255
275 255 0.0204
285 255 0.0025
64 256 0.0014
246 257 0.0038
250 257 0.0049
258 257 0.0045
247 258 0.006
251 258 0.0021
257 258 0.0045
248 259 0.0016
251 259 0.0016
252 259 0.0129
274 259 0.0013
62 260 0.0217
253 260 0.0359
310 260 0.0007
61 261 0.0025
249 262 0.0022
305 262 0.0015
784 262 0.0014
1 263 0.0064
63 263 0.0037
65 263 0.0344
264 263 0.0052
63 264 0.0224
64 264 0.031
263 264 0.0052
95 265 0.004
224 266 0.0095
267 266 0.0023
788 266 0.0002
266 267 0.0023
268 267 0.0005
785 267 0.001
267 268 0.0005
225 269 0.0009
231 270 0.0077
271 270 0.0008
788 270 0.0013
233 271 0.0008
234 271 0.0024
270 271 0.0008
247 272 0.0004
252 273 0.0013
259 274 0.0013
255 275 0.0204
276 275 0.0112
287 275 0.0057
275 276 0.0112
277 276 0.0101
282 276 0.0006
276 277 0.0101
278 277 0.0033
280 277 0.0004
277 278 0.0033
279 278 0.0004
281 278 0.0004
283 278 0.0016
278 279 0.0004
277 280 0.0004
278 281 0.0004
276 282 0.0006
284 282 0.0054
305 282 0.0006
783 282 0.0004
278 283 0.0016
284 283 0.0037
781 283 0.0018
782 283 0.0003
282 284 0.0054
283 284 0.0037
777 284 0.0029
781 284 0.0032
255 285 0.0025
286 285 0.0016
723 285 0.0023
285 286 0.0016
275 287 0.0057
288 287 0.0006
289 287 0.0009
287 288 0.0006
287 289 0.0009
291 290 0.01
304 290 0.0062
309 290 0.0017
290 291 0.01
292 291 0.0235
301 291 0.0093
291 292 0.0235
293 292 0.006
306 292 0.0036
292 293 0.006
294 293 0.0097
297 293 0.0005
293 294 0.0097
295 294 0.0012
296 294 0.0139
294 295 0.0012
294 296 0.0139
297 296 0.0004
298 296 0.0008
299 296 0.0006
300 296 0.0007
293 297 0.0005
296 297 0.0004
768 297 0.0022
296 298 0.0008
770 298 0.0032
773 298 0.0008
296 299 0.0006
296 300 0.0007
291 301 0.0093
302 301 0.0082
304 301 0.0023
774 301 0.0007
301 302 0.0082
303 302 0.0029
304 302 0.0015
302 303 0.0029
290 304 0.0062
301 304 0.0023
302 304 0.0015
249 305 0.0029
262 305 0.0015
282 305 0.0006
292 306 0.0036
307 306 0.0015
308 306 0.0028
306 307 0.0015
763 307 0.0035
768 307 0.002
306 308 0.0028
290 309 0.0017
62 310 0.0014
260 310 0.0007
311 310 0.0062
55 311 0.0033
310 311 0.0062
312 311 0.0181
54 312 0.0087
57 312 0.0019
311 312 0.0181
54 313 0.0053
314 313 0.0011
317 313 0.0039
767 313 0.0003
313 314 0.0011
315 314 0.0021
316 314 0.002
314 315 0.0021
314 316 0.002
313 317 0.0039
318 317 0.0054
319 317 0.0024
317 318 0.0054
767 318 0.0002
974 318 0.0019
317 319 0.0024
54 320 0.0037
321 320 0.0076
324 320 0.0019
49 321 0.0018
320 321 0.0076
322 321 0.0129
323 321 0.003
321 322 0.0129
321 323 0.003
53 324 0.0062
320 324 0.0019
325 324 0.0025
48 325 0.0026
324 325 0.0025
326 325 0.0034
325 326 0.0034
49 327 0.0112
328 327 0.0144
333 327 0.0019
327 328 0.0144
329 328 0.0378
333 328 0.0021
346 328 0.0128
328 329 0.0378
330 329 0.0242
336 329 0.0126
339 329 0.0049
342 329 0.0284
329 330 0.0242
331 330 0.0111
760 330 0.0014
330 331 0.0111
332 331 0.0105
738 331 0.0023
742 331 0.0006
972 331 0.0005
331 332 0.0105
345 332 0.0156
730 332 0.0071
327 333 0.0019
328 333 0.0021
335 333 0.0012
765 333 0.0026
765 334 0.0007
333 335 0.0012
329 336 0.0126
337 336 0.0032
339 336 0.0211
336 337 0.0032
338 337 0.001
748 337 0.0016
760 337 0.0017
337 338 0.001
760 338 0.001
761 338 0.0008
329 339 0.0049
336 339 0.0211
340 339 0.0057
341 339 0.0017
339 340 0.0057
751 340 0.0019
756 340 0.0024
339 341 0.0017
764 341 0.0061
766 341 0.0021
329 342 0.0284
343 342 0.0052
344 342 0.0011
342 343 0.0052
743 343 0.0007
747 343 0.0021
342 344 0.0011
332 345 0.0156
732 345 0.0071
736 345 0.0008
328 346 0.0128
347 346 0.0014
762 346 0.0003
346 347 0.0014
40 348 0.0036
349 348 0.001
350 348 0.0008
351 348 0.0009
348 349 0.001
348 350 0.0008
348 351 0.0009
38 352 0.0068
353 352 0.018
357 352 0.0343
352 353 0.018
354 353 0.0034
356 353 0.0048
353 354 0.0034
355 354 0.002
361 354 0.0004
725 354 0.0002
354 355 0.002
952 355 0.0048
954 355 0.0024
353 356 0.0048
363 356 0.0048
364 356 0.0016
352 357 0.0343
358 357 0.0043
360 357 0.0021
35 358 0.0014
357 358 0.0043
359 358 0.0076
361 358 0.0035
358 359 0.0076
357 360 0.0021
354 361 0.0004
358 361 0.0035
362 361 0.0004
361 362 0.0004
356 363 0.0048
356 364 0.0016
38 365 0.0025
45 365 0.0015
366 365 0.0007
365 366 0.0007
46 367 0.0014
46 368 0.0044
369 368 0.0024
370 368 0.0014
368 369 0.0024
368 370 0.0014
35 371 0.0017
34 372 0.0097
375 372 0.0007
376 372 0.0078
374 373 0.0109
379 373 0.0226
381 373 0.0017
373 374 0.0109
375 374 0.0079
376 374 0.0181
382 374 0.0163
372 375 0.0007
374 375 0.0079
395 375 0.0036
15 376 0.0028
372 376 0.0078
374 376 0.0181
14 377 0.0061
16 377 0.0061
378 377 0.0041
17 378 0.0027
377 378 0.0041
380 378 0.0117
390 378 0.0026
17 379 0.1104
373 379 0.0226
380 379 0.0108
378 380 0.0117
379 380 0.0108
390 380 0.003
391 380 0.0046
373 381 0.0017
374 382 0.0163
383 382 0.0025
384 382 0.0021
382 383 0.0025
382 384 0.0021
19 385 0.0025
21 385 0.0023
386 385 0.0148
385 386 0.0148
387 386 0.0077
388 386 0.0091
13 387 0.0277
19 387 0.0113
386 387 0.0077
22 388 0.0041
386 388 0.0091
389 388 0.0061
388 389 0.0061
24 390 0.0191
378 390 0.0026
380 390 0.003
380 391 0.0046
25 392 0.001
27 393 0.009
394 393 0.0161
395 393 0.0038
393 394 0.0161
398 394 0.0019
399 394 0.0056
400 394 0.0059
403 394 0.0068
375 395 0.0036
393 395 0.0038
396 395 0.0011
397 395 0.0012
395 396 0.0011
395 397 0.0012
394 398 0.0019
952 398 0.0056
953 398 0.0074
954 398 0.0157
394 399 0.0056
402 399 0.0398
944 399 0.0053
948 399 0.003
394 400 0.0059
401 400 0.0057
406 400 0.0051
400 401 0.0057
402 401 0.0018
943 401 0.0014
399 402 0.0398
401 402 0.0018
943 402 0.0009
27 403 0.0085
394 403 0.0068
404 403 0.0201
403 404 0.0201
405 404 0.0051
417 404 0.0272
404 405 0.0051
407 405 0.0017
418 405 0.0004
400 406 0.0051
416 406 0.0021
943 406 0.0026
405 407 0.0017
27 408 0.0169
409 408 0.0208
417 408 0.0011
420 408 0.0286
408 409 0.0208
410 409 0.0068
417 409 0.0024
409 410 0.0068
411 410 0.0158
419 410 0.0017
410 411 0.0158
412 411 0.0382
938 411 0.0016
411 412 0.0382
413 412 0.0046
414 412 0.018
412 413 0.0046
939 413 0.052
941 413 0.0042
412 414 0.018
415 414 0.0026
416 414 0.0074
1137 414 0.002
414 415 0.0026
406 416 0.0021
414 416 0.0074
942 416 0.0122
404 417 0.0272
408 417 0.0011
409 417 0.0024
405 418 0.0004
410 419 0.0017
408 420 0.0286
421 420 0.0053
423 420 0.0013
427 420 0.0029
420 421 0.0053
422 421 0.0048
429 421 0.0043
421 422 0.0048
934 422 0.0109
936 422 0.0019
937 422 0.0035
420 423 0.0013
27 424 0.0065
425 424 0.0043
427 424 0.0023
26 425 0.0062
424 425 0.0043
426 425 0.008
425 426 0.008
420 427 0.0029
424 427 0.0023
428 427 0.0042
427 428 0.0042
421 429 0.0043
5 430 0.0158
8 430 0.0117
431 430 0.0082
430 431 0.0082
432 431 0.0212
963 431 0.0269
431 432 0.0212
433 432 0.0145
962 432 0.0084
432 433 0.0145
439 433 0.0071
440 433 0.0066
5 434 0.0351
435 434 0.0057
442 434 0.0239
434 435 0.0057
436 435 0.0102
442 435 0.0061
435 436 0.0102
437 436 0.0107
443 436 0.0022
436 437 0.0107
438 437 0.011
444 437 0.005
437 438 0.011
441 438 0.0167
445 438 0.0023
433 439 0.0071
433 440 0.0066
438 441 0.0167
434 442 0.0239
435 442 0.0061
443 442 0.074
436 443 0.0022
442 443 0.074
1153 443 0.2045
437 444 0.005
445 444 0.0048
446 444 0.0274
1153 444 0.1303
438 445 0.0023
444 445 0.0048
472 445 0.0012
444 446 0.0274
447 446 0.0064
451 446 0.0159
964 446 0.038
446 447 0.0064
448 447 0.0087
456 447 0.0052
447 448 0.0087
449 448 0.0066
450 448 0.004
448 449 0.0066
448 450 0.004
446 451 0.0159
452 451 0.0228
469 451 0.0024
451 452 0.0228
453 452 0.0188
455 452 0.0025
452 453 0.0188
454 453 0.0096
458 453 0.0058
453 454 0.0096
459 454 0.01
462 454 0.0089
486 454 0.0013
452 455 0.0025
447 456 0.0052
457 456 0.0061
458 456 0.0017
456 457 0.0061
458 457 0.006
471 457 0.0029
453 458 0.0058
456 458 0.0017
457 458 0.006
454 459 0.01
460 459 0.0004
461 459 0.0007
459 460 0.0004
459 461 0.0007
454 462 0.0089
463 462 0.0167
466 462 0.0176
468 462 0.0072
462 463 0.0167
464 463 0.0067
465 463 0.0012
463 464 0.0067
465 464 0.0099
466 464 0.008
463 465 0.0012
464 465 0.0099
931 465 0.0253
462 466 0.0176
464 466 0.008
467 466 0.0044
466 467 0.0044
468 467 0.0111
930 467 0.0091
462 468 0.0072
467 468 0.0111
926 468 0.0037
451 469 0.0024
470 469 0.0021
475 469 0.0105
469 470 0.0021
457 471 0.0029
445 472 0.0012
474 473 0.0647
500 473 0.0117
964 473 0.0277
473 474 0.0647
475 474 0.014
479 474 0.0225
469 475 0.0105
474 475 0.014
476 475 0.0385
475 476 0.0385
477 476 0.0104
481 476 0.0169
476 477 0.0104
478 477 0.0022
482 477 0.0108
477 478 0.0022
474 479 0.0225
480 479 0.0436
515 479 0.0114
479 480 0.0436
494 480 0.0025
502 480 0.0179
476 481 0.0169
482 481 0.0216
490 481 0.0086
477 482 0.0108
481 482 0.0216
483 482 0.0042
487 482 0.0076
482 483 0.0042
484 483 0.0047
485 483 0.0043
483 484 0.0047
483 485 0.0043
454 486 0.0013
482 487 0.0076
488 487 0.0022
925 487 0.0005
487 488 0.0022
489 488 0.0022
726 488 0.0012
488 489 0.0022
481 490 0.0086
491 490 0.0037
492 490 0.004
490 491 0.0037
492 491 0.0062
924 491 0.0016
490 492 0.004
491 492 0.0062
493 492 0.0146
492 493 0.0146
494 493 0.0087
495 493 0.0126
480 494 0.0025
493 494 0.0087
497 494 0.0279
498 494 0.0199
493 495 0.0126
496 495 0.0053
727 495 0.0054
495 496 0.0053
494 497 0.0279
512 497 0.017
919 497 0.0044
494 498 0.0199
502 498 0.0098
511 498 0.0231
536 498 0.0159
503 499 0.0275
536 499 0.0324
965 499 0.0093
473 500 0.0117
501 500 0.0085
965 500 0.0165
500 501 0.0085
480 502 0.0179
498 502 0.0098
516 502 0.0283
499 503 0.0275
504 503 0.0172
1152 503 0.0877
503 504 0.0172
507 504 0.0169
519 504 0.1204
1 505 0.011
506 505 0.0169
508 505 0.0407
538 505 0.0015
505 506 0.0169
507 506 0.0135
508 506 0.0119
533 506 0.0052
504 507 0.0169
506 507 0.0135
517 507 0.0086
539 507 0.0011
3 508 0.1006
505 508 0.0407
506 508 0.0119
509 508 0.0062
4 509 0.0305
508 509 0.0062
510 509 0.0077
509 510 0.0077
498 511 0.0231
512 511 0.0058
514 511 0.0058
523 511 0.0031
497 512 0.017
511 512 0.0058
513 512 0.0088
514 512 0.0823
512 513 0.0088
918 513 0.0083
919 513 0.0169
511 514 0.0058
512 514 0.0823
912 514 0.01
1154 514 0.0314
479 515 0.0114
502 516 0.0283
507 517 0.0086
518 517 0.0169
534 517 0.0013
517 518 0.0169
519 518 0.0153
531 518 0.0529
504 519 0.1204
518 519 0.0153
520 519 0.0398
519 520 0.0398
521 520 0.0229
529 520 0.0098
520 521 0.0229
522 521 0.0293
526 521 0.0137
521 522 0.0293
523 522 0.0422
728 522 0.0153
511 523 0.0031
522 523 0.0422
524 523 0.0235
523 524 0.0235
525 524 0.0259
1154 524 0.006
524 525 0.0259
908 525 0.0083
923 525 0.0095
1154 525 0.0091
521 526 0.0137
527 526 0.003
528 526 0.0017
526 527 0.003
526 528 0.0017
520 529 0.0098
530 529 0.0028
531 529 0.0029
532 529 0.0018
529 530 0.0028
518 531 0.0529
529 531 0.0029
532 531 0.0035
529 532 0.0018
531 532 0.0035
559 532 0.0093
506 533 0.0052
534 533 0.0028
552 533 0.0365
517 534 0.0013
533 534 0.0028
535 534 0.0006
534 535 0.0006
550 535 0.0339
552 535 0.0202
498 536 0.0159
499 536 0.0324
537 536 0.0081
965 536 0.0347
536 537 0.0081
505 538 0.0015
507 539 0.0011
1 540 0.0038
541 540 0.0021
544 540 0.0023
540 541 0.0021
542 541 0.0024
543 541 0.0022
541 542 0.0024
541 543 0.0022
540 544 0.0023
1 545 0.0024
546 545 0.0258
548 545 0.0024
554 545 0.0095
555 545 0.024
545 546 0.0258
547 546 0.0037
548 546 0.0036
546 547 0.0037
545 548 0.0024
546 548 0.0036
549 548 0.0045
550 548 0.0016
553 548 0.0064
548 549 0.0045
550 549 0.0024
552 549 0.0016
535 550 0.0339
548 550 0.0016
549 550 0.0024
551 550 0.0125
550 551 0.0125
559 551 0.0312
696 551 0.004
533 552 0.0365
535 552 0.0202
549 552 0.0016
548 553 0.0064
545 554 0.0095
1 555 0.0033
545 555 0.024
556 555 0.0481
601 555 0.0094
555 556 0.0481
557 556 0.009
601 556 0.0357
556 557 0.009
558 557 0.0097
564 557 0.0136
557 558 0.0097
559 558 0.009
565 558 0.0086
902 558 0.0031
532 559 0.0093
551 559 0.0312
558 559 0.009
1 560 0.015
561 560 0.0046
596 560 0.0005
1 561 0.0046
560 561 0.0046
562 561 0.0125
594 561 0.002
561 562 0.0125
563 562 0.0813
594 562 0.0065
595 562 0.0059
601 562 0.0282
562 563 0.0813
564 563 0.0096
580 563 0.0237
590 563 0.0088
557 564 0.0136
563 564 0.0096
565 564 0.0477
571 564 0.0029
558 565 0.0086
564 565 0.0477
566 565 0.0384
565 566 0.0384
567 566 0.0638
570 566 0.0087
566 567 0.0638
568 567 0.0374
578 567 0.0342
567 568 0.0374
569 568 0.069
576 568 0.0051
578 568 0.0304
697 568 0.0078
1158 568 0.001
568 569 0.069
699 569 0.0036
905 569 0.0029
566 570 0.0087
578 570 0.0412
579 570 0.0047
564 571 0.0029
572 571 0.0025
1158 571 0.0046
571 572 0.0025
573 572 0.003
1158 572 0.0073
572 573 0.003
574 573 0.0037
575 573 0.0054
573 574 0.0037
573 575 0.0054
568 576 0.0051
577 576 0.006
1155 576 0.0058
576 577 0.006
567 578 0.0342
568 578 0.0304
570 578 0.0412
570 579 0.0047
563 580 0.0237
581 580 0.0124
636 580 0.0021
580 581 0.0124
582 581 0.0077
583 581 0.002
636 581 0.0029
581 582 0.0077
583 582 0.0071
587 582 0.0064
581 583 0.002
582 583 0.0071
584 583 0.0063
583 584 0.0063
586 584 0.001
625 584 0.0081
889 584 0.013
586 585 0.0051
627 585 0.0042
887 585 0.0017
889 585 0.0126
584 586 0.001
585 586 0.0051
622 586 0.0034
877 586 0.0018
582 587 0.0064
588 587 0.0055
589 587 0.002
587 588 0.0055
587 589 0.002
563 590 0.0088
591 590 0.0009
592 590 0.0051
590 591 0.0009
590 592 0.0051
593 592 0.0019
598 592 0.0065
600 592 0.007
592 593 0.0019
561 594 0.002
562 594 0.0065
595 594 0.0161
562 595 0.0059
594 595 0.0161
596 595 0.011
560 596 0.0005
595 596 0.011
597 596 0.025
596 597 0.025
598 597 0.0054
604 597 0.0035
592 598 0.0065
597 598 0.0054
599 598 0.0144
598 599 0.0144
592 600 0.007
555 601 0.0094
556 601 0.0357
562 601 0.0282
1 602 0.0039
603 602 0.0138
605 602 0.0022
602 603 0.0138
604 603 0.0069
608 603 0.0099
631 603 0.0013
597 604 0.0035
603 604 0.0069
606 604 0.0046
602 605 0.0022
604 606 0.0046
607 606 0.0025
611 606 0.007
606 607 0.0025
622 607 0.0107
623 607 0.0027
603 608 0.0099
609 608 0.0036
632 608 0.0002
608 609 0.0036
610 609 0.0055
629 609 0.0003
708 609 0.0012
609 610 0.0055
630 610 0.0007
653 610 0.0072
606 611 0.007
612 611 0.0174
706 611 0.0007
611 612 0.0174
613 612 0.0149
701 612 0.0011
612 613 0.0149
614 613 0.0103
620 613 0.0011
613 614 0.0103
615 614 0.0035
619 614 0.0021
702 614 0.0003
614 615 0.0035
616 615 0.0029
617 615 0.0045
618 615 0.0011
615 616 0.0029
660 616 0.0002
1013 616 0.0076
615 617 0.0045
619 617 0.0014
871 617 0.0392
615 618 0.0011
614 619 0.0021
617 619 0.0014
873 619 0.0014
613 620 0.0011
621 620 0.0005
873 620 0.0017
620 621 0.0005
586 622 0.0034
607 622 0.0107
876 622 0.0015
607 623 0.0027
624 623 0.0034
875 623 0.003
623 624 0.0034
584 625 0.0081
626 625 0.0055
700 625 0.0044
890 625 0.0104
625 626 0.0055
585 627 0.0042
628 627 0.0061
888 627 0.0016
627 628 0.0061
885 628 0.0105
889 628 0.0065
609 629 0.0003
610 630 0.0007
603 631 0.0013
632 631 0.0042
664 631 0.0016
608 632 0.0002
631 632 0.0042
634 632 0.0017
634 633 0.0005
632 634 0.0017
633 634 0.0005
635 634 0.0042
634 635 0.0042
580 636 0.0021
581 636 0.0029
637 636 0.0032
636 637 0.0032
1 638 0.002
639 638 0.0107
661 638 0.0117
638 639 0.0107
646 639 0.0023
648 639 0.0068
1 640 0.0108
641 640 0.0075
644 640 0.0024
694 640 0.0043
640 641 0.0075
642 641 0.0065
645 641 0.0009
695 641 0.0046
641 642 0.0065
650 642 0.0075
709 642 0.0004
720 642 0.0029
1 643 0.0013
644 643 0.0045
663 643 0.0041
640 644 0.0024
643 644 0.0045
645 644 0.0047
662 644 0.009
641 645 0.0009
644 645 0.0047
661 645 0.0027
639 646 0.0023
647 646 0.0067
649 646 0.0011
861 646 0.0003
646 647 0.0067
713 647 0.044
867 647 0.0038
639 648 0.0068
649 648 0.002
866 648 0.0002
646 649 0.0011
648 649 0.002
712 649 0.0025
642 650 0.0075
651 650 0.0026
665 650 0.006
672 650 0.0003
650 651 0.0026
652 651 0.0046
719 651 0.0007
651 652 0.0046
693 652 0.0004
714 652 0.0034
610 653 0.0072
654 653 0.0078
703 653 0.0064
653 654 0.0078
655 654 0.0056
659 654 0.0057
654 655 0.0056
656 655 0.0045
1012 655 0.0006
655 656 0.0045
657 656 0.0038
658 656 0.0029
1010 656 0.0022
1012 656 0.0022
656 657 0.0038
864 657 0.0033
866 657 0.001
1009 657 0.012
656 658 0.0029
865 658 0.0046
1010 658 0.0007
1012 658 0.0038
654 659 0.0057
660 659 0.0021
707 659 0.0015
616 660 0.0002
659 660 0.0021
869 660 0.0012
638 661 0.0117
645 661 0.0027
662 661 0.0059
644 662 0.009
661 662 0.0059
663 662 0.0041
1 663 0.0009
643 663 0.0041
662 663 0.0041
631 664 0.0016
650 665 0.006
666 665 0.0069
718 665 0.0036
665 666 0.0069
667 666 0.0022
852 666 0.0046
666 667 0.0022
668 667 0.0003
687 667 0.0002
667 668 0.0003
105 669 0.0046
680 669 0.0043
688 669 0.0096
1 670 0.012
671 670 0.0076
672 670 0.0039
670 671 0.0076
672 671 0.0073
674 671 0.011
650 672 0.0003
670 672 0.0039
671 672 0.0073
1 673 0.0005
671 674 0.011
675 674 0.0025
680 674 0.0131
674 675 0.0025
676 675 0.0016
677 675 0.0102
675 676 0.0016
675 677 0.0102
678 677 0.001
679 677 0.0027
677 678 0.001
677 679 0.0027
669 680 0.0043
674 680 0.0131
681 680 0.0467
1150 680 0.0029
680 681 0.0467
682 681 0.0188
683 681 0.0044
681 682 0.0188
686 682 0.0058
692 682 0.0009
836 682 0.0002
681 683 0.0044
684 683 0.0157
688 683 0.0022
683 684 0.0157
685 684 0.0028
690 684 0.0008
684 685 0.0028
689 685 0.0008
691 685 0.0015
682 686 0.0058
687 686 0.0014
842 686 0.0002
667 687 0.0002
686 687 0.0014
717 687 0.0008
113 688 0.0042
669 688 0.0096
683 688 0.0022
1149 688 0.0104
115 689 0.0009
685 689 0.0008
1149 689 0.0104
684 690 0.0008
685 691 0.0015
682 692 0.0009
840 692 0.0018
842 692 0.0007
652 693 0.0004
853 693 0.0009
856 693 0.0043
640 694 0.0043
641 695 0.0046
551 696 0.004
568 697 0.0078
897 697 0.0053
1172 697 0.0068
891 698 0.1011
1159 698 0.0111
1179 698 0.1017
569 699 0.0036
625 700 0.0044
612 701 0.0011
614 702 0.0003
653 703 0.0064
704 703 0.0007
705 703 0.0004
703 704 0.0007
703 705 0.0004
611 706 0.0007
659 707 0.0015
868 707 0.0033
869 707 0.0014
609 708 0.0012
642 709 0.0004
710 709 0.0007
711 709 0.0008
709 710 0.0007
709 711 0.0008
649 712 0.0025
647 713 0.044
857 713 0.0015
862 713 0.0017
1009 713 0.0016
652 714 0.0034
715 714 0.0004
716 714 0.0005
714 715 0.0004
714 716 0.0005
687 717 0.0008
845 717 0.0043
848 717 0.0116
665 718 0.0036
651 719 0.0007
642 720 0.0029
82 721 0.0019
84 722 0.0056
285 723 0.0023
724 723 0.0005
774 723 0.0003
723 724 0.0005
354 725 0.0002
488 726 0.0012
495 727 0.0054
522 728 0.0153
729 728 0.0194
906 728 0.0071
728 729 0.0194
332 730 0.0071
731 730 0.0061
966 730 0.0045
1144 730 0.0052
730 731 0.0061
345 732 0.0071
733 732 0.0004
734 732 0.0013
735 732 0.0041
732 733 0.0004
732 734 0.0013
732 735 0.0041
345 736 0.0008
737 736 0.0023
973 736 0.0005
736 737 0.0023
331 738 0.0023
739 738 0.0017
972 738 0.0038
738 739 0.0017
740 739 0.0005
741 739 0.0004
972 739 0.0024
739 740 0.0005
739 741 0.0004
331 742 0.0006
343 743 0.0007
744 743 0.0075
745 743 0.0099
746 743 0.0087
743 744 0.0075
743 745 0.0099
969 745 0.0037
970 745 0.0215
971 745 0.0071
743 746 0.0087
343 747 0.0021
337 748 0.0016
749 748 0.001
750 748 0.0003
748 749 0.001
748 750 0.0003
340 751 0.0019
752 751 0.0011
753 751 0.0003
754 751 0.001
755 751 0.0004
751 752 0.0011
751 753 0.0003
751 754 0.001
751 755 0.0004
340 756 0.0024
757 756 0.0013
758 756 0.0007
759 756 0.0032
756 757 0.0013
756 758 0.0007
756 759 0.0032
330 760 0.0014
337 760 0.0017
338 760 0.001
338 761 0.0008
346 762 0.0003
307 763 0.0035
764 763 0.0041
767 763 0.0033
341 764 0.0061
763 764 0.0041
765 764 0.0022
333 765 0.0026
334 765 0.0007
764 765 0.0022
341 766 0.0021
313 767 0.0003
318 767 0.0002
763 767 0.0033
297 768 0.0022
307 768 0.002
769 768 0.0095
768 769 0.0095
298 770 0.0032
771 770 0.001
772 770 0.0009
770 771 0.001
770 772 0.0009
298 773 0.0008
301 774 0.0007
723 774 0.0003
775 774 0.0004
776 774 0.0013
774 775 0.0004
774 776 0.0013
284 777 0.0029
778 777 0.0018
779 777 0.0064
780 777 0.0049
781 777 0.0032
777 778 0.0018
777 779 0.0064
777 780 0.0049
283 781 0.0018
284 781 0.0032
777 781 0.0032
283 782 0.0003
282 783 0.0004
262 784 0.0014
267 785 0.001
786 785 0.0011
787 785 0.006
788 785 0.0011
785 786 0.0011
785 787 0.006
266 788 0.0002
270 788 0.0013
785 788 0.0011
789 788 0.0004
788 789 0.0004
234 790 0.0011
234 791 0.0006
207 792 0.0002
232 792 0.0018
793 792 0.0003
792 793 0.0003
207 794 0.0031
795 794 0.0013
796 794 0.0013
794 795 0.0013
794 796 0.0013
207 797 0.0022
798 797 0.0006
800 797 0.0072
797 798 0.0006
800 799 0.0028
797 800 0.0072
799 800 0.0028
801 800 0.0004
207 801 0.002
800 801 0.0004
802 801 0.0138
801 802 0.0138
194 803 0.0024
804 803 0.01
976 803 0.0008
803 804 0.01
193 805 0.0018
806 805 0.0185
808 805 0.0057
978 805 0.0046
805 806 0.0185
184 807 0.0007
805 808 0.0057
167 809 0.0038
164 810 0.0226
811 810 0.0067
812 810 0.0034
813 810 0.0016
981 810 0.0048
810 811 0.0067
810 812 0.0034
164 813 0.0006
810 813 0.0016
984 813 0.0045
156 814 0.0034
815 814 0.0043
816 814 0.003
817 814 0.0034
818 814 0.0031
814 815 0.0043
814 816 0.003
814 817 0.0034
145 818 0.0012
814 818 0.0031
819 818 0.0048
820 818 0.0027
818 819 0.0048
818 820 0.0027
145 821 0.0025
822 821 0.0007
823 821 0.0012
824 821 0.0005
821 822 0.0007
821 823 0.0012
821 824 0.0005
144 825 0.0074
145 825 0.0177
826 825 0.0003
129 826 0.0006
825 826 0.0003
827 826 0.0014
826 827 0.0014
129 828 0.002
145 829 0.0012
136 830 0.0015
137 830 0.0027
831 830 0.0028
830 831 0.0028
832 831 0.0125
835 831 0.001
831 832 0.0125
833 832 0.0023
834 832 0.0056
837 832 0.0009
838 832 0.0004
985 832 0.0088
832 833 0.0023
832 834 0.0056
136 835 0.0017
831 835 0.001
836 835 0.0032
682 836 0.0002
835 836 0.0032
837 836 0.0101
832 837 0.0009
836 837 0.0101
838 837 0.0075
840 837 0.0015
832 838 0.0004
837 838 0.0075
839 838 0.0013
988 838 0.0014
838 839 0.0013
692 840 0.0018
837 840 0.0015
841 840 0.0077
989 840 0.001
840 841 0.0077
686 842 0.0002
692 842 0.0007
843 842 0.0016
844 842 0.0017
990 842 0.0044
994 842 0.0023
842 843 0.0016
842 844 0.0017
717 845 0.0043
846 845 0.0055
847 845 0.0093
845 846 0.0055
845 847 0.0093
717 848 0.0116
849 848 0.0057
850 848 0.0075
851 848 0.0039
855 848 0.0031
995 848 0.0019
848 849 0.0057
848 850 0.0075
999 850 0.0074
1003 850 0.0112
848 851 0.0039
855 851 0.0108
1002 851 0.0027
666 852 0.0046
853 852 0.0033
855 852 0.0063
1005 852 0.0017
693 853 0.0009
852 853 0.0033
854 853 0.0066
853 854 0.0066
848 855 0.0031
851 855 0.0108
852 855 0.0063
693 856 0.0043
713 857 0.0015
858 857 0.0035
859 857 0.0047
860 857 0.0026
1006 857 0.0014
857 858 0.0035
857 859 0.0047
857 860 0.0026
646 861 0.0003
713 862 0.0017
863 862 0.0029
1007 862 0.0012
1008 862 0.0009
862 863 0.0029
657 864 0.0033
1010 864 0.001
1011 864 0.0044
658 865 0.0046
648 866 0.0002
657 866 0.001
867 866 0.0032
647 867 0.0038
866 867 0.0032
1009 867 0.0022
707 868 0.0033
660 869 0.0012
707 869 0.0014
870 869 0.0048
869 870 0.0048
617 871 0.0392
872 871 0.0054
1014 871 0.0011
1015 871 0.0015
871 872 0.0054
619 873 0.0014
620 873 0.0017
874 873 0.0089
873 874 0.0089
623 875 0.003
1016 875 0.0686
1019 875 0.0015
622 876 0.0015
586 877 0.0018
878 877 0.0133
881 877 0.0059
884 877 0.0113
877 878 0.0133
879 878 0.0124
880 878 0.0211
878 879 0.0124
878 880 0.0211
877 881 0.0059
882 881 0.0323
883 881 0.0163
881 882 0.0323
1020 882 0.0181
1027 882 0.0104
881 883 0.0163
877 884 0.0113
886 884 0.0064
1024 884 0.0026
628 885 0.0105
1028 885 0.0035
1031 885 0.0105
1033 885 0.0054
884 886 0.0064
585 887 0.0017
627 888 0.0016
584 889 0.013
585 889 0.0126
628 889 0.0065
625 890 0.0104
698 891 0.1011
892 891 0.035
893 891 0.0192
894 891 0.0076
1053 891 0.0105
1054 891 0.0123
1067 891 0.0048
1073 891 0.0036
1164 891 0.0105
891 892 0.035
891 893 0.0192
891 894 0.0076
1055 894 0.0075
1058 894 0.0084
1059 894 0.0144
1054 895 0.0131
1045 896 0.0073
1054 896 0.0129
1057 896 0.0134
697 897 0.0053
898 897 0.0096
899 897 0.0071
900 897 0.0088
901 897 0.0103
1074 897 0.0069
897 898 0.0096
902 898 0.0073
1075 898 0.12
897 899 0.0071
897 900 0.0088
897 901 0.0103
558 902 0.0031
898 902 0.0073
903 902 0.0091
904 902 0.0104
1080 902 0.0053
902 903 0.0091
902 904 0.0104
569 905 0.0029
728 906 0.0071
907 906 0.0208
1081 906 0.0083
1082 906 0.0103
906 907 0.0208
525 908 0.0083
909 908 0.0042
910 908 0.005
911 908 0.0052
1085 908 0.0087
1105 908 0.0054
1106 908 0.0033
1113 908 0.0036
908 909 0.0042
1088 909 0.0122
1093 909 0.0159
1105 909 0.0303
908 910 0.005
1096 910 0.0104
1098 910 0.0059
908 911 0.0052
1110 911 0.0139
1112 911 0.005
514 912 0.01
913 912 0.0077
914 912 0.0055
915 912 0.0068
916 912 0.0117
917 912 0.015
1114 912 0.0035
912 913 0.0077
912 914 0.0055
912 915 0.0068
912 916 0.0117
912 917 0.015
513 918 0.0083
497 919 0.0044
513 919 0.0169
920 919 0.0221
919 920 0.0221
921 920 0.0171
922 920 0.0149
1117 920 0.0041
1124 920 0.0078
920 921 0.0171
920 922 0.0149
1118 922 0.0174
1121 922 0.0084
525 923 0.0095
491 924 0.0016
487 925 0.0005
468 926 0.0037
927 926 0.0051
928 926 0.0009
929 926 0.0049
1127 926 0.0041
926 927 0.0051
926 928 0.0009
926 929 0.0049
467 930 0.0091
1128 930 0.0014
1129 930 0.0009
1130 930 0.0026
1133 930 0.0056
465 931 0.0253
932 931 0.0093
933 931 0.0037
934 931 0.0032
1133 931 0.0102
931 932 0.0093
1131 932 0.0032
1133 932 0.0128
931 933 0.0037
422 934 0.0109
931 934 0.0032
935 934 0.0073
934 935 0.0073
422 936 0.0019
422 937 0.0035
411 938 0.0016
413 939 0.052
940 939 0.0052
1136 939 0.001
1138 939 0.0029
939 940 0.0052
1134 940 0.0019
1135 940 0.0003
413 941 0.0042
416 942 0.0122
401 943 0.0014
402 943 0.0009
406 943 0.0026
1139 943 0.0015
1140 943 0.0102
399 944 0.0053
945 944 0.0076
946 944 0.0073
947 944 0.0113
1141 944 0.0027
1142 944 0.003
1143 944 0.0046
944 945 0.0076
944 946 0.0073
944 947 0.0113
399 948 0.003
949 948 0.0139
950 948 0.0184
951 948 0.0144
948 949 0.0139
948 950 0.0184
948 951 0.0144
355 952 0.0048
398 952 0.0056
954 952 0.0063
398 953 0.0074
355 954 0.0024
398 954 0.0157
952 954 0.0063
955 954 0.0063
956 954 0.0065
954 955 0.0063
954 956 0.0065
80 957 0.0063
124 958 0.0041
126 958 0.0004
127 958 0.0003
98 959 0.0129
117 959 0.0181
960 959 0.0358
117 960 0.0191
959 960 0.0358
961 960 0.0059
117 961 0.0059
118 961 0.0253
960 961 0.0059
23 962 0.026
24 962 0.0401
432 962 0.0084
963 962 0.026
23 963 0.1754
431 963 0.0269
962 963 0.026
446 964 0.038
473 964 0.0277
965 964 0.0182
499 965 0.0093
500 965 0.0165
536 965 0.0347
964 965 0.0182
730 966 0.0045
967 966 0.0025
968 966 0.0023
966 967 0.0025
966 968 0.0023
745 969 0.0037
745 970 0.0215
745 971 0.0071
331 972 0.0005
738 972 0.0038
739 972 0.0024
736 973 0.0005
318 974 0.0019
233 975 0.0004
201 976 0.0011
803 976 0.0008
977 976 0.0036
976 977 0.0036
805 978 0.0046
979 978 0.0006
980 978 0.0009
978 979 0.0006
978 980 0.0009
810 981 0.0048
982 981 0.0004
983 981 0.0016
981 982 0.0004
981 983 0.0016
158 984 0.0004
159 984 0.0007
813 984 0.0045
832 985 0.0088
986 985 0.0314
987 985 0.0065
985 986 0.0314
985 987 0.0065
838 988 0.0014
840 989 0.001
842 990 0.0044
991 990 0.0013
992 990 0.0027
993 990 0.0014
990 991 0.0013
990 992 0.0027
990 993 0.0014
842 994 0.0023
848 995 0.0019
996 995 0.0019
997 995 0.0108
998 995 0.0018
1003 995 0.0049
995 996 0.0019
995 997 0.0108
995 998 0.0018
850 999 0.0074
1000 999 0.0144
1001 999 0.0157
999 1000 0.0144
999 1001 0.0157
851 1002 0.0027
850 1003 0.0112
995 1003 0.0049
1004 1003 0.0042
1003 1004 0.0042
852 1005 0.0017
857 1006 0.0014
862 1007 0.0012
862 1008 0.0009
657 1009 0.012
713 1009 0.0016
867 1009 0.0022
656 1010 0.0022
658 1010 0.0007
864 1010 0.001
864 1011 0.0044
655 1012 0.0006
656 1012 0.0022
658 1012 0.0038
616 1013 0.0076
871 1014 0.0011
871 1015 0.0015
875 1016 0.0686
1017 1016 0.0041
1018 1016 0.0013
1016 1017 0.0041
1016 1018 0.0013
875 1019 0.0015
882 1020 0.0181
1021 1020 0.0087
1022 1020 0.0069
1023 1020 0.0072
1020 1021 0.0087
1020 1022 0.0069
1020 1023 0.0072
884 1024 0.0026
1025 1024 0.0023
1026 1024 0.0007
1024 1025 0.0023
1024 1026 0.0007
882 1027 0.0104
885 1028 0.0035
1029 1028 0.038
1030 1028 0.0295
1028 1029 0.038
1030 1029 0.1089
1032 1029 0.0168
1036 1029 0.0078
1170 1029 0.0196
1028 1030 0.0295
1029 1030 0.1089
1168 1030 0.0078
1169 1030 0.0045
885 1031 0.0105
1032 1031 0.0092
1167 1031 0.0078
1029 1032 0.0168
1031 1032 0.0092
1167 1032 0.0071
885 1033 0.0054
1034 1033 0.0022
1035 1033 0.0019
1033 1034 0.0022
1033 1035 0.0019
1029 1036 0.0078
1037 1036 0.0207
1045 1036 0.0124
1053 1036 0.0098
1036 1037 0.0207
1038 1037 0.0211
1171 1037 0.0117
1037 1038 0.0211
1039 1038 0.0055
1040 1038 0.0166
1038 1039 0.0055
1038 1040 0.0166
1041 1040 0.025
1051 1040 0.0068
1040 1041 0.025
1042 1041 0.01
1051 1041 0.008
1171 1041 0.0173
1041 1042 0.01
1043 1042 0.0175
1044 1042 0.014
1042 1043 0.0175
1042 1044 0.014
896 1045 0.0073
1036 1045 0.0124
1046 1045 0.0114
1171 1045 0.0216
1045 1046 0.0114
1047 1046 0.0136
1171 1046 0.0072
1046 1047 0.0136
1048 1047 0.009
1049 1047 0.0041
1050 1047 0.0018
1047 1048 0.009
1047 1049 0.0041
1047 1050 0.0018
1040 1051 0.0068
1041 1051 0.008
1052 1051 0.0084
1051 1052 0.0084
891 1053 0.0105
1036 1053 0.0098
1167 1053 0.0092
891 1054 0.0123
895 1054 0.0131
896 1054 0.0129
894 1055 0.0075
1056 1055 0.0119
1058 1055 0.006
1055 1056 0.0119
896 1057 0.0134
894 1058 0.0084
1055 1058 0.006
1066 1058 0.0091
894 1059 0.0144
1060 1059 0.0115
1063 1059 0.005
1059 1060 0.0115
1061 1060 0.0188
1064 1060 0.0127
1060 1061 0.0188
1062 1061 0.0133
1065 1061 0.0215
1061 1062 0.0133
1059 1063 0.005
1060 1064 0.0127
1061 1065 0.0215
1058 1066 0.0091
891 1067 0.0048
1068 1067 0.0061
1069 1067 0.0069
1070 1067 0.0127
1067 1068 0.0061
1067 1069 0.0069
1067 1070 0.0127
1071 1070 0.0098
1072 1070 0.0125
1091 1070 0.0041
1070 1071 0.0098
1070 1072 0.0125
891 1073 0.0036
897 1074 0.0069
898 1075 0.12
1076 1075 0.0118
1077 1075 0.0128
1078 1075 0.0138
1079 1075 0.0143
1075 1076 0.0118
1075 1077 0.0128
1075 1078 0.0138
