2 1 0.0033
7 1 0.0125
19 1 0.0019
1 2 0.0033
3 2 0.0042
72 2 0.0035
2 3 0.0042
4 3 0.0026
5 3 0.0062
3 4 0.0026
233 4 0.0048
1487 4 0.0058
3 5 0.0062
6 5 0.0064
11 5 0.0042
5 6 0.0064
1 7 0.0125
8 7 0.0085
10 7 0.0044
19 7 0.0024
7 8 0.0085
9 8 0.0012
10 8 0.007
12 8 0.0099
8 9 0.0012
7 10 0.0044
8 10 0.007
11 10 0.0041
5 11 0.0042
10 11 0.0041
1487 11 0.0025
8 12 0.0099
13 12 0.0065
17 12 0.0191
1503 12 0.0806
12 13 0.0065
70 13 0.0028
1497 13 0.0038
372 14 0.0085
373 14 0.0213
1496 14 0.0699
17 15 0.0119
19 15 0.0089
20 15 0.0016
19 16 0.0403
26 16 0.0486
43 16 0.0451
12 17 0.0191
15 17 0.0119
1503 17 0.0167
31 18 0.0034
34 18 0.0066
372 18 0.0214
1495 18 0.0365
1 19 0.0019
7 19 0.0024
15 19 0.0089
16 19 0.0403
87 19 0.0472
15 20 0.0016
21 20 0.0081
24 20 0.0099
20 21 0.0081
22 21 0.0074
1503 21 0.0123
21 22 0.0074
23 22 0.0023
24 22 0.0014
22 23 0.0023
20 24 0.0099
22 24 0.0014
25 24 0.0055
24 25 0.0055
16 26 0.0486
43 26 0.0412
45 26 0.0075
1499 26 0.0119
28 27 0.0073
32 27 0.0019
1499 27 0.0442
1500 27 0.0373
27 28 0.0073
29 28 0.0433
1464 28 0.0046
1500 28 0.0789
28 29 0.0433
30 29 0.0504
46 29 0.0586
29 30 0.0504
31 30 0.0349
46 30 0.0178
1464 30 0.0217
1501 30 0.0762
1502 30 0.0705
18 31 0.0034
30 31 0.0349
32 31 0.0061
33 31 0.0052
1464 31 0.0417
27 32 0.0019
31 32 0.0061
33 32 0.0059
31 33 0.0052
32 33 0.0059
34 33 0.0123
18 34 0.0066
33 34 0.0123
372 34 0.0161
386 34 0.0073
388 34 0.0537
54 35 0.0165
266 35 0.0085
1466 35 0.0047
51 36 0.005
264 36 0.011
1466 36 0.0059
38 37 0.0093
43 37 0.0028
264 37 0.004
37 38 0.0093
39 38 0.0169
44 38 0.0101
1504 38 0.01
38 39 0.0169
40 39 0.0075
46 39 0.0022
39 40 0.0075
41 40 0.0038
45 40 0.0054
49 40 0.0094
1504 40 0.0108
40 41 0.0038
42 41 0.0038
47 41 0.0024
41 42 0.0038
46 42 0.007
1501 42 0.0068
16 43 0.0451
26 43 0.0412
37 43 0.0028
44 43 0.0023
38 44 0.0101
43 44 0.0023
45 44 0.0155
26 45 0.0075
40 45 0.0054
44 45 0.0155
29 46 0.0586
30 46 0.0178
39 46 0.0022
42 46 0.007
41 47 0.0024
48 47 0.0178
50 47 0.0143
876 47 0.0163
47 48 0.0178
40 49 0.0094
50 49 0.0019
52 49 0.0162
47 50 0.0143
49 50 0.0019
60 50 0.0089
61 50 0.008
874 50 0.0163
36 51 0.005
52 51 0.0635
59 51 0.028
1504 51 0.0266
49 52 0.0162
51 52 0.0635
53 52 0.0043
52 53 0.0043
854 53 0.013
858 53 0.037
875 53 0.0499
35 54 0.0165
55 54 0.0029
58 54 0.0038
54 55 0.0029
56 55 0.0068
62 55 0.009
55 56 0.0068
57 56 0.0058
62 56 0.0123
56 57 0.0058
54 58 0.0038
59 58 0.0063
64 58 0.0186
51 59 0.028
58 59 0.0063
60 59 0.0081
50 60 0.0089
59 60 0.0081
61 60 0.0244
50 61 0.008
60 61 0.0244
875 61 0.0298
55 62 0.009
56 62 0.0123
63 62 0.0063
62 63 0.0063
856 63 0.0069
857 63 0.0055
58 64 0.0186
65 64 0.0043
854 64 0.0019
64 65 0.0043
250 66 0.0016
1481 66 0.0421
1489 66 0.0838
1491 66 0.0129
68 67 0.0081
374 67 0.0051
380 67 0.0086
1496 67 0.0084
1497 67 0.0275
67 68 0.0081
69 68 0.0009
380 68 0.0194
68 69 0.0009
253 69 0.0025
369 69 0.0047
376 69 0.001
13 70 0.0028
71 70 0.048
1493 70 0.0134
1494 70 0.0156
1497 70 0.1551
70 71 0.048
253 71 0.0027
1498 71 0.051
2 72 0.0035
73 72 0.0046
76 72 0.0027
72 73 0.0046
74 73 0.021
82 73 0.0082
233 73 0.0399
73 74 0.021
77 74 0.0169
236 74 0.0014
1473 74 0.024
76 75 0.0054
79 75 0.0081
264 75 0.0023
72 76 0.0027
75 76 0.0054
77 76 0.0022
74 77 0.0169
76 77 0.0022
78 77 0.0233
82 77 0.089
83 77 0.0291
77 78 0.0233
220 78 0.0029
236 78 0.0027
75 79 0.0081
80 79 0.0038
84 79 0.0034
79 80 0.0038
81 80 0.0037
82 80 0.0061
80 81 0.0037
73 82 0.0082
77 82 0.089
80 82 0.0061
77 83 0.0291
218 83 0.0036
232 83 0.0149
248 83 0.008
79 84 0.0034
85 84 0.0022
135 84 0.0229
232 84 0.0111
84 85 0.0022
86 85 0.0226
232 85 0.0178
85 86 0.0226
201 86 0.0027
204 86 0.0026
247 86 0.0035
19 87 0.0472
88 87 0.0059
264 87 0.021
87 88 0.0059
89 88 0.0014
92 88 0.0049
88 89 0.0014
90 89 0.0069
91 89 0.0019
89 90 0.0069
89 91 0.0019
88 92 0.0049
94 93 0.0135
98 93 0.0162
1466 93 0.012
93 94 0.0135
95 94 0.0244
98 94 0.0093
103 94 0.0612
94 95 0.0244
96 95 0.0898
99 95 0.0181
95 96 0.0898
97 96 0.0285
99 96 0.0134
104 96 0.002
96 97 0.0285
101 97 0.0199
105 97 0.011
180 97 0.0021
93 98 0.0162
94 98 0.0093
99 98 0.0134
95 99 0.0181
96 99 0.0134
98 99 0.0134
101 100 0.0272
97 101 0.0199
100 101 0.0272
102 101 0.0091
101 102 0.0091
94 103 0.0612
96 104 0.002
97 105 0.011
106 105 0.0049
170 105 0.0008
105 106 0.0049
108 107 0.0183
406 107 0.0047
1466 107 0.0135
107 108 0.0183
110 109 0.0039
109 110 0.0039
111 110 0.0784
177 110 0.0024
110 111 0.0784
112 111 0.0052
178 111 0.0156
111 112 0.0052
119 113 0.0093
122 114 0.0122
129 114 0.0016
130 114 0.0039
168 114 0.0022
116 115 0.0004
163 115 0.0281
166 115 0.0011
167 115 0.0004
1466 115 0.0111
115 116 0.0004
119 117 0.0055
121 118 0.0061
125 118 0.0031
1466 118 0.0158
113 119 0.0093
117 119 0.0055
120 119 0.0271
126 119 0.004
175 119 0.0019
119 120 0.0271
118 121 0.0061
114 122 0.0122
123 122 0.0125
126 122 0.0013
122 123 0.0125
125 123 0.0084
130 123 0.0048
1466 124 0.0031
118 125 0.0031
123 125 0.0084
126 125 0.0019
119 126 0.004
122 126 0.0013
125 126 0.0019
127 126 0.0014
126 127 0.0014
129 128 0.0156
114 129 0.0016
128 129 0.0156
130 129 0.0129
114 130 0.0039
123 130 0.0048
129 130 0.0129
132 131 0.0127
158 131 0.0084
265 131 0.0592
131 132 0.0127
133 132 0.0032
1476 132 0.0229
132 133 0.0032
134 133 0.0019
1474 133 0.0016
133 134 0.0019
135 134 0.0371
265 134 0.0011
84 135 0.0229
134 135 0.0371
136 135 0.0027
1479 135 0.019
135 136 0.0027
137 136 0.011
161 136 0.0018
136 137 0.011
161 137 0.0015
201 137 0.0345
154 138 0.0097
231 138 0.0105
1474 138 0.0164
1477 138 0.0058
1478 138 0.0131
140 139 0.0165
155 139 0.0058
161 139 0.0077
139 140 0.0165
141 140 0.0031
231 140 0.0477
140 141 0.0031
143 142 0.0074
146 142 0.0046
162 142 0.0041
1528 142 0.0138
142 143 0.0074
144 143 0.0055
146 143 0.0105
163 143 0.0036
143 144 0.0055
145 144 0.0023
164 144 0.0015
165 144 0.0012
144 145 0.0023
147 145 0.0078
191 145 0.0073
142 146 0.0046
143 146 0.0105
147 146 0.004
145 147 0.0078
146 147 0.004
148 147 0.0109
200 147 0.0096
147 148 0.0109
149 148 0.0132
150 148 0.0164
148 149 0.0132
196 149 0.0143
199 149 0.0019
148 150 0.0164
151 150 0.0026
206 150 0.0029
150 151 0.0026
152 151 0.0027
153 151 0.0013
161 151 0.0015
151 152 0.0027
202 152 0.0034
205 152 0.0054
151 153 0.0013
247 153 0.0022
248 153 0.0007
138 154 0.0097
155 154 0.0033
231 154 0.0053
1476 154 0.0197
139 155 0.0058
154 155 0.0033
156 155 0.0085
155 156 0.0085
157 156 0.0084
161 156 0.0054
156 157 0.0084
131 158 0.0084
159 158 0.0247
1528 158 0.0181
158 159 0.0247
160 159 0.0134
1528 159 0.0321
1529 159 0.0301
159 160 0.0134
191 160 0.0006
200 160 0.0155
1529 160 0.0264
136 161 0.0018
137 161 0.0015
139 161 0.0077
151 161 0.0015
156 161 0.0054
142 162 0.0041
1465 162 0.0296
1528 162 0.0111
115 163 0.0281
143 163 0.0036
1465 163 0.0325
144 164 0.0015
144 165 0.0012
115 166 0.0011
115 167 0.0004
114 168 0.0022
169 168 0.0056
276 168 0.0003
168 169 0.0056
170 169 0.0074
171 169 0.0699
105 170 0.0008
169 170 0.0074
186 170 0.0024
169 171 0.0699
172 171 0.0017
187 171 0.0026
171 172 0.0017
183 172 0.006
187 172 0.003
174 173 0.0099
176 173 0.0061
1466 173 0.0047
173 174 0.0099
175 174 0.0022
176 174 0.0069
119 175 0.0019
174 175 0.0022
176 175 0.004
173 176 0.0061
174 176 0.0069
175 176 0.004
1466 176 0.0151
110 177 0.0024
111 178 0.0156
179 178 0.0077
180 178 0.0106
178 179 0.0077
97 180 0.0021
178 180 0.0106
181 180 0.0076
270 180 0.0015
180 181 0.0076
182 181 0.0037
1525 181 0.0319
181 182 0.0037
270 182 0.0045
478 182 0.002
172 183 0.006
184 183 0.0091
187 183 0.0033
183 184 0.0091
185 184 0.0036
187 184 0.0021
184 185 0.0036
187 185 0.0021
190 185 0.0023
170 186 0.0024
268 186 0.0015
272 186 0.0021
171 187 0.0026
172 187 0.003
183 187 0.0033
184 187 0.0021
185 187 0.0021
188 187 0.0071
272 187 0.0109
187 188 0.0071
189 188 0.0071
272 188 0.0031
188 189 0.0071
190 189 0.016
273 189 0.0007
185 190 0.0023
189 190 0.016
274 190 0.0026
145 191 0.0073
160 191 0.0006
192 191 0.0112
277 191 0.0019
191 192 0.0112
193 192 0.0063
277 192 0.002
192 193 0.0063
194 193 0.0132
1527 193 0.0096
193 194 0.0132
195 194 0.003
280 194 0.0024
194 195 0.003
149 196 0.0143
197 196 0.0103
206 196 0.0067
196 197 0.0103
198 197 0.0053
208 197 0.0079
197 198 0.0053
208 198 0.0083
280 198 0.0005
1527 198 0.0018
149 199 0.0019
147 200 0.0096
160 200 0.0155
1529 200 0.0099
86 201 0.0027
137 201 0.0345
204 201 0.0112
152 202 0.0034
205 203 0.0022
206 203 0.0031
207 203 0.0023
212 203 0.0005
219 203 0.0015
86 204 0.0026
201 204 0.0112
205 204 0.0079
152 205 0.0054
203 205 0.0022
204 205 0.0079
150 206 0.0029
196 206 0.0067
203 206 0.0031
203 207 0.0023
208 207 0.0161
209 207 0.0054
197 208 0.0079
198 208 0.0083
207 208 0.0161
210 208 0.0152
207 209 0.0054
210 209 0.0055
212 209 0.0006
208 210 0.0152
209 210 0.0055
211 210 0.0021
210 211 0.0021
284 211 0.0055
288 211 0.0114
203 212 0.0005
209 212 0.0006
213 212 0.0013
215 212 0.0006
212 213 0.0013
214 213 0.0051
294 213 0.0044
213 214 0.0051
294 214 0.0114
295 214 0.0012
212 215 0.0006
216 215 0.0094
241 215 0.0099
290 215 0.0052
1356 215 0.0045
215 216 0.0094
217 216 0.0117
228 216 0.0025
216 217 0.0117
227 217 0.005
239 217 0.0123
83 218 0.0036
229 218 0.0123
239 218 0.0159
203 219 0.0015
78 220 0.0029
221 220 0.0128
243 220 0.003
220 221 0.0128
222 221 0.0016
225 221 0.0063
229 221 0.0066
221 222 0.0016
223 222 0.002
224 222 0.0022
222 223 0.002
222 224 0.0022
297 224 0.0029
305 224 0.0086
221 225 0.0063
226 225 0.0012
243 225 0.0102
225 226 0.0012
217 227 0.005
216 228 0.0025
218 229 0.0123
221 229 0.0066
230 229 0.001
229 230 0.001
138 231 0.0105
140 231 0.0477
154 231 0.0053
1479 231 0.051
83 232 0.0149
84 232 0.0111
85 232 0.0178
4 233 0.0048
73 233 0.0399
1473 233 0.0399
1480 233 0.0413
1484 233 0.0172
235 234 0.0046
244 234 0.0017
1485 234 0.0077
1486 234 0.0466
234 235 0.0046
254 235 0.0016
257 235 0.0038
74 236 0.0014
78 236 0.0027
237 236 0.0052
236 237 0.0052
238 237 0.0098
242 237 0.0053
1473 237 0.0037
237 238 0.0098
1480 238 0.004
1482 238 0.0067
1485 238 0.006
217 239 0.0123
218 239 0.0159
240 239 0.0076
239 240 0.0076
241 240 0.005
1355 240 0.002
215 241 0.0099
240 241 0.005
1356 241 0.0049
237 242 0.0053
243 242 0.0014
1485 242 0.0092
220 243 0.003
225 243 0.0102
242 243 0.0014
234 244 0.0017
245 244 0.0027
246 244 0.0019
244 245 0.0027
244 246 0.0019
86 247 0.0035
153 247 0.0022
248 247 0.0041
83 248 0.008
153 248 0.0007
247 248 0.0041
252 249 0.0006
254 249 0.0019
1486 249 0.0031
66 250 0.0016
252 251 0.0057
253 251 0.0298
1498 251 0.0021
249 252 0.0006
251 252 0.0057
253 252 0.0129
355 252 0.001
69 253 0.0025
71 253 0.0027
251 253 0.0298
252 253 0.0129
235 254 0.0016
249 254 0.0019
255 254 0.0035
254 255 0.0035
256 255 0.0032
258 255 0.0016
336 255 0.0325
255 256 0.0032
235 257 0.0038
258 257 0.0229
261 257 0.0039
255 258 0.0016
257 258 0.0229
259 258 0.0061
258 259 0.0061
260 259 0.0048
327 259 0.01
334 259 0.0031
259 260 0.0048
257 261 0.0039
262 261 0.0194
263 261 0.007
307 261 0.0018
261 262 0.0194
312 262 0.0072
315 262 0.0047
261 263 0.007
36 264 0.011
37 264 0.004
75 264 0.0023
87 264 0.021
1466 264 0.0127
131 265 0.0592
134 265 0.0011
1466 265 0.0116
35 266 0.0085
586 266 0.0102
1466 266 0.0158
578 267 0.0053
603 267 0.0033
1466 267 0.0157
186 268 0.0015
269 268 0.0047
271 268 0.0009
268 269 0.0047
270 269 0.0026
271 269 0.0015
180 270 0.0015
182 270 0.0045
269 270 0.0026
268 271 0.0009
269 271 0.0015
1381 271 0.0045
186 272 0.0021
187 272 0.0109
188 272 0.0031
1376 272 0.0013
189 273 0.0007
190 274 0.0026
275 274 0.0074
1374 274 0.0034
274 275 0.0074
168 276 0.0003
279 276 0.0082
1369 276 0.0025
1374 276 0.003
191 277 0.0019
192 277 0.002
278 277 0.0011
277 278 0.0011
279 278 0.0083
281 278 0.0087
276 279 0.0082
278 279 0.0083
1366 279 0.0019
194 280 0.0024
198 280 0.0005
281 280 0.0033
1527 280 0.0093
278 281 0.0087
280 281 0.0033
282 281 0.0121
286 281 0.0063
287 281 0.003
281 282 0.0121
283 282 0.0069
1366 282 0.0048
282 283 0.0069
211 284 0.0055
285 284 0.0038
287 284 0.0042
289 284 0.0101
284 285 0.0038
286 285 0.0026
289 285 0.0107
281 286 0.0063
285 286 0.0026
287 286 0.0037
1366 286 0.0235
281 287 0.003
284 287 0.0042
286 287 0.0037
211 288 0.0114
289 288 0.0027
1360 288 0.0079
284 289 0.0101
285 289 0.0107
288 289 0.0027
1361 289 0.0014
215 290 0.0052
291 290 0.01
292 290 0.0016
290 291 0.01
290 292 0.0016
293 292 0.0031
296 292 0.0031
292 293 0.0031
294 293 0.004
298 293 0.0012
213 294 0.0044
214 294 0.0114
293 294 0.004
214 295 0.0012
292 296 0.0031
224 297 0.0029
293 298 0.0012
299 298 0.0039
301 298 0.0057
298 299 0.0039
300 299 0.0073
1352 299 0.0095
1353 299 0.0103
299 300 0.0073
310 300 0.0014
1346 300 0.0028
1352 300 0.0061
298 301 0.0057
302 301 0.0068
304 301 0.0069
1353 301 0.0097
301 302 0.0068
303 302 0.0046
1352 302 0.0197
1353 302 0.01
1354 302 0.0012
302 303 0.0046
301 304 0.0069
224 305 0.0086
306 305 0.002
307 305 0.0029
305 306 0.002
261 307 0.0018
305 307 0.0029
308 307 0.0056
315 307 0.0082
307 308 0.0056
309 308 0.0034
316 308 0.0037
308 309 0.0034
310 309 0.002
311 309 0.0067
300 310 0.0014
309 310 0.002
1341 310 0.0014
309 311 0.0067
262 312 0.0072
313 312 0.0112
323 312 0.0017
312 313 0.0112
314 313 0.0021
320 313 0.0011
313 314 0.0021
262 315 0.0047
307 315 0.0082
316 315 0.0105
308 316 0.0037
315 316 0.0105
317 316 0.0034
316 317 0.0034
318 317 0.0035
321 317 0.0014
317 318 0.0035
319 318 0.0112
324 318 0.0103
318 319 0.0112
324 319 0.0116
339 319 0.0131
1324 319 0.0055
1340 319 0.0014
313 320 0.0011
317 321 0.0014
322 321 0.0036
1340 321 0.0057
321 322 0.0036
1340 322 0.0047
1343 322 0.0102
1344 322 0.0116
312 323 0.0017
318 324 0.0103
319 324 0.0116
325 324 0.0071
324 325 0.0071
326 325 0.0159
1324 325 0.01
325 326 0.0159
332 326 0.0033
1310 326 0.0045
1318 326 0.0206
1323 326 0.0062
1324 326 0.0057
259 327 0.01
328 327 0.0048
333 327 0.0035
327 328 0.0048
329 328 0.002
332 328 0.0011
328 329 0.002
330 329 0.002
331 329 0.0021
329 330 0.002
329 331 0.0021
326 332 0.0033
328 332 0.0011
1310 332 0.0102
1316 332 0.0043
327 333 0.0035
259 334 0.0031
335 334 0.0033
336 334 0.0001
334 335 0.0033
338 335 0.0033
341 335 0.025
255 336 0.0325
334 336 0.0001
337 336 0.0172
350 336 0.0048
336 337 0.0172
338 337 0.0201
348 337 0.0028
335 338 0.0033
337 338 0.0201
354 338 0.0011
319 339 0.0131
340 339 0.0015
1328 339 0.0405
339 340 0.0015
1323 340 0.0173
1325 340 0.0023
335 341 0.025
342 341 0.0088
344 341 0.0047
346 341 0.0025
341 342 0.0088
343 342 0.0103
344 342 0.0171
346 342 0.0034
342 343 0.0103
347 343 0.0099
1282 343 0.0313
341 344 0.0047
342 344 0.0171
345 344 0.0004
344 345 0.0004
341 346 0.0025
342 346 0.0034
347 346 0.006
343 347 0.0099
346 347 0.006
1282 347 0.0078
1284 347 0.0044
337 348 0.0028
349 348 0.0011
351 348 0.0034
348 349 0.0011
354 349 0.0026
360 349 0.0005
336 350 0.0048
351 350 0.013
352 350 0.0082
348 351 0.0034
350 351 0.013
352 351 0.0102
350 352 0.0082
351 352 0.0102
353 352 0.0008
352 353 0.0008
338 354 0.0011
349 354 0.0026
1272 354 0.0016
252 355 0.001
356 355 0.0022
363 355 0.0034
355 356 0.0022
357 356 0.007
360 356 0.0069
356 357 0.007
358 357 0.0035
361 357 0.0059
363 357 0.0011
357 358 0.0035
359 358 0.0018
361 358 0.0021
362 358 0.0015
358 359 0.0018
349 360 0.0005
356 360 0.0069
361 360 0.008
357 361 0.0059
358 361 0.0021
360 361 0.008
358 362 0.0015
355 363 0.0034
357 363 0.0011
364 363 0.0044
363 364 0.0044
365 364 0.0034
367 364 0.0023
364 365 0.0034
366 365 0.0028
367 365 0.005
365 366 0.0028
364 367 0.0023
365 367 0.005
368 367 0.003
367 368 0.003
69 369 0.0047
370 369 0.0023
371 369 0.0064
369 370 0.0023
369 371 0.0064
14 372 0.0085
18 372 0.0214
34 372 0.0161
386 372 0.0086
14 373 0.0213
374 373 0.0039
381 373 0.0106
67 374 0.0051
373 374 0.0039
375 374 0.0142
374 375 0.0142
376 375 0.0148
381 375 0.002
385 375 0.0113
69 376 0.001
375 376 0.0148
377 376 0.0056
380 376 0.0035
385 376 0.0152
376 377 0.0056
378 377 0.0036
383 377 0.0032
385 377 0.0093
377 378 0.0036
379 378 0.0034
949 378 0.005
378 379 0.0034
398 379 0.0042
914 379 0.0024
915 379 0.008
950 379 0.0122
1472 379 0.0223
67 380 0.0086
68 380 0.0194
376 380 0.0035
373 381 0.0106
375 381 0.002
382 381 0.0176
381 382 0.0176
383 382 0.0103
384 382 0.0027
377 383 0.0032
382 383 0.0103
384 383 0.0165
387 383 0.0129
894 383 0.0127
382 384 0.0027
383 384 0.0165
385 384 0.0059
375 385 0.0113
376 385 0.0152
377 385 0.0093
384 385 0.0059
34 386 0.0073
372 386 0.0086
387 386 0.0037
383 387 0.0129
386 387 0.0037
401 387 0.0156
34 388 0.0537
389 388 0.0041
393 388 0.0195
388 389 0.0041
390 389 0.0203
399 389 0.0153
389 390 0.0203
391 390 0.0152
400 390 0.0058
390 391 0.0152
392 391 0.0158
397 391 0.0058
391 392 0.0158
397 392 0.0043
398 392 0.0032
388 393 0.0195
394 393 0.0096
395 393 0.0023
393 394 0.0096
396 394 0.1022
859 394 0.0221
393 395 0.0023
396 395 0.0099
397 395 0.0092
394 396 0.1022
395 396 0.0099
906 396 0.0065
391 397 0.0058
392 397 0.0043
395 397 0.0092
398 397 0.0129
379 398 0.0042
392 398 0.0032
397 398 0.0129
913 398 0.01
950 398 0.0067
389 399 0.0153
400 399 0.0102
401 399 0.0062
390 400 0.0058
399 400 0.0102
401 400 0.0083
894 400 0.0082
387 401 0.0156
399 401 0.0062
400 401 0.0083
413 402 0.0442
451 402 0.0024
457 402 0.041
464 402 0.0527
527 402 0.0203
1466 402 0.0117
474 403 0.0081
475 403 0.017
1466 403 0.0152
408 404 0.0185
472 404 0.0151
473 404 0.0107
1466 404 0.0156
406 405 0.0044
465 405 0.003
467 405 0.0019
107 406 0.0047
405 406 0.0044
465 406 0.0085
408 407 0.0485
471 407 0.0053
1466 407 0.0098
404 408 0.0185
407 408 0.0485
415 408 0.0065
410 409 0.0051
417 409 0.003
419 409 0.009
409 410 0.0051
412 411 0.0149
611 411 0.0089
612 411 0.0117
411 412 0.0149
413 412 0.0055
425 412 0.0028
402 413 0.0442
412 413 0.0055
608 413 0.0113
610 413 0.0025
1466 414 0.0042
408 415 0.0065
425 416 0.0078
409 417 0.003
418 417 0.0031
420 417 0.0043
417 418 0.0031
614 418 0.0137
618 418 0.0042
409 419 0.009
420 419 0.0191
421 419 0.0115
428 419 0.003
417 420 0.0043
419 420 0.0191
426 420 0.0033
419 421 0.0115
422 421 0.0072
483 421 0.0184
421 422 0.0072
423 422 0.0176
435 422 0.0405
483 422 0.0137
613 422 0.0093
422 423 0.0176
611 423 0.009
612 423 0.0119
613 423 0.0163
425 424 0.005
412 425 0.0028
416 425 0.0078
424 425 0.005
420 426 0.0033
427 426 0.0038
1384 426 0.0013
426 427 0.0038
419 428 0.003
429 428 0.0037
436 428 0.0019
428 429 0.0037
430 429 0.0041
431 429 0.0035
489 429 0.0028
429 430 0.0041
429 431 0.0035
433 432 0.0031
435 432 0.0197
436 432 0.0327
438 432 0.0083
432 433 0.0031
434 433 0.0073
439 433 0.004
433 434 0.0073
422 435 0.0405
432 435 0.0197
436 435 0.0197
428 436 0.0019
432 436 0.0327
435 436 0.0197
437 436 0.0063
484 436 0.0025
436 437 0.0063
484 437 0.0081
485 437 0.0059
432 438 0.0083
433 439 0.004
440 439 0.0017
622 439 0.004
439 440 0.0017
442 441 0.0053
449 441 0.0046
450 441 0.0018
441 442 0.0053
443 442 0.0374
621 442 0.0091
442 443 0.0374
446 443 0.0219
621 443 0.0082
623 443 0.012
445 444 0.0036
621 444 0.0061
623 444 0.012
444 445 0.0036
619 445 0.0072
1391 445 0.0031
1392 445 0.0008
1393 445 0.0034
443 446 0.0219
447 446 0.011
1523 446 0.0079
446 447 0.011
458 447 0.0049
624 447 0.0033
449 448 0.013
453 448 0.0052
620 448 0.0085
1523 448 0.0224
441 449 0.0046
448 449 0.013
452 449 0.0035
441 450 0.0018
451 450 0.0048
608 450 0.0036
402 451 0.0024
450 451 0.0048
452 451 0.0022
449 452 0.0035
451 452 0.0022
453 452 0.0062
448 453 0.0052
452 453 0.0062
454 453 0.0136
453 454 0.0136
455 454 0.0389
456 454 0.0084
458 454 0.0047
620 454 0.0066
454 455 0.0389
456 455 0.0231
496 455 0.0017
1522 455 0.0216
454 456 0.0084
455 456 0.0231
457 456 0.0072
402 457 0.041
456 457 0.0072
464 457 0.0484
1522 457 0.0026
447 458 0.0049
454 458 0.0047
620 458 0.0097
1522 459 0.0046
461 460 0.0379
497 460 0.025
626 460 0.0402
460 461 0.0379
499 461 0.0192
627 461 0.0169
1508 461 0.0397
500 462 0.0111
627 462 0.0257
1505 462 0.0325
1508 462 0.0596
1510 462 0.0621
464 463 0.054
499 463 0.0038
508 463 0.0324
531 463 0.0386
1505 463 0.0362
402 464 0.0527
457 464 0.0484
463 464 0.054
526 464 0.0542
405 465 0.003
406 465 0.0085
466 465 0.0027
465 466 0.0027
467 466 0.0011
468 466 0.0021
405 467 0.0019
466 467 0.0011
468 467 0.0072
466 468 0.0021
467 468 0.0072
469 468 0.0089
468 469 0.0089
470 469 0.0057
1524 469 0.0109
469 470 0.0057
407 471 0.0053
404 472 0.0151
404 473 0.0107
403 474 0.0081
606 474 0.0059
607 474 0.0097
1466 474 0.0071
403 475 0.017
477 476 0.001
479 476 0.0019
481 476 0.0017
1524 476 0.0181
1525 476 0.0211
476 477 0.001
182 478 0.002
476 479 0.0019
480 479 0.0023
481 479 0.0057
479 480 0.0023
476 481 0.0017
479 481 0.0057
482 481 0.001
481 482 0.001
421 483 0.0184
422 483 0.0137
613 483 0.019
436 484 0.0025
437 484 0.0081
485 484 0.0072
437 485 0.0059
484 485 0.0072
486 485 0.009
485 486 0.009
487 486 0.0091
493 486 0.0149
486 487 0.0091
488 487 0.0017
490 487 0.0022
487 488 0.0017
429 489 0.0028
490 489 0.0061
492 489 0.0029
487 490 0.0022
489 490 0.0061
491 490 0.004
490 491 0.004
489 492 0.0029
486 493 0.0149
494 493 0.0053
1391 493 0.0009
493 494 0.0053
495 494 0.0027
1387 494 0.0019
494 495 0.0027
455 496 0.0017
460 497 0.025
498 497 0.0079
626 497 0.0234
497 498 0.0079
630 498 0.0052
638 498 0.0454
667 498 0.0209
461 499 0.0192
463 499 0.0038
1522 499 0.0125
462 500 0.0111
501 500 0.0093
502 500 0.0185
503 500 0.0083
626 500 0.0133
500 501 0.0093
500 502 0.0185
503 502 0.0056
1510 502 0.0167
500 503 0.0083
502 503 0.0056
504 503 0.0047
1517 503 0.0169
1518 503 0.03
503 504 0.0047
505 504 0.0024
628 504 0.006
504 505 0.0024
706 505 0.0116
710 505 0.0009
748 505 0.0013
512 506 0.0066
513 506 0.0021
682 506 0.0133
1511 506 0.0037
1511 507 0.0046
463 508 0.0324
509 508 0.0195
531 508 0.0289
508 509 0.0195
510 509 0.006
530 509 0.0106
509 510 0.006
1513 510 0.0122
1516 510 0.0646
1519 510 0.0747
512 511 0.0119
519 511 0.0047
524 511 0.0269
1513 511 0.0831
506 512 0.0066
511 512 0.0119
513 512 0.0063
514 512 0.0349
519 512 0.0096
506 513 0.0021
512 513 0.0063
568 513 0.0501
683 513 0.0021
710 513 0.0682
759 513 0.0068
766 513 0.0073
512 514 0.0349
543 514 0.0642
568 514 0.0246
532 515 0.0286
557 515 0.0254
565 515 0.0548
589 515 0.0747
1466 515 0.0123
517 516 0.0244
521 516 0.05
524 516 0.0056
528 516 0.0212
556 516 0.0296
1466 516 0.0103
516 517 0.0244
518 517 0.0109
520 517 0.0065
556 517 0.0248
517 518 0.0109
519 518 0.0041
546 518 0.0161
553 518 0.0158
555 518 0.0224
511 519 0.0047
512 519 0.0096
518 519 0.0041
517 520 0.0065
516 521 0.05
522 521 0.0193
525 521 0.0194
1466 521 0.0086
521 522 0.0193
523 522 0.0209
525 522 0.0119
522 523 0.0209
524 523 0.0087
530 523 0.0031
511 524 0.0269
516 524 0.0056
523 524 0.0087
1513 524 0.0204
521 525 0.0194
522 525 0.0119
527 525 0.0684
1466 525 0.0083
464 526 0.0542
527 526 0.0756
529 526 0.032
531 526 0.0672
402 527 0.0203
525 527 0.0684
526 527 0.0756
516 528 0.0212
540 528 0.0179
556 528 0.0266
1466 528 0.0108
526 529 0.032
530 529 0.0378
531 529 0.0256
509 530 0.0106
523 530 0.0031
529 530 0.0378
463 531 0.0386
508 531 0.0289
526 531 0.0672
529 531 0.0256
515 532 0.0286
533 532 0.0497
540 532 0.041
552 532 0.0344
554 532 0.0294
532 533 0.0497
534 533 0.0181
540 533 0.0285
550 533 0.0059
533 534 0.0181
535 534 0.0158
548 534 0.0074
534 535 0.0158
536 535 0.0086
538 535 0.0102
535 536 0.0086
542 536 0.0147
988 536 0.0166
538 537 0.0057
539 537 0.0087
798 537 0.0052
799 537 0.0052
988 537 0.0156
535 538 0.0102
537 538 0.0057
539 538 0.0046
981 538 0.0071
988 538 0.013
537 539 0.0087
538 539 0.0046
549 539 0.0156
528 540 0.0179
532 540 0.041
533 540 0.0285
541 540 0.037
547 540 0.0021
540 541 0.037
542 541 0.0156
545 541 0.0205
536 542 0.0147
541 542 0.0156
543 542 0.0227
988 542 0.0068
514 543 0.0642
542 543 0.0227
544 543 0.0023
568 543 0.021
543 544 0.0023
545 544 0.026
985 544 0.0072
986 544 0.0136
987 544 0.0193
541 545 0.0205
544 545 0.026
546 545 0.0132
554 545 0.0056
518 546 0.0161
545 546 0.0132
555 546 0.0161
540 547 0.0021
568 547 0.0068
988 547 0.0091
534 548 0.0074
550 548 0.0232
981 548 0.0086
539 549 0.0156
762 549 0.0201
797 549 0.0401
798 549 0.0102
981 549 0.0139
533 550 0.0059
548 550 0.0232
551 550 0.0181
559 550 0.0118
1468 550 0.081
550 551 0.0181
796 551 0.0274
797 551 0.023
1468 551 0.0389
532 552 0.0344
553 552 0.0059
556 552 0.0331
518 553 0.0158
552 553 0.0059
556 553 0.0107
532 554 0.0294
545 554 0.0056
555 554 0.0354
518 555 0.0224
546 555 0.0161
554 555 0.0354
516 556 0.0296
517 556 0.0248
528 556 0.0266
552 556 0.0331
553 556 0.0107
515 557 0.0254
558 557 0.0383
566 557 0.0234
557 558 0.0383
559 558 0.0274
566 558 0.0357
550 559 0.0118
558 559 0.0274
567 559 0.0215
561 560 0.0136
795 560 0.0089
796 560 0.0118
810 560 0.0074
980 560 0.0057
1468 560 0.0256
560 561 0.0136
562 561 0.0091
810 561 0.0109
561 562 0.0091
563 562 0.0065
800 562 0.0084
811 562 0.0125
562 563 0.0065
564 563 0.0231
566 563 0.0261
567 563 0.0164
569 563 0.0213
573 563 0.0398
811 563 0.0078
980 563 0.0091
563 564 0.0231
565 564 0.0347
572 564 0.0482
515 565 0.0548
564 565 0.0347
571 565 0.0479
594 565 0.0564
557 566 0.0234
558 566 0.0357
563 566 0.0261
567 566 0.0179
559 567 0.0215
563 567 0.0164
566 567 0.0179
513 568 0.0501
514 568 0.0246
543 568 0.021
547 568 0.0068
760 568 0.0163
766 568 0.0075
563 569 0.0213
570 569 0.0142
573 569 0.0181
801 569 0.0058
802 569 0.0111
569 570 0.0142
575 570 0.033
802 570 0.0332
983 570 0.0142
565 571 0.0479
572 571 0.0303
576 571 0.0217
594 571 0.0457
564 572 0.0482
571 572 0.0303
573 572 0.0635
563 573 0.0398
569 573 0.0181
572 573 0.0635
574 573 0.0104
573 574 0.0104
575 574 0.0278
982 574 0.0197
570 575 0.033
574 575 0.0278
982 575 0.0198
571 576 0.0217
577 576 0.0254
594 576 0.0121
576 577 0.0254
267 578 0.0053
579 578 0.0241
588 578 0.0122
578 579 0.0241
580 579 0.0065
583 579 0.0073
588 579 0.0187
579 580 0.0065
581 580 0.0111
583 580 0.0532
596 580 0.0375
599 580 0.0424
580 581 0.0111
582 581 0.0276
583 581 0.0149
596 581 0.0292
581 582 0.0276
584 582 0.009
600 582 0.0057
579 583 0.0073
580 583 0.0532
581 583 0.0149
584 583 0.0437
582 584 0.009
583 584 0.0437
585 584 0.0294
584 585 0.0294
587 585 0.002
818 585 0.0156
266 586 0.0102
587 586 0.0123
588 586 0.0228
585 587 0.002
586 587 0.0123
588 587 0.0134
578 588 0.0122
579 588 0.0187
586 588 0.0228
587 588 0.0134
1466 588 0.0062
515 589 0.0747
590 589 0.0429
594 589 0.0524
1466 589 0.0119
589 590 0.0429
591 590 0.0224
594 590 0.0522
595 590 0.0282
597 590 0.0397
605 590 0.0768
590 591 0.0224
592 591 0.0088
602 591 0.0291
591 592 0.0088
593 592 0.0082
601 592 0.0236
602 592 0.0208
982 592 0.0218
592 593 0.0082
806 593 0.003
982 593 0.0082
983 593 0.0106
565 594 0.0564
571 594 0.0457
576 594 0.0121
589 594 0.0524
590 594 0.0522
590 595 0.0282
596 595 0.0662
601 595 0.0278
580 596 0.0375
581 596 0.0292
595 596 0.0662
601 596 0.018
590 597 0.0397
598 597 0.0672
605 597 0.0792
597 598 0.0672
599 598 0.042
603 598 0.0071
604 598 0.0184
580 599 0.0424
598 599 0.042
603 599 0.0059
582 600 0.0057
602 600 0.0017
806 600 0.0041
592 601 0.0236
595 601 0.0278
596 601 0.018
602 601 0.0227
591 602 0.0291
592 602 0.0208
600 602 0.0017
601 602 0.0227
267 603 0.0033
598 603 0.0071
599 603 0.0059
598 604 0.0184
605 604 0.0278
1466 604 0.0094
590 605 0.0768
597 605 0.0792
604 605 0.0278
474 606 0.0059
474 607 0.0097
413 608 0.0113
450 608 0.0036
609 608 0.0032
608 609 0.0032
413 610 0.0025
411 611 0.0089
423 611 0.009
612 611 0.0138
411 612 0.0117
423 612 0.0119
611 612 0.0138
613 612 0.0165
422 613 0.0093
423 613 0.0163
483 613 0.019
612 613 0.0165
418 614 0.0137
615 614 0.0058
616 614 0.0017
617 614 0.0043
614 615 0.0058
614 616 0.0017
614 617 0.0043
418 618 0.0042
445 619 0.0072
1393 619 0.0066
1396 619 0.0057
448 620 0.0085
454 620 0.0066
458 620 0.0097
1523 620 0.0116
442 621 0.0091
443 621 0.0082
444 621 0.0061
622 621 0.0057
1390 621 0.0084
439 622 0.004
621 622 0.0057
1390 622 0.0197
443 623 0.012
444 623 0.012
624 623 0.0125
447 624 0.0033
623 624 0.0125
625 624 0.0084
624 625 0.0084
460 626 0.0402
497 626 0.0234
500 626 0.0133
627 626 0.014
461 627 0.0169
462 627 0.0257
626 627 0.014
1508 627 0.013
504 628 0.006
1512 628 0.0079
1518 628 0.006
630 629 0.0161
498 630 0.0052
629 630 0.0161
631 630 0.0093
630 631 0.0093
632 631 0.003
634 631 0.0111
631 632 0.003
633 632 0.0043
989 632 0.0041
632 633 0.0043
631 634 0.0111
635 634 0.0042
636 634 0.0035
634 635 0.0042
634 636 0.0035
637 636 0.003
989 636 0.0024
636 637 0.003
498 638 0.0454
639 638 0.0359
640 638 0.0128
638 639 0.0359
640 639 0.0285
642 639 0.0204
638 640 0.0128
639 640 0.0285
641 640 0.0021
640 641 0.0021
650 641 0.0045
992 641 0.0001
639 642 0.0204
643 642 0.0322
679 642 0.0066
680 642 0.0077
642 643 0.0322
644 643 0.026
652 643 0.0149
643 644 0.026
645 644 0.0068
648 644 0.0154
644 645 0.0068
648 645 0.0233
650 645 0.0025
994 645 0.0054
647 646 0.0021
684 646 0.005
994 646 0.0185
646 647 0.0021
644 648 0.0154
645 648 0.0233
649 648 0.0033
648 649 0.0033
641 650 0.0045
645 650 0.0025
993 650 0.0014
995 651 0.0011
643 652 0.0149
653 652 0.0211
660 652 0.0096
690 652 0.0125
652 653 0.0211
654 653 0.0135
663 653 0.0243
693 653 0.0126
653 654 0.0135
655 654 0.024
662 654 0.0135
663 654 0.0188
666 654 0.0152
654 655 0.024
656 655 0.0168
694 655 0.0127
655 656 0.0168
657 656 0.0121
694 656 0.0183
695 656 0.0076
656 657 0.0121
658 657 0.0056
689 657 0.0026
1004 657 0.0028
657 658 0.0056
659 658 0.0064
665 658 0.0104
658 659 0.0064
665 659 0.013
686 659 0.0026
997 659 0.0073
652 660 0.0096
661 660 0.0101
663 660 0.0106
660 661 0.0101
662 661 0.0074
663 661 0.0168
654 662 0.0135
661 662 0.0074
664 662 0.0038
666 662 0.0082
653 663 0.0243
654 663 0.0188
660 663 0.0106
661 663 0.0168
662 664 0.0038
665 664 0.0039
666 664 0.0128
658 665 0.0104
659 665 0.013
664 665 0.0039
654 666 0.0152
662 666 0.0082
664 666 0.0128
498 667 0.0209
668 667 0.0354
680 667 0.0052
667 668 0.0354
669 668 0.0053
671 668 0.0061
674 668 0.0082
680 668 0.0062
668 669 0.0053
670 669 0.0107
706 669 0.0202
711 669 0.0039
669 670 0.0107
671 670 0.0049
719 670 0.0143
668 671 0.0061
670 671 0.0049
672 671 0.0055
681 671 0.0221
720 671 0.0269
671 672 0.0055
673 672 0.004
703 672 0.0055
672 673 0.004
704 673 0.0022
715 673 0.0126
1530 673 0.0025
668 674 0.0082
675 674 0.0062
681 674 0.0252
702 674 0.0059
674 675 0.0062
676 675 0.014
679 675 0.0101
702 675 0.0276
675 676 0.014
679 676 0.004
698 676 0.0331
702 676 0.012
697 677 0.0157
698 677 0.0204
701 677 0.0235
691 678 0.0024
699 678 0.0066
701 678 0.0127
642 679 0.0066
675 679 0.0101
676 679 0.004
680 679 0.0055
642 680 0.0077
667 680 0.0052
668 680 0.0062
679 680 0.0055
671 681 0.0221
674 681 0.0252
703 681 0.007
506 682 0.0133
513 683 0.0021
646 684 0.005
685 684 0.0026
688 684 0.0019
684 685 0.0026
686 685 0.0061
997 685 0.0083
659 686 0.0026
685 686 0.0061
687 686 0.0028
997 686 0.0056
686 687 0.0028
684 688 0.0019
657 689 0.0026
652 690 0.0125
691 690 0.0113
693 690 0.0122
697 690 0.0314
678 691 0.0024
690 691 0.0113
692 691 0.0027
695 691 0.0042
691 692 0.0027
653 693 0.0126
690 693 0.0122
694 693 0.0066
695 693 0.0043
655 694 0.0127
656 694 0.0183
693 694 0.0066
656 695 0.0076
691 695 0.0042
693 695 0.0043
696 695 0.0028
695 696 0.0028
677 697 0.0157
690 697 0.0314
698 697 0.0153
676 698 0.0331
677 698 0.0204
697 698 0.0153
699 698 0.0127
678 699 0.0066
698 699 0.0127
700 699 0.0119
701 699 0.0064
703 699 0.0088
699 700 0.0119
677 701 0.0235
678 701 0.0127
699 701 0.0064
674 702 0.0059
675 702 0.0276
676 702 0.012
703 702 0.0534
672 703 0.0055
681 703 0.007
699 703 0.0088
702 703 0.0534
673 704 0.0022
1001 704 0.0029
1002 704 0.0066
737 705 0.0105
998 705 0.0042
1530 705 0.0206
505 706 0.0116
669 706 0.0202
707 706 0.0084
706 707 0.0084
708 707 0.0119
724 707 0.0158
748 707 0.012
707 708 0.0119
709 708 0.0185
724 708 0.0237
748 708 0.0102
708 709 0.0185
710 709 0.0423
726 709 0.0094
748 709 0.0038
505 710 0.0009
513 710 0.0682
709 710 0.0423
748 710 0.0033
749 710 0.0112
669 711 0.0039
712 711 0.0131
722 711 0.009
723 711 0.0057
724 711 0.0058
711 712 0.0131
713 712 0.0109
723 712 0.0082
712 713 0.0109
714 713 0.0165
723 713 0.0108
725 713 0.0083
735 713 0.0073
713 714 0.0165
715 714 0.0221
723 714 0.0085
673 715 0.0126
714 715 0.0221
716 715 0.0102
715 716 0.0102
717 716 0.0062
723 716 0.006
716 717 0.0062
718 717 0.0124
720 717 0.0054
717 718 0.0124
719 718 0.0074
720 718 0.0083
722 718 0.0107
670 719 0.0143
718 719 0.0074
720 719 0.0106
671 720 0.0269
717 720 0.0054
718 720 0.0083
719 720 0.0106
722 721 0.0091
711 722 0.009
718 722 0.0107
721 722 0.0091
723 722 0.0119
711 723 0.0057
712 723 0.0082
713 723 0.0108
714 723 0.0085
716 723 0.006
722 723 0.0119
707 724 0.0158
708 724 0.0237
711 724 0.0058
725 724 0.0155
713 725 0.0083
724 725 0.0155
735 725 0.0054
709 726 0.0094
727 726 0.0063
731 726 0.0196
726 727 0.0063
728 727 0.0029
735 727 0.0051
727 728 0.0029
730 728 0.0037
1530 728 0.0077
1530 729 0.0095
728 730 0.0037
726 731 0.0196
732 731 0.0486
741 731 0.0055
750 731 0.0069
731 732 0.0486
733 732 0.0185
745 732 0.0169
732 733 0.0185
734 733 0.002
736 733 0.0052
733 734 0.002
713 735 0.0073
725 735 0.0054
727 735 0.0051
733 736 0.0052
737 736 0.0088
738 736 0.0128
705 737 0.0105
736 737 0.0088
738 737 0.0099
736 738 0.0128
737 738 0.0099
1531 738 0.0062
740 739 0.0129
998 739 0.0056
1531 739 0.0263
739 740 0.0129
1010 740 0.0074
1022 740 0.0037
731 741 0.0055
742 741 0.0063
743 741 0.0017
744 741 0.0045
750 741 0.0024
741 742 0.0063
741 743 0.0017
741 744 0.0045
732 745 0.0169
746 745 0.0062
1531 745 0.0037
745 746 0.0062
747 746 0.0025
1427 746 0.0009
746 747 0.0025
505 748 0.0013
707 748 0.012
708 748 0.0102
709 748 0.0038
710 748 0.0033
710 749 0.0112
750 749 0.0115
751 749 0.0079
731 750 0.0069
741 750 0.0024
749 750 0.0115
749 751 0.0079
752 751 0.0067
759 751 0.0028
751 752 0.0067
753 752 0.0048
755 752 0.0082
768 752 0.0036
752 753 0.0048
756 753 0.0175
768 753 0.0152
759 754 0.0117
766 754 0.0077
768 754 0.0111
774 754 0.0031
752 755 0.0082
756 755 0.0086
757 755 0.0058
780 755 0.0087
753 756 0.0175
755 756 0.0086
757 756 0.0036
780 756 0.0058
755 757 0.0058
756 757 0.0036
758 757 0.0012
757 758 0.0012
513 759 0.0068
751 759 0.0028
754 759 0.0117
568 760 0.0163
761 760 0.0058
799 760 0.0045
760 761 0.0058
762 761 0.0146
767 761 0.0219
769 761 0.0192
799 761 0.0092
549 762 0.0201
761 762 0.0146
763 762 0.0245
762 763 0.0245
764 763 0.025
773 763 0.0119
790 763 0.0258
797 763 0.0211
763 764 0.025
765 764 0.0215
790 764 0.0148
796 764 0.0225
764 765 0.0215
792 765 0.0102
795 765 0.0087
809 765 0.0044
513 766 0.0073
568 766 0.0075
754 766 0.0077
767 766 0.0053
761 767 0.0219
766 767 0.0053
768 767 0.0075
752 768 0.0036
753 768 0.0152
754 768 0.0111
767 768 0.0075
761 769 0.0192
770 769 0.0037
798 769 0.0102
769 770 0.0037
771 770 0.0035
773 770 0.0064
774 770 0.0019
770 771 0.0035
772 771 0.0044
776 771 0.0098
771 772 0.0044
773 772 0.0111
781 772 0.0103
763 773 0.0119
770 773 0.0064
772 773 0.0111
754 774 0.0031
770 774 0.0019
775 774 0.0096
774 775 0.0096
771 776 0.0098
777 776 0.0045
812 776 0.0047
776 777 0.0045
778 777 0.0052
812 777 0.0026
777 778 0.0052
779 778 0.0017
780 778 0.0001
778 779 0.0017
755 780 0.0087
756 780 0.0058
778 780 0.0001
772 781 0.0103
782 781 0.0197
812 781 0.0059
781 782 0.0197
783 782 0.0134
791 782 0.0245
792 782 0.0031
813 782 0.0109
782 783 0.0134
784 783 0.0018
787 783 0.015
783 784 0.0018
785 784 0.0038
786 784 0.0022
784 785 0.0038
784 786 0.0022
783 787 0.015
788 787 0.0037
789 787 0.0023
813 787 0.0048
787 788 0.0037
787 789 0.0023
763 790 0.0258
764 790 0.0148
791 790 0.0077
782 791 0.0245
790 791 0.0077
822 791 0.0019
765 792 0.0102
782 792 0.0031
793 792 0.0059
809 792 0.0044
792 793 0.0059
794 793 0.0036
805 793 0.0019
817 793 0.0035
793 794 0.0036
807 794 0.0042
809 794 0.0034
560 795 0.0089
765 795 0.0087
796 795 0.0137
808 795 0.0045
810 795 0.0058
551 796 0.0274
560 796 0.0118
764 796 0.0225
795 796 0.0137
797 796 0.0397
549 797 0.0401
551 797 0.023
763 797 0.0211
796 797 0.0397
537 798 0.0052
549 798 0.0102
769 798 0.0102
799 798 0.0081
537 799 0.0052
760 799 0.0045
761 799 0.0092
798 799 0.0081
562 800 0.0084
801 800 0.0161
810 800 0.0041
811 800 0.0041
569 801 0.0058
800 801 0.0161
802 801 0.0411
807 801 0.0102
569 802 0.0111
570 802 0.0332
801 802 0.0411
803 802 0.0049
984 802 0.0091
802 803 0.0049
804 803 0.0034
984 803 0.0057
803 804 0.0034
805 804 0.0015
806 804 0.0135
807 804 0.0022
793 805 0.0019
804 805 0.0015
821 805 0.0049
593 806 0.003
600 806 0.0041
804 806 0.0135
983 806 0.0028
794 807 0.0042
801 807 0.0102
804 807 0.0022
808 807 0.0017
795 808 0.0045
807 808 0.0017
809 808 0.0036
810 808 0.0069
765 809 0.0044
792 809 0.0044
794 809 0.0034
808 809 0.0036
560 810 0.0074
561 810 0.0109
795 810 0.0058
800 810 0.0041
808 810 0.0069
562 811 0.0125
563 811 0.0078
800 811 0.0041
776 812 0.0047
777 812 0.0026
781 812 0.0059
782 813 0.0109
787 813 0.0048
814 813 0.0057
813 814 0.0057
815 814 0.0053
823 814 0.0042
814 815 0.0053
816 815 0.0024
974 815 0.0057
815 816 0.0024
793 817 0.0035
585 818 0.0156
819 818 0.0042
841 818 0.0192
856 818 0.0042
973 818 0.0188
818 819 0.0042
820 819 0.0188
829 819 0.003
973 819 0.009
819 820 0.0188
821 820 0.0093
825 820 0.0093
829 820 0.0081
805 821 0.0049
820 821 0.0093
822 821 0.0076
791 822 0.0019
821 822 0.0076
823 822 0.0112
825 822 0.0056
814 823 0.0042
822 823 0.0112
824 823 0.001
823 824 0.001
820 825 0.0093
822 825 0.0056
826 825 0.0021
825 826 0.0021
827 826 0.0104
830 826 0.0044
837 826 0.0472
826 827 0.0104
828 827 0.0496
837 827 0.008
827 828 0.0496
829 828 0.0033
973 828 0.0639
819 829 0.003
820 829 0.0081
828 829 0.0033
826 830 0.0044
831 830 0.0147
833 830 0.0116
830 831 0.0147
832 831 0.0022
1452 831 0.0013
831 832 0.0022
839 832 0.0063
1053 832 0.001
1452 832 0.0013
830 833 0.0116
836 833 0.0029
1469 833 0.0072
1469 834 0.0056
1469 835 0.0069
833 836 0.0029
826 837 0.0472
827 837 0.008
838 837 0.0031
846 837 0.0135
837 838 0.0031
839 838 0.0059
972 838 0.004
832 839 0.0063
838 839 0.0059
840 839 0.002
839 840 0.002
818 841 0.0192
842 841 0.0309
855 841 0.0092
841 842 0.0309
870 842 0.0033
873 842 0.0097
844 843 0.0119
873 843 0.1034
896 843 0.0868
843 844 0.0119
845 844 0.0101
905 844 0.0048
844 845 0.0101
852 845 0.0057
905 845 0.0054
1059 845 0.0028
1063 845 0.0056
837 846 0.0135
847 846 0.0099
851 846 0.0021
873 846 0.0028
846 847 0.0099
848 847 0.0033
852 847 0.0038
953 847 0.002
847 848 0.0033
849 848 0.0054
852 848 0.0016
848 849 0.0054
850 849 0.0021
1059 849 0.0035
849 850 0.0021
846 851 0.0021
845 852 0.0057
847 852 0.0038
848 852 0.0016
853 852 0.002
852 853 0.002
53 854 0.013
64 854 0.0019
855 854 0.0077
870 854 0.0217
841 855 0.0092
854 855 0.0077
857 855 0.0217
63 856 0.0069
818 856 0.0042
857 856 0.0091
63 857 0.0055
855 857 0.0217
856 857 0.0091
53 858 0.037
870 858 0.0045
871 858 0.0191
875 858 0.0322
877 858 0.0132
394 859 0.0221
860 859 0.0015
1502 859 0.0473
859 860 0.0015
861 860 0.0276
886 860 0.0104
952 860 0.0301
860 861 0.0276
909 861 0.0432
1467 861 0.006
863 862 0.0096
871 862 0.0107
880 862 0.0127
902 862 0.0107
862 863 0.0096
864 863 0.0397
902 863 0.0112
863 864 0.0397
865 864 0.0103
866 864 0.0099
889 864 0.0143
890 864 0.0087
864 865 0.0103
866 865 0.0805
900 865 0.0151
864 866 0.0099
865 866 0.0805
867 866 0.0153
866 867 0.0153
868 867 0.0569
900 867 0.0199
867 868 0.0569
869 868 0.0297
1467 868 0.0102
868 869 0.0297
898 869 0.022
971 869 0.0259
1467 869 0.0142
842 870 0.0033
854 870 0.0217
858 870 0.0045
871 870 0.0037
858 871 0.0191
862 871 0.0107
870 871 0.0037
872 871 0.0018
877 871 0.0251
878 871 0.0123
871 872 0.0018
873 872 0.0069
899 872 0.0522
842 873 0.0097
843 873 0.1034
846 873 0.0028
872 873 0.0069
50 874 0.0163
875 874 0.0499
1501 874 0.0051
53 875 0.0499
61 875 0.0298
858 875 0.0322
874 875 0.0499
877 875 0.0065
47 876 0.0163
858 877 0.0132
871 877 0.0251
875 877 0.0065
878 877 0.0071
871 878 0.0123
877 878 0.0071
879 878 0.0069
878 879 0.0069
862 880 0.0127
881 880 0.0227
887 880 0.004
889 880 0.0067
902 880 0.0298
880 881 0.0227
882 881 0.0087
886 881 0.0034
881 882 0.0087
883 882 0.0243
886 882 0.0037
882 883 0.0243
