2 1 0.0147
59 1 0.0034
60 1 0.0034
73 1 0.0116
102 1 0.0043
107 1 0.0059
205 1 0.0063
206 1 0.0022
220 1 0.0157
221 1 0.0031
251 1 0.0138
294 1 0.0134
398 1 0.0076
402 1 0.012
407 1 0.0036
409 1 0.0081
455 1 0.0105
464 1 0.0026
466 1 0.0029
473 1 0.0151
479 1 0.002
480 1 0.0016
506 1 0.0033
514 1 0.0023
569 1 0.0072
703 1 0.0118
726 1 0.0025
727 1 0.0131
739 1 0.0077
744 1 0.0048
799 1 0.0115
806 1 0.0058
820 1 0.0065
823 1 0.0047
829 1 0.0078
832 1 0.0145
886 1 0.0048
978 1 0.0069
979 1 0.0038
980 1 0.0055
1644 1 0.0121
1645 1 0.0069
1647 1 0.0109
1 2 0.0147
3 2 0.0046
499 2 0.015
2 3 0.0046
4 3 0.0136
830 3 0.0028
3 4 0.0136
5 4 0.0376
481 4 0.0107
4 5 0.0376
6 5 0.0077
27 5 0.0273
5 6 0.0077
7 6 0.0188
17 6 0.0352
658 6 0.0055
6 7 0.0188
8 7 0.003
505 7 0.0137
666 7 0.0194
7 8 0.003
9 8 0.0088
187 8 0.0046
195 8 0.0057
8 9 0.0088
10 9 0.0072
11 9 0.006
9 10 0.0072
9 11 0.006
199 12 0.0023
658 12 0.051
660 12 0.0927
664 13 0.0674
948 13 0.0028
949 13 0.0287
1064 13 0.0046
189 14 0.0087
949 14 0.0333
954 14 0.0086
1702 14 0.0287
16 15 0.0335
1098 15 0.0031
1702 15 0.0383
15 16 0.0335
1082 16 0.0101
1092 16 0.0103
1124 16 0.0075
6 17 0.0352
18 17 0.0061
492 17 0.0051
17 18 0.0061
19 18 0.0015
22 18 0.004
18 19 0.0015
20 19 0.0045
21 19 0.0076
19 20 0.0045
19 21 0.0076
18 22 0.004
23 22 0.0024
25 22 0.0022
22 23 0.0024
24 23 0.0065
26 23 0.0045
23 24 0.0065
22 25 0.0022
26 25 0.0238
1122 25 0.0039
23 26 0.0045
25 26 0.0238
1125 26 0.0085
5 27 0.0273
28 27 0.0042
483 27 0.0103
27 28 0.0042
29 28 0.0082
1002 28 0.0071
28 29 0.0082
30 29 0.0208
148 29 0.0103
489 29 0.0404
29 30 0.0208
36 30 0.0085
1063 30 0.0016
32 31 0.0068
36 31 0.0875
40 31 0.0037
31 32 0.0068
33 32 0.025
146 32 0.0056
32 33 0.025
34 33 0.0474
40 33 0.0067
33 34 0.0474
35 34 0.0109
1170 34 0.005
34 35 0.0109
1176 35 0.0036
1181 35 0.0024
30 36 0.0085
31 36 0.0875
37 36 0.0066
145 36 0.0048
36 37 0.0066
38 37 0.0051
1061 37 0.0134
37 38 0.0051
39 38 0.0073
40 38 0.0123
38 39 0.0073
1165 39 0.001
1167 39 0.0023
31 40 0.0037
33 40 0.0067
38 40 0.0123
41 40 0.0273
40 41 0.0273
1135 41 0.0098
1171 41 0.0121
1170 42 0.007
1171 42 0.0079
1172 42 0.0158
44 43 0.0218
59 43 0.0054
134 43 0.033
466 43 0.0093
43 44 0.0218
45 44 0.0464
465 44 0.0165
44 45 0.0464
46 45 0.017
465 45 0.0065
45 46 0.017
47 46 0.0246
680 46 0.0119
46 47 0.0246
48 47 0.005
947 47 0.001
47 48 0.005
49 48 0.0292
936 48 0.0345
48 49 0.0292
50 49 0.0237
941 49 0.0393
49 50 0.0237
51 50 0.0521
940 50 0.002
50 51 0.0521
52 51 0.0279
152 51 0.0016
51 52 0.0279
53 52 0.0149
561 52 0.0015
52 53 0.0149
54 53 0.0211
558 53 0.0765
53 54 0.0211
55 54 0.046
1229 54 0.0012
54 55 0.046
56 55 0.0141
557 55 0.0044
55 56 0.0141
57 56 0.0039
557 56 0.0043
56 57 0.0039
58 57 0.0309
1231 57 0.0035
57 58 0.0309
1214 58 0.009
1218 58 0.0084
1231 58 0.0038
1 59 0.0034
43 59 0.0054
999 59 0.0073
1 60 0.0034
61 60 0.0065
998 60 0.0028
60 61 0.0065
62 61 0.0117
998 61 0.0039
61 62 0.0117
63 62 0.0053
459 62 0.0105
62 63 0.0053
64 63 0.0075
921 63 0.0284
63 64 0.0075
65 64 0.0131
143 64 0.0058
914 64 0.0152
64 65 0.0131
66 65 0.0268
128 65 0.0059
65 66 0.0268
121 66 0.0047
517 66 0.0347
69 67 0.0033
517 67 0.0478
1784 67 0.0022
1784 68 0.0028
67 69 0.0033
70 69 0.0027
1784 69 0.0043
69 70 0.0027
71 70 0.0041
1234 70 0.001
70 71 0.0041
72 71 0.0007
1233 71 0.0002
71 72 0.0007
1 73 0.0116
74 73 0.0408
1638 73 0.0145
73 74 0.0408
452 74 0.0869
453 74 0.1316
455 74 0.0184
76 75 0.0069
397 75 0.0126
451 75 0.0361
452 75 0.1394
75 76 0.0069
77 76 0.0296
691 76 0.0072
76 77 0.0296
78 77 0.026
94 77 0.0121
1057 77 0.0084
77 78 0.026
79 78 0.0357
1058 78 0.0086
78 79 0.0357
80 79 0.0166
430 79 0.0133
79 80 0.0166
81 80 0.025
133 80 0.0198
80 81 0.025
432 81 0.0563
988 81 0.0047
83 82 0.0487
432 82 0.0219
528 82 0.0007
82 83 0.0487
84 83 0.0191
544 83 0.0034
83 84 0.0191
545 84 0.0036
546 84 0.0198
86 85 0.0121
536 85 0.0135
546 85 0.0267
548 85 0.0127
85 86 0.0121
87 86 0.0166
532 86 0.0018
550 86 0.0024
86 87 0.0166
88 87 0.018
529 87 0.0023
87 88 0.018
89 88 0.0186
528 88 0.0023
551 88 0.0061
88 89 0.0186
535 89 0.0028
553 89 0.067
91 90 0.0216
93 90 0.0064
555 90 0.0109
90 91 0.0216
92 91 0.0091
1242 91 0.003
91 92 0.0091
90 93 0.0064
77 94 0.0121
427 94 0.0244
691 94 0.0093
96 95 0.0038
117 95 0.0113
427 95 0.0111
95 96 0.0038
97 96 0.0023
101 96 0.002
96 97 0.0023
923 97 0.0022
926 97 0.0362
99 98 0.0194
927 98 0.0289
930 98 0.0068
98 99 0.0194
100 99 0.0212
101 99 0.0019
99 100 0.0212
96 101 0.002
99 101 0.0019
924 101 0.003
1 102 0.0043
103 102 0.0084
684 102 0.0059
102 103 0.0084
920 103 0.0055
921 103 0.0173
105 104 0.0071
106 104 0.004
920 104 0.0128
921 104 0.0053
104 105 0.0071
104 106 0.004
1 107 0.0059
108 107 0.1775
454 107 0.0526
107 108 0.1775
109 108 0.0901
687 108 0.0129
108 109 0.0901
110 109 0.0076
451 109 0.041
109 110 0.0076
111 110 0.0075
456 110 0.0057
110 111 0.0075
112 111 0.0349
919 111 0.0023
111 112 0.0349
113 112 0.0164
918 112 0.0024
112 113 0.0164
114 113 0.0189
911 113 0.0022
113 114 0.0189
115 114 0.0141
440 114 0.0031
449 114 0.0116
114 115 0.0141
116 115 0.0124
448 115 0.0144
115 116 0.0124
117 116 0.0088
429 116 0.0063
440 116 0.0049
95 117 0.0113
116 117 0.0088
118 117 0.0041
436 117 0.0101
117 118 0.0041
119 118 0.0041
925 118 0.002
118 119 0.0041
120 119 0.0024
922 119 0.0025
119 120 0.0024
66 121 0.0047
122 121 0.0036
124 121 0.0029
128 121 0.0041
121 122 0.0036
123 122 0.0045
126 122 0.0073
122 123 0.0045
121 124 0.0029
125 124 0.0111
126 124 0.0013
124 125 0.0111
1285 125 0.0217
1286 125 0.0148
122 126 0.0073
124 126 0.0013
1784 126 0.0041
128 127 0.0286
129 127 0.0017
913 127 0.0351
914 127 0.0043
65 128 0.0059
121 128 0.0041
127 128 0.0286
931 128 0.0017
127 129 0.0017
131 130 0.051
397 130 0.0355
413 130 0.003
1641 130 0.0461
130 131 0.051
132 131 0.0213
155 131 0.028
397 131 0.0135
1056 131 0.037
131 132 0.0213
133 132 0.0354
174 132 0.0042
80 133 0.0198
132 133 0.0354
1053 133 0.0294
43 134 0.033
135 134 0.0014
1704 134 0.0032
134 135 0.0014
933 135 0.0151
995 135 0.0047
137 136 0.0059
142 136 0.0014
990 136 0.0219
1704 136 0.0117
136 137 0.0059
138 137 0.0155
1781 137 0.0024
137 138 0.0155
139 138 0.0031
1281 138 0.0036
138 139 0.0031
140 139 0.0088
144 139 0.0047
139 140 0.0088
141 140 0.0113
517 140 0.0023
140 141 0.0113
136 142 0.0014
64 143 0.0058
139 144 0.0047
36 145 0.0048
146 145 0.0035
680 145 0.002
32 146 0.0056
145 146 0.0035
147 146 0.0023
146 147 0.0023
29 148 0.0103
149 148 0.002
150 148 0.0055
148 149 0.002
148 150 0.0055
151 150 0.0064
1062 150 0.0082
150 151 0.0064
51 152 0.0016
153 152 0.0022
1239 152 0.0014
152 153 0.0022
1235 153 0.0114
1238 153 0.0126
1239 154 0.0123
131 155 0.028
688 155 0.0022
689 155 0.023
157 156 0.0372
168 156 0.0323
689 156 0.0548
156 157 0.0372
158 157 0.0112
423 157 0.0011
692 157 0.0019
157 158 0.0112
216 158 0.0027
1048 158 0.0134
160 159 0.0146
422 159 0.0032
1047 159 0.005
1049 159 0.023
159 160 0.0146
161 160 0.0139
421 160 0.0017
160 161 0.0139
162 161 0.0131
642 161 0.0174
1045 161 0.009
161 162 0.0131
163 162 0.0015
165 162 0.0139
898 162 0.0067
162 163 0.0015
164 163 0.0119
173 163 0.0017
1252 163 0.0068
163 164 0.0119
1253 164 0.0039
1257 164 0.0058
162 165 0.0139
166 165 0.0098
900 165 0.0011
165 166 0.0098
901 166 0.0033
1273 166 0.0054
1277 166 0.0287
1277 167 0.0031
1288 167 0.0649
1295 167 0.0007
156 168 0.0323
169 168 0.0202
424 168 0.0169
168 169 0.0202
170 169 0.0029
426 169 0.0027
169 170 0.0029
539 170 0.0038
1051 170 0.0103
172 171 0.0029
173 171 0.0029
1051 171 0.0057
171 172 0.0029
1247 172 0.0268
1260 172 0.0011
163 173 0.0017
171 173 0.0029
1271 173 0.0339
132 174 0.0042
426 174 0.012
693 174 0.0259
176 175 0.0059
179 175 0.0047
693 175 0.0028
175 176 0.0059
177 176 0.0044
180 176 0.0055
181 176 0.0043
176 177 0.0044
178 177 0.0061
180 177 0.0017
1059 177 0.0021
177 178 0.0061
175 179 0.0047
180 179 0.0071
988 179 0.0342
176 180 0.0055
177 180 0.0017
179 180 0.0071
176 181 0.0043
182 181 0.0043
543 181 0.0033
181 182 0.0043
540 182 0.0051
543 182 0.0264
184 183 0.0504
194 183 0.0127
804 183 0.1033
811 183 0.0116
183 184 0.0504
802 184 0.0203
834 184 0.0253
186 185 0.0087
360 185 0.0055
835 185 0.0154
185 186 0.0087
187 186 0.0034
190 186 0.002
962 186 0.008
8 187 0.0046
186 187 0.0034
1703 187 0.0329
199 188 0.0074
1064 188 0.0177
1600 188 0.0426
1703 188 0.0062
14 189 0.0087
1600 189 0.0148
1601 189 0.0155
1603 189 0.0098
186 190 0.002
191 190 0.0044
362 190 0.0131
190 191 0.0044
192 191 0.0065
1703 191 0.0078
191 192 0.0065
193 192 0.0205
1602 192 0.0052
192 193 0.0205
1596 193 0.0636
1635 193 0.0928
183 194 0.0127
195 194 0.0016
196 194 0.0041
8 195 0.0057
194 195 0.0016
671 195 0.0031
194 196 0.0041
197 196 0.0083
960 196 0.0032
196 197 0.0083
200 197 0.0053
673 197 0.049
674 197 0.0301
674 198 0.0313
958 198 0.0196
959 198 0.0305
12 199 0.0023
188 199 0.0074
1064 199 0.0147
197 200 0.0053
810 200 0.0076
811 200 0.0073
359 201 0.0125
647 201 0.0036
837 201 0.0608
647 202 0.0794
650 202 0.0118
1589 202 0.0014
204 203 0.0098
357 203 0.0841
652 203 0.0372
653 203 0.0078
203 204 0.0098
1 205 0.0063
594 205 0.0044
624 205 0.0163
1 206 0.0022
207 206 0.0026
624 206 0.0257
630 206 0.0285
206 207 0.0026
629 207 0.0019
902 207 0.0007
985 207 0.0042
628 208 0.033
890 208 0.0251
1040 208 0.0079
602 209 0.0009
890 209 0.0572
1038 209 0.0168
215 210 0.0013
615 210 0.0546
1038 210 0.0074
212 211 0.007
619 211 0.0021
1037 211 0.0018
1339 211 0.0111
211 212 0.007
213 212 0.0064
623 212 0.0013
212 213 0.0064
214 213 0.0026
1036 213 0.0013
1337 213 0.0006
213 214 0.0026
210 215 0.0013
1310 215 0.0019
1314 215 0.0052
158 216 0.0027
217 216 0.0022
907 216 0.0061
1052 216 0.0024
216 217 0.0022
218 217 0.0027
219 217 0.0035
217 218 0.0027
217 219 0.0035
1 220 0.0157
221 220 0.01
232 220 0.0028
1 221 0.0031
220 221 0.01
232 221 0.0034
698 221 0.0393
223 222 0.0035
229 222 0.0013
699 222 0.004
222 223 0.0035
224 223 0.0011
226 223 0.0078
592 223 0.0014
600 223 0.0039
223 224 0.0011
225 224 0.0022
1340 224 0.0016
224 225 0.0022
1348 225 0.0002
1351 225 0.0004
223 226 0.0078
227 226 0.0044
1335 226 0.0017
226 227 0.0044
1332 227 0.0034
1336 227 0.0014
1033 228 0.0134
1332 228 0.0041
1351 228 0.0004
222 229 0.0013
230 229 0.0017
1344 229 0.0015
229 230 0.0017
231 230 0.002
1345 230 0.0018
230 231 0.002
235 231 0.0075
236 231 0.0066
1347 231 0.0044
220 232 0.0028
221 232 0.0034
240 232 0.0018
244 232 0.0278
591 232 0.0069
234 233 0.003
244 233 0.0073
698 233 0.0036
233 234 0.003
235 234 0.0025
1030 234 0.0023
231 235 0.0075
234 235 0.0025
236 235 0.0062
238 235 0.0022
231 236 0.0066
235 236 0.0062
237 236 0.0007
1792 236 0.002
236 237 0.0007
1359 237 0.0056
1371 237 0.0016
1382 237 0.0063
235 238 0.0022
239 238 0.0087
328 238 0.0109
872 238 0.0034
1793 238 0.0024
238 239 0.0087
872 239 0.004
1365 239 0.0059
232 240 0.0018
325 240 0.0062
1024 240 0.0066
249 241 0.0046
321 241 0.0165
325 241 0.0214
1024 241 0.0214
243 242 0.0093
880 242 0.0113
1796 242 0.0254
242 243 0.0093
875 243 0.0248
1381 243 0.0021
1389 243 0.0017
1797 243 0.0031
232 244 0.0278
233 244 0.0073
245 244 0.0063
244 245 0.0063
247 246 0.0014
246 247 0.0014
248 247 0.0075
1022 247 0.0016
247 248 0.0075
249 248 0.0036
328 248 0.0021
241 249 0.0046
248 249 0.0036
250 249 0.0017
328 249 0.0039
872 249 0.0086
1798 249 0.0013
249 250 0.0017
1 251 0.0138
295 251 0.0252
1647 251 0.0263
253 252 0.0483
297 252 0.025
842 252 0.014
1647 252 0.016
252 253 0.0483
711 253 0.0826
840 253 0.0198
1647 253 0.0133
255 254 0.0044
281 254 0.0078
706 254 0.0182
712 254 0.0213
254 255 0.0044
256 255 0.0043
275 255 0.0007
853 255 0.0022
1065 255 0.0093
255 256 0.0043
257 256 0.0057
853 256 0.01
256 257 0.0057
258 257 0.0064
855 257 0.0051
257 258 0.0064
259 258 0.0033
860 258 0.0008
258 259 0.0033
277 259 0.0007
280 259 0.0007
261 260 0.0209
267 260 0.0737
268 260 0.0224
707 260 0.0368
708 260 0.0474
260 261 0.0209
267 261 0.03
579 261 0.0075
581 261 0.0046
720 261 0.032
326 262 0.0043
723 262 0.0271
973 262 0.0462
264 263 0.0199
323 263 0.0583
974 263 0.048
263 264 0.0199
316 264 0.0089
1026 264 0.0036
1029 264 0.0404
266 265 0.0146
1020 265 0.0028
1029 265 0.014
265 266 0.0146
307 266 0.0436
314 266 0.0021
881 266 0.0666
260 267 0.0737
261 267 0.03
728 267 0.0199
260 268 0.0224
709 268 0.0157
710 268 0.0197
270 269 0.013
857 269 0.0026
1065 269 0.0107
269 270 0.013
271 270 0.0098
327 270 0.0035
270 271 0.0098
272 271 0.0058
274 271 0.0016
271 272 0.0058
273 272 0.0011
861 272 0.0009
272 273 0.0011
1399 273 0.0067
1444 273 0.0046
1447 273 0.0018
271 274 0.0016
255 275 0.0007
276 275 0.0014
862 275 0.0055
275 276 0.0014
259 277 0.0007
278 277 0.0012
279 277 0.0027
277 278 0.0012
1491 278 0.0059
1499 278 0.0038
277 279 0.0027
1442 279 0.0083
1449 279 0.0008
259 280 0.0007
1014 280 0.0099
1534 280 0.0004
254 281 0.0078
282 281 0.0077
368 281 0.0106
281 282 0.0077
286 282 0.0122
1011 282 0.0003
1004 283 0.0024
1010 283 0.011
1537 283 0.0047
285 284 0.0081
1537 284 0.017
1538 284 0.0076
284 285 0.0081
1536 285 0.0032
1543 285 0.0052
1915 285 0.0034
282 286 0.0122
287 286 0.0063
852 286 0.0026
286 287 0.0063
848 287 0.0073
1016 287 0.0088
1017 287 0.0283
289 288 0.0095
844 288 0.0042
1019 288 0.0212
288 289 0.0095
290 289 0.0052
382 289 0.0025
289 290 0.0052
291 290 0.0031
1015 290 0.0038
290 291 0.0031
292 291 0.0044
1005 291 0.0067
1006 291 0.0021
291 292 0.0044
293 292 0.0147
387 292 0.0089
1008 292 0.0093
292 293 0.0147
387 293 0.0031
1007 293 0.0142
1 294 0.0134
295 294 0.0195
301 294 0.0263
251 295 0.0252
294 295 0.0195
1649 295 0.0861
297 296 0.1244
713 296 0.0898
1648 296 0.065
252 297 0.025
296 297 0.1244
298 297 0.0123
842 297 0.0335
297 298 0.0123
299 298 0.0079
718 298 0.0068
843 298 0.0465
298 299 0.0079
300 299 0.016
1642 299 0.0071
299 300 0.016
329 300 0.006
777 300 0.023
780 300 0.0046
294 301 0.0263
302 301 0.0179
794 301 0.0143
301 302 0.0179
303 302 0.0099
794 302 0.0363
302 303 0.0099
576 303 0.0092
793 303 0.0037
1642 303 0.0089
305 304 0.0191
304 305 0.0191
306 305 0.0688
760 305 0.004
305 306 0.0688
760 306 0.0055
774 306 0.0244
266 307 0.0436
308 307 0.0123
314 307 0.0049
873 307 0.0135
307 308 0.0123
309 308 0.0024
1389 308 0.003
308 309 0.0024
310 309 0.0008
311 309 0.0036
876 309 0.0226
309 310 0.0008
1394 310 0.0035
1401 310 0.0016
309 311 0.0036
312 311 0.0025
1396 311 0.0006
311 312 0.0025
313 312 0.0006
1398 312 0.0004
312 313 0.0006
1419 313 0.0026
1420 313 0.0015
266 314 0.0021
307 314 0.0049
315 314 0.0005
1396 314 0.0004
314 315 0.0005
264 316 0.0089
317 316 0.0096
866 316 0.0022
316 317 0.0096
318 317 0.0049
320 317 0.0039
317 318 0.0049
319 318 0.0371
321 318 0.0029
867 318 0.0033
318 319 0.0371
317 320 0.0039
241 321 0.0165
318 321 0.0029
322 321 0.0128
321 322 0.0128
870 322 0.0107
1796 322 0.0017
263 323 0.0583
324 323 0.0185
591 323 0.0009
323 324 0.0185
325 324 0.0034
1021 324 0.003
240 325 0.0062
241 325 0.0214
324 325 0.0034
1024 325 0.0114
262 326 0.0043
327 326 0.0018
977 326 0.0036
270 327 0.0035
326 327 0.0018
1541 327 0.0023
238 328 0.0109
248 328 0.0021
249 328 0.0039
300 329 0.006
330 329 0.0071
1076 329 0.0017
329 330 0.0071
385 330 0.0429
1074 330 0.0461
332 331 0.0615
374 331 0.0064
1074 331 0.0329
331 332 0.0615
333 332 0.0262
387 332 0.0048
332 333 0.0262
388 333 0.0024
389 333 0.0137
335 334 0.0233
389 334 0.0028
1009 334 0.0138
334 335 0.0233
336 335 0.0664
1556 335 0.0478
335 336 0.0664
1555 336 0.0114
1567 336 0.012
338 337 0.0216
785 337 0.0504
1067 337 0.0295
1070 337 0.0031
1077 337 0.0136
337 338 0.0216
1071 338 0.0035
1974 338 0.0631
340 339 0.0094
342 339 0.0056
344 339 0.0544
1974 339 0.0621
339 340 0.0094
341 340 0.007
1080 340 0.0088
340 341 0.007
339 342 0.0056
343 342 0.0302
1970 342 0.0142
342 343 0.0302
339 344 0.0544
345 344 0.0126
1966 344 0.0032
344 345 0.0126
1980 345 0.0035
2011 345 0.0126
347 346 0.0329
563 346 0.0025
564 346 0.0239
822 346 0.0561
346 347 0.0329
348 347 0.0267
1650 347 0.0254
347 348 0.0267
349 348 0.0224
645 348 0.0069
1650 348 0.0148
348 349 0.0224
351 350 0.1068
646 350 0.0022
750 350 0.152
350 351 0.1068
352 351 0.0432
354 351 0.0074
351 352 0.0432
396 352 0.0112
752 352 0.0483
655 353 0.0044
656 353 0.0232
752 353 0.0253
351 354 0.0074
355 354 0.0148
358 354 0.0262
396 354 0.0037
354 355 0.0148
356 355 0.0104
396 355 0.002
1579 355 0.0071
355 356 0.0104
357 356 0.0078
1581 356 0.0194
203 357 0.0841
356 357 0.0078
358 357 0.0053
354 358 0.0262
357 358 0.0053
359 358 0.0039
201 359 0.0125
358 359 0.0039
838 359 0.0699
185 360 0.0055
361 360 0.003
362 360 0.0018
360 361 0.003
190 362 0.0131
360 362 0.0018
363 362 0.0129
362 363 0.0129
365 364 0.0593
366 364 0.0127
367 364 0.0249
656 364 0.0103
364 365 0.0593
1570 365 0.107
1580 365 0.0194
364 366 0.0127
364 367 0.0249
1575 367 0.0153
1576 367 0.0284
281 368 0.0106
370 369 0.0022
369 370 0.0022
371 370 0.0069
797 370 0.0056
851 370 0.0034
370 371 0.0069
372 371 0.0109
376 371 0.012
371 372 0.0109
373 372 0.0212
1542 372 0.0299
372 373 0.0212
331 374 0.0064
375 374 0.0025
1074 374 0.0009
374 375 0.0025
371 376 0.012
377 376 0.0272
797 376 0.0043
376 377 0.0272
378 377 0.0322
847 377 0.0023
377 378 0.0322
379 378 0.0038
850 378 0.003
378 379 0.0038
380 379 0.0136
382 379 0.0037
383 379 0.012
379 380 0.0136
381 380 0.0095
382 380 0.0055
384 380 0.0135
380 381 0.0095
289 382 0.0025
379 382 0.0037
380 382 0.0055
379 383 0.012
380 384 0.0135
330 385 0.0429
386 385 0.0028
1075 385 0.0012
385 386 0.0028
292 387 0.0089
293 387 0.0031
332 387 0.0048
333 388 0.0024
333 389 0.0137
334 389 0.0028
390 389 0.0221
389 390 0.0221
391 390 0.0088
392 390 0.0282
390 391 0.0088
1543 391 0.0033
1554 391 0.0038
390 392 0.0282
393 392 0.0134
395 392 0.0125
392 393 0.0134
394 393 0.0267
1009 393 0.0115
393 394 0.0267
395 394 0.0097
1546 394 0.071
392 395 0.0125
394 395 0.0097
1553 395 0.0033
352 396 0.0112
354 396 0.0037
355 396 0.002
75 397 0.0126
130 397 0.0355
131 397 0.0135
1 398 0.0076
399 398 0.0271
979 398 0.003
398 399 0.0271
400 399 0.0174
983 399 0.0019
399 400 0.0174
401 400 0.0016
695 400 0.0057
400 401 0.0016
1 402 0.012
403 402 0.0069
407 402 0.0065
402 403 0.0069
404 403 0.0048
471 403 0.0739
403 404 0.0048
904 404 0.0064
905 404 0.0329
905 405 0.0418
407 406 0.0126
409 406 0.0064
410 406 0.0127
414 406 0.0045
1 407 0.0036
402 407 0.0065
406 407 0.0126
408 407 0.058
407 408 0.058
1 409 0.0081
406 409 0.0064
475 409 0.0167
406 410 0.0127
411 410 0.0408
469 410 0.0132
410 411 0.0408
412 411 0.01
1643 411 0.0056
411 412 0.01
130 413 0.003
414 413 0.0112
467 413 0.0027
406 414 0.0045
413 414 0.0112
415 414 0.0095
414 415 0.0095
416 415 0.0316
470 415 0.0209
415 416 0.0316
417 416 0.0079
470 416 0.0257
416 417 0.0079
418 417 0.007
419 417 0.009
417 418 0.007
417 419 0.009
420 419 0.0107
468 419 0.0079
419 420 0.0107
160 421 0.0017
159 422 0.0032
157 423 0.0011
168 424 0.0169
425 424 0.0044
426 424 0.0055
424 425 0.0044
169 426 0.0027
174 426 0.012
424 426 0.0055
94 427 0.0244
95 427 0.0111
428 427 0.0018
429 427 0.0438
427 428 0.0018
431 428 0.0041
433 428 0.0045
116 429 0.0063
427 429 0.0438
448 429 0.0044
79 430 0.0133
431 430 0.0054
986 430 0.0021
428 431 0.0041
430 431 0.0054
432 431 0.0311
987 431 0.0059
81 432 0.0563
82 432 0.0219
431 432 0.0311
428 433 0.0045
434 433 0.0056
435 433 0.0072
433 434 0.0056
433 435 0.0072
117 436 0.0101
437 436 0.0031
910 436 0.0038
436 437 0.0031
438 437 0.0066
908 437 0.0037
437 438 0.0066
439 438 0.0068
908 438 0.0079
438 439 0.0068
114 440 0.0031
116 440 0.0049
441 440 0.0045
440 441 0.0045
442 441 0.0086
932 441 0.0026
441 442 0.0086
443 442 0.0071
446 442 0.008
442 443 0.0071
444 443 0.004
1241 443 0.0022
443 444 0.004
445 444 0.0081
1240 444 0.0051
444 445 0.0081
442 446 0.008
447 446 0.003
917 446 0.0028
446 447 0.003
115 448 0.0144
429 448 0.0044
449 448 0.0181
114 449 0.0116
448 449 0.0181
450 449 0.0257
449 450 0.0257
451 450 0.0061
691 450 0.0046
75 451 0.0361
109 451 0.041
450 451 0.0061
453 451 0.0254
454 451 0.0134
74 452 0.0869
75 452 0.1394
453 452 0.1531
74 453 0.1316
451 453 0.0254
452 453 0.1531
454 453 0.0155
107 454 0.0526
451 454 0.0134
453 454 0.0155
455 454 0.0658
1 455 0.0105
74 455 0.0184
454 455 0.0658
110 456 0.0057
457 456 0.0054
458 456 0.0034
456 457 0.0054
456 458 0.0034
62 459 0.0105
460 459 0.0056
462 459 0.0094
459 460 0.0056
461 460 0.0064
478 460 0.0029
460 461 0.0064
459 462 0.0094
463 462 0.0055
998 462 0.0054
462 463 0.0055
1704 463 0.0021
1705 463 0.0055
1 464 0.0026
465 464 0.0097
944 464 0.0023
44 465 0.0165
45 465 0.0065
464 465 0.0097
466 465 0.0038
678 465 0.0047
1 466 0.0029
43 466 0.0093
465 466 0.0038
413 467 0.0027
468 467 0.0129
1048 467 0.0025
419 468 0.0079
467 468 0.0129
1049 468 0.003
410 469 0.0132
470 469 0.0057
471 469 0.0049
415 470 0.0209
416 470 0.0257
469 470 0.0057
403 471 0.0739
469 471 0.0049
472 471 0.0099
471 472 0.0099
1 473 0.0151
1640 473 0.0226
1644 473 0.0514
475 474 0.0091
477 474 0.0027
1644 474 0.041
409 475 0.0167
474 475 0.0091
476 475 0.0046
475 476 0.0046
474 477 0.0027
460 478 0.0029
1 479 0.002
480 479 0.0235
683 479 0.0049
1 480 0.0016
479 480 0.0235
481 480 0.0092
4 481 0.0107
480 481 0.0092
482 481 0.0084
484 481 0.0071
1645 481 0.0022
481 482 0.0084
483 482 0.0142
944 482 0.0103
27 483 0.0103
482 483 0.0142
485 483 0.0825
1002 483 0.0274
481 484 0.0071
483 485 0.0825
486 485 0.0276
946 485 0.0086
485 486 0.0276
487 486 0.0063
489 486 0.0138
486 487 0.0063
488 487 0.0149
491 487 0.0036
487 488 0.0149
29 489 0.0404
486 489 0.0138
490 489 0.0062
489 490 0.0062
487 491 0.0036
17 492 0.0051
493 492 0.0283
497 492 0.0252
492 493 0.0283
494 493 0.004
495 493 0.0053
493 494 0.004
493 495 0.0053
497 496 0.0106
492 497 0.0252
496 497 0.0106
498 497 0.009
497 498 0.009
2 499 0.015
500 499 0.0134
832 499 0.0202
499 500 0.0134
501 500 0.0116
832 500 0.0061
500 501 0.0116
502 501 0.0069
830 501 0.0034
501 502 0.0069
503 502 0.0139
833 502 0.0042
502 503 0.0139
504 503 0.0211
675 503 0.0119
503 504 0.0211
505 504 0.063
677 504 0.0106
7 505 0.0137
504 505 0.063
669 505 0.082
1 506 0.0033
507 506 0.0019
805 506 0.003
506 507 0.0019
508 507 0.0089
515 507 0.0043
507 508 0.0089
509 508 0.0198
512 508 0.0084
809 508 0.0371
508 509 0.0198
510 509 0.0069
815 509 0.0081
509 510 0.0069
511 510 0.0051
673 510 0.0071
510 511 0.0051
512 511 0.004
672 511 0.0039
508 512 0.0084
511 512 0.004
516 512 0.1119
675 512 0.0497
514 513 0.007
516 513 0.0326
833 513 0.0082
1 514 0.0023
513 514 0.007
515 514 0.0042
507 515 0.0043
514 515 0.0042
516 515 0.0036
512 516 0.1119
513 516 0.0326
515 516 0.0036
66 517 0.0347
67 517 0.0478
140 517 0.0023
518 517 0.0086
517 518 0.0086
519 518 0.0223
1780 518 0.0059
518 519 0.0223
520 519 0.031
527 519 0.0015
519 520 0.031
521 520 0.0031
522 520 0.024
1780 520 0.0052
520 521 0.0031
526 521 0.0029
1223 521 0.002
520 522 0.024
523 522 0.0023
525 522 0.0012
522 523 0.0023
524 523 0.0021
1220 523 0.0003
523 524 0.0021
1222 524 0.0025
1228 524 0.0012
522 525 0.0012
1230 525 0.0022
1231 525 0.0008
521 526 0.0029
519 527 0.0015
82 528 0.0007
88 528 0.0023
552 528 0.0054
87 529 0.0023
530 529 0.005
531 529 0.0041
529 530 0.005
529 531 0.0041
86 532 0.0018
533 532 0.0037
534 532 0.0103
532 533 0.0037
532 534 0.0103
89 535 0.0028
85 536 0.0135
537 536 0.0017
538 536 0.0023
536 537 0.0017
536 538 0.0023
170 539 0.0038
540 539 0.0056
1050 539 0.004
1051 539 0.006
182 540 0.0051
539 540 0.0056
541 540 0.0055
540 541 0.0055
542 541 0.0163
1244 541 0.0036
541 542 0.0163
1243 542 0.0012
1244 542 0.0063
1246 542 0.0008
181 543 0.0033
182 543 0.0264
1059 543 0.0175
83 544 0.0034
84 545 0.0036
84 546 0.0198
85 546 0.0267
547 546 0.0055
546 547 0.0055
85 548 0.0127
549 548 0.0017
1785 548 0.0037
548 549 0.0017
1786 549 0.007
1787 549 0.0078
86 550 0.0024
88 551 0.0061
528 552 0.0054
89 553 0.067
554 553 0.0023
555 553 0.0272
553 554 0.0023
90 555 0.0109
553 555 0.0272
556 555 0.0022
555 556 0.0022
55 557 0.0044
56 557 0.0043
1186 557 0.012
53 558 0.0765
559 558 0.003
1183 558 0.0011
558 559 0.003
560 559 0.0039
1203 559 0.0012
559 560 0.0039
52 561 0.0015
562 561 0.004
1183 561 0.0038
561 562 0.004
346 563 0.0025
346 564 0.0239
565 564 0.0057
1650 564 0.0247
564 565 0.0057
757 565 0.0032
758 565 0.0475
567 566 0.0108
568 566 0.0077
758 566 0.0065
767 566 0.0061
566 567 0.0108
566 568 0.0077
1 569 0.0072
570 569 0.0025
574 569 0.0174
569 570 0.0025
571 570 0.0061
577 570 0.0063
570 571 0.0061
572 571 0.0261
573 571 0.0279
571 572 0.0261
571 573 0.0279
569 574 0.0174
575 574 0.0184
794 574 0.0259
574 575 0.0184
576 575 0.0154
794 575 0.0873
303 576 0.0092
575 576 0.0154
577 576 0.0327
570 577 0.0063
576 577 0.0327
578 577 0.0045
577 578 0.0045
261 579 0.0075
580 579 0.0021
1066 579 0.0035
579 580 0.0021
586 580 0.0042
964 580 0.018
965 580 0.0133
261 581 0.0046
582 581 0.0016
585 581 0.0233
581 582 0.0016
583 582 0.0267
971 582 0.014
582 583 0.0267
584 583 0.013
971 583 0.0119
583 584 0.013
581 585 0.0233
586 585 0.0026
590 585 0.004
580 586 0.0042
585 586 0.0026
587 586 0.0088
586 587 0.0088
588 587 0.0098
965 587 0.0043
587 588 0.0098
589 588 0.0144
966 588 0.0065
967 588 0.0107
971 588 0.0108
972 588 0.0039
588 589 0.0144
967 589 0.0073
970 589 0.0092
585 590 0.004
232 591 0.0069
323 591 0.0009
978 591 0.0022
223 592 0.0014
593 592 0.0047
1344 592 0.0165
592 593 0.0047
205 594 0.0044
595 594 0.0048
597 594 0.0062
1041 594 0.0042
594 595 0.0048
596 595 0.0028
607 595 0.0057
595 596 0.0028
594 597 0.0062
598 597 0.0179
608 597 0.0038
597 598 0.0179
599 598 0.004
601 598 0.0114
598 599 0.004
600 599 0.0109
601 599 0.0075
223 600 0.0039
599 600 0.0109
612 600 0.0068
598 601 0.0114
599 601 0.0075
602 601 0.0094
209 602 0.0009
601 602 0.0094
608 602 0.0104
611 602 0.0016
605 603 0.0234
605 604 0.0132
603 605 0.0234
604 605 0.0132
606 605 0.0041
605 606 0.0041
595 607 0.0057
608 607 0.0231
610 607 0.005
597 608 0.0038
602 608 0.0104
607 608 0.0231
609 608 0.0039
608 609 0.0039
607 610 0.005
602 611 0.0016
600 612 0.0068
613 612 0.008
618 612 0.0032
612 613 0.008
614 613 0.0017
1031 613 0.0019
1032 613 0.0079
613 614 0.0017
210 615 0.0546
616 615 0.0039
1339 615 0.0066
615 616 0.0039
617 616 0.0024
1035 616 0.0035
616 617 0.0024
612 618 0.0032
211 619 0.0021
620 619 0.006
621 619 0.0031
619 620 0.006
619 621 0.0031
622 621 0.0074
1034 621 0.0029
621 622 0.0074
1033 622 0.0025
1331 622 0.0008
212 623 0.0013
1329 623 0.0004
1791 623 0.0011
205 624 0.0163
206 624 0.0257
625 624 0.0054
624 625 0.0054
626 625 0.0043
1041 625 0.007
625 626 0.0043
628 627 0.0229
630 627 0.0098
889 627 0.0033
208 628 0.033
627 628 0.0229
1327 628 0.0007
207 629 0.0019
206 630 0.0285
627 630 0.0098
631 630 0.0042
630 631 0.0042
632 631 0.0096
639 631 0.0042
631 632 0.0096
633 632 0.0054
894 632 0.0023
632 633 0.0054
634 633 0.0076
641 633 0.0146
633 634 0.0076
635 634 0.0091
894 634 0.0059
634 635 0.0091
636 635 0.0075
637 635 0.0038
635 636 0.0075
637 636 0.0093
891 636 0.0278
635 637 0.0038
636 637 0.0093
638 637 0.0088
637 638 0.0088
1322 638 0.0059
1323 638 0.0027
631 639 0.0042
640 639 0.003
641 639 0.01
639 640 0.003
633 641 0.0146
639 641 0.01
1327 641 0.0022
161 642 0.0174
643 642 0.0007
896 642 0.0028
642 643 0.0007
1043 644 0.0012
348 645 0.0069
646 645 0.0394
801 645 0.0415
350 646 0.0022
645 646 0.0394
801 646 0.0264
201 647 0.0036
202 647 0.0794
648 647 0.0022
647 648 0.0022
649 648 0.0107
1589 648 0.004
648 649 0.0107
202 650 0.0118
651 650 0.0046
652 650 0.0435
650 651 0.0046
203 652 0.0372
650 652 0.0435
654 652 0.0074
1588 652 0.0037
203 653 0.0078
1584 653 0.0407
1997 653 0.0072
652 654 0.0074
1586 654 0.0172
1592 654 0.0928
1595 654 0.0076
353 655 0.0044
353 656 0.0232
364 656 0.0103
657 656 0.0052
656 657 0.0052
6 658 0.0055
12 658 0.051
659 658 0.004
658 659 0.004
12 660 0.0927
661 660 0.0024
662 660 0.0259
660 661 0.0024
660 662 0.0259
663 662 0.0052
664 662 0.1176
662 663 0.0052
13 664 0.0674
662 664 0.1176
665 664 0.0032
664 665 0.0032
7 666 0.0194
667 666 0.0046
668 666 0.0056
666 667 0.0046
666 668 0.0056
505 669 0.082
670 669 0.0208
957 669 0.0124
669 670 0.0208
957 670 0.0072
958 670 0.0063
959 670 0.0074
195 671 0.0031
511 672 0.0039
673 672 0.0078
674 672 0.0056
197 673 0.049
510 673 0.0071
672 673 0.0078
197 674 0.0301
198 674 0.0313
672 674 0.0056
503 675 0.0119
512 675 0.0497
676 675 0.0709
675 676 0.0709
677 676 0.0285
958 676 0.0016
504 677 0.0106
676 677 0.0285
957 677 0.0079
465 678 0.0047
679 678 0.0119
682 678 0.0031
678 679 0.0119
680 679 0.0067
681 679 0.0064
46 680 0.0119
145 680 0.002
679 680 0.0067
679 681 0.0064
678 682 0.0031
479 683 0.0049
102 684 0.0059
685 684 0.0103
686 684 0.009
684 685 0.0103
684 686 0.009
108 687 0.0129
155 688 0.0022
155 689 0.023
156 689 0.0548
690 689 0.0033
689 690 0.0033
76 691 0.0072
94 691 0.0093
450 691 0.0046
157 692 0.0019
174 693 0.0259
175 693 0.0028
694 693 0.007
693 694 0.007
400 695 0.0057
696 695 0.0025
697 695 0.0024
695 696 0.0025
695 697 0.0024
221 698 0.0393
233 698 0.0036
699 698 0.036
222 699 0.004
698 699 0.036
700 699 0.008
699 700 0.008
701 700 0.0024
702 700 0.0056
700 701 0.0024
700 702 0.0056
1 703 0.0118
704 703 0.1046
707 703 0.0351
703 704 0.1046
705 704 0.0191
840 704 0.0309
704 705 0.0191
706 705 0.0285
841 705 0.0247
254 706 0.0182
705 706 0.0285
707 706 0.0153
260 707 0.0368
703 707 0.0351
706 707 0.0153
708 707 0.0312
260 708 0.0474
707 708 0.0312
709 708 0.0606
268 709 0.0157
708 709 0.0606
710 709 0.0083
268 710 0.0197
709 710 0.0083
963 710 0.0162
253 711 0.0826
712 711 0.0818
841 711 0.0458
843 711 0.0243
254 712 0.0213
711 712 0.0818
795 712 0.003
841 712 0.0416
296 713 0.0898
714 713 0.0253
716 713 0.0066
713 714 0.0253
715 714 0.0338
717 714 0.0035
714 715 0.0338
713 716 0.0066
1642 716 0.0043
1649 716 0.0047
714 717 0.0035
298 718 0.0068
719 718 0.0018
795 718 0.0035
718 719 0.0018
261 720 0.032
721 720 0.0059
723 720 0.045
720 721 0.0059
731 721 0.0069
734 721 0.0208
724 722 0.0058
726 722 0.0286
734 722 0.0132
262 723 0.0271
720 723 0.045
724 723 0.0046
722 724 0.0058
723 724 0.0046
725 724 0.0053
724 725 0.0053
1 726 0.0025
722 726 0.0286
732 726 0.0216
1 727 0.0131
728 727 0.0097
729 727 0.019
267 728 0.0199
727 728 0.0097
729 728 0.0116
727 729 0.019
728 729 0.0116
730 729 0.0673
729 730 0.0673
731 730 0.0026
733 730 0.0054
721 731 0.0069
730 731 0.0026
732 731 0.044
726 732 0.0216
731 732 0.044
734 732 0.0098
730 733 0.0054
721 734 0.0208
722 734 0.0132
732 734 0.0098
736 735 0.0019
744 735 0.0068
978 735 0.0073
735 736 0.0019
737 736 0.0056
738 736 0.0021
736 737 0.0056
736 738 0.0021
1 739 0.0077
740 739 0.0022
743 739 0.0017
739 740 0.0022
741 740 0.0357
742 740 0.0338
740 741 0.0357
740 742 0.0338
739 743 0.0017
1 744 0.0048
735 744 0.0068
745 744 0.001
744 745 0.001
747 746 0.0476
746 747 0.0476
754 747 0.0479
756 747 0.0074
754 748 0.0019
755 749 0.0202
350 750 0.152
751 750 0.0041
755 750 0.052
750 751 0.0041
352 752 0.0483
353 752 0.0253
753 752 0.0057
752 753 0.0057
747 754 0.0479
748 754 0.0019
755 754 0.0515
749 755 0.0202
750 755 0.052
754 755 0.0515
747 756 0.0074
565 757 0.0032
771 757 0.0035
773 757 0.006
565 758 0.0475
566 758 0.0065
759 758 0.0038
758 759 0.0038
305 760 0.004
306 760 0.0055
761 760 0.0053
764 760 0.0088
760 761 0.0053
762 761 0.0052
787 761 0.0013
761 762 0.0052
763 762 0.0139
790 762 0.0076
762 763 0.0139
760 764 0.0088
765 764 0.0684
767 764 0.0346
764 765 0.0684
766 765 0.0041
767 765 0.0258
768 765 0.0077
765 766 0.0041
566 767 0.0061
764 767 0.0346
765 767 0.0258
765 768 0.0077
769 768 0.0046
771 768 0.0091
768 769 0.0046
770 769 0.0067
1582 769 0.0046
769 770 0.0067
757 771 0.0035
768 771 0.0091
772 771 0.0091
771 772 0.0091
757 773 0.006
306 774 0.0244
775 774 0.0068
776 774 0.0261
774 775 0.0068
774 776 0.0261
300 777 0.023
778 777 0.0842
1081 777 0.009
777 778 0.0842
779 778 0.0033
783 778 0.0598
1583 778 0.0024
778 779 0.0033
300 780 0.0046
781 780 0.0045
782 780 0.0047
780 781 0.0045
780 782 0.0047
778 783 0.0598
784 783 0.0087
785 783 0.0425
783 784 0.0087
337 785 0.0504
783 785 0.0425
786 785 0.0041
1067 785 0.0134
785 786 0.0041
787 786 0.0156
788 786 0.0144
761 787 0.0013
786 787 0.0156
792 787 0.0137
786 788 0.0144
790 788 0.0028
792 788 0.0239
792 789 0.0046
762 790 0.0076
788 790 0.0028
791 790 0.0256
790 791 0.0256
787 792 0.0137
788 792 0.0239
789 792 0.0046
303 793 0.0037
301 794 0.0143
302 794 0.0363
574 794 0.0259
575 794 0.0873
712 795 0.003
718 795 0.0035
796 795 0.0036
795 796 0.0036
370 797 0.0056
376 797 0.0043
798 797 0.0091
797 798 0.0091
1 799 0.0115
802 799 0.0082
816 799 0.0083
801 800 0.0153
816 800 0.0037
819 800 0.016
645 801 0.0415
646 801 0.0264
800 801 0.0153
819 801 0.0093
184 802 0.0203
799 802 0.0082
804 802 0.032
804 803 0.0047
183 804 0.1033
802 804 0.032
803 804 0.0047
805 804 0.012
806 804 0.0279
506 805 0.003
804 805 0.012
808 805 0.0075
1 806 0.0058
804 806 0.0279
807 806 0.0672
806 807 0.0672
805 808 0.0075
508 809 0.0371
810 809 0.0461
812 809 0.0059
813 809 0.0145
814 809 0.0084
200 810 0.0076
809 810 0.0461
811 810 0.0044
183 811 0.0116
200 811 0.0073
810 811 0.0044
809 812 0.0059
809 813 0.0145
809 814 0.0084
509 815 0.0081
799 816 0.0083
800 816 0.0037
817 816 0.0195
816 817 0.0195
818 817 0.009
821 817 0.0734
817 818 0.009
819 818 0.0108
821 818 0.0146
800 819 0.016
801 819 0.0093
818 819 0.0108
1 820 0.0065
821 820 0.0084
822 820 0.0804
817 821 0.0734
818 821 0.0146
820 821 0.0084
346 822 0.0561
820 822 0.0804
823 822 0.1179
829 822 0.0554
1 823 0.0047
822 823 0.1179
824 823 0.0072
829 823 0.035
823 824 0.0072
825 824 0.0236
826 824 0.0219
824 825 0.0236
824 826 0.0219
827 826 0.004
828 826 0.0141
826 827 0.004
826 828 0.0141
1 829 0.0078
822 829 0.0554
823 829 0.035
3 830 0.0028
501 830 0.0034
831 830 0.0038
830 831 0.0038
1 832 0.0145
499 832 0.0202
500 832 0.0061
833 832 0.0008
502 833 0.0042
513 833 0.0082
832 833 0.0008
184 834 0.0253
835 834 0.084
837 834 0.0368
185 835 0.0154
834 835 0.084
836 835 0.0018
835 836 0.0018
201 837 0.0608
834 837 0.0368
838 837 0.0079
359 838 0.0699
837 838 0.0079
839 838 0.0162
838 839 0.0162
253 840 0.0198
704 840 0.0309
841 840 0.014
705 841 0.0247
711 841 0.0458
712 841 0.0416
840 841 0.014
252 842 0.014
297 842 0.0335
843 842 0.1108
298 843 0.0465
711 843 0.0243
842 843 0.1108
288 844 0.0042
845 844 0.0054
847 844 0.0041
844 845 0.0054
846 845 0.0048
847 845 0.0033
845 846 0.0048
377 847 0.0023
844 847 0.0041
845 847 0.0033
287 848 0.0073
849 848 0.0017
1019 848 0.007
848 849 0.0017
378 850 0.003
370 851 0.0034
286 852 0.0026
255 853 0.0022
256 853 0.01
854 853 0.0044
859 853 0.0071
853 854 0.0044
855 854 0.0138
857 854 0.0082
257 855 0.0051
854 855 0.0138
856 855 0.0159
865 855 0.003
855 856 0.0159
269 857 0.0026
854 857 0.0082
858 857 0.0029
857 858 0.0029
853 859 0.0071
258 860 0.0008
272 861 0.0009
275 862 0.0055
863 862 0.0014
864 862 0.0041
862 863 0.0014
862 864 0.0041
855 865 0.003
316 866 0.0022
318 867 0.0033
868 867 0.0069
869 867 0.009
867 868 0.0069
867 869 0.009
322 870 0.0107
871 870 0.0066
1796 870 0.0021
870 871 0.0066
238 872 0.0034
239 872 0.004
249 872 0.0086
307 873 0.0135
874 873 0.0056
1797 873 0.0014
873 874 0.0056
243 875 0.0248
880 875 0.003
1376 875 0.0073
1381 875 0.0037
309 876 0.0226
877 876 0.0082
879 876 0.0017
876 877 0.0082
878 877 0.0046
879 877 0.0087
877 878 0.0046
876 879 0.0017
877 879 0.0087
1383 879 0.0029
242 880 0.0113
875 880 0.003
1377 880 0.0063
266 881 0.0666
883 881 0.001
884 881 0.0043
884 882 0.0036
881 883 0.001
881 884 0.0043
882 884 0.0036
885 884 0.0049
884 885 0.0049
1 886 0.0048
887 886 0.0039
888 886 0.0045
886 887 0.0039
886 888 0.0045
627 889 0.0033
208 890 0.0251
209 890 0.0572
1311 890 0.001
636 891 0.0278
892 891 0.0032
893 891 0.0068
891 892 0.0032
902 892 0.0008
1318 892 0.0165
891 893 0.0068
632 894 0.0023
634 894 0.0059
895 894 0.0047
894 895 0.0047
642 896 0.0028
897 896 0.0018
898 896 0.0093
896 897 0.0018
162 898 0.0067
896 898 0.0093
899 898 0.0039
898 899 0.0039
165 900 0.0011
166 901 0.0033
207 902 0.0007
892 902 0.0008
903 902 0.0073
902 903 0.0073
404 904 0.0064
404 905 0.0329
405 905 0.0418
906 905 0.007
905 906 0.007
216 907 0.0061
437 908 0.0037
438 908 0.0079
909 908 0.0118
908 909 0.0118
436 910 0.0038
113 911 0.0022
912 911 0.0329
915 911 0.0039
911 912 0.0329
913 912 0.0263
916 912 0.0045
127 913 0.0351
912 913 0.0263
914 913 0.0062
64 914 0.0152
127 914 0.0043
913 914 0.0062
911 915 0.0039
912 916 0.0045
446 917 0.0028
112 918 0.0024
111 919 0.0023
103 920 0.0055
104 920 0.0128
1060 920 0.0113
63 921 0.0284
103 921 0.0173
104 921 0.0053
119 922 0.0025
97 923 0.0022
101 924 0.003
118 925 0.002
97 926 0.0362
927 926 0.0201
928 926 0.0047
98 927 0.0289
926 927 0.0201
929 927 0.0031
926 928 0.0047
927 929 0.0031
98 930 0.0068
128 931 0.0017
441 932 0.0026
135 933 0.0151
934 933 0.0024
936 933 0.018
933 934 0.0024
935 934 0.0059
937 934 0.014
934 935 0.0059
937 935 0.007
1781 935 0.006
48 936 0.0345
933 936 0.018
1783 936 0.0012
934 937 0.014
935 937 0.007
938 937 0.0025
937 938 0.0025
1239 939 0.0044
1282 939 0.0035
1780 939 0.0019
1783 939 0.0051
50 940 0.002
49 941 0.0393
942 941 0.0013
943 941 0.003
941 942 0.0013
941 943 0.003
464 944 0.0023
482 944 0.0103
945 944 0.0051
944 945 0.0051
485 946 0.0086
47 947 0.001
13 948 0.0028
13 949 0.0287
14 949 0.0333
950 949 0.0131
949 950 0.0131
951 950 0.0049
954 950 0.0084
950 951 0.0049
952 951 0.0034
953 951 0.0032
951 952 0.0034
951 953 0.0032
14 954 0.0086
950 954 0.0084
955 954 0.0145
954 955 0.0145
956 955 0.0075
1123 955 0.0077
955 956 0.0075
1112 956 0.0033
1702 956 0.0036
669 957 0.0124
670 957 0.0072
677 957 0.0079
198 958 0.0196
670 958 0.0063
676 958 0.0016
198 959 0.0305
670 959 0.0074
960 959 0.0085
196 960 0.0032
959 960 0.0085
961 960 0.0085
960 961 0.0085
186 962 0.008
710 963 0.0162
964 963 0.0124
1065 963 0.007
580 964 0.018
963 964 0.0124
968 964 0.0035
580 965 0.0133
587 965 0.0043
966 965 0.0175
588 966 0.0065
965 966 0.0175
967 966 0.015
588 967 0.0107
589 967 0.0073
966 967 0.015
968 967 0.0248
964 968 0.0035
967 968 0.0248
969 968 0.004
968 969 0.004
589 970 0.0092
582 971 0.014
583 971 0.0119
588 971 0.0108
588 972 0.0039
262 973 0.0462
974 973 0.0949
975 973 0.0018
263 974 0.048
973 974 0.0949
976 974 0.0022
973 975 0.0018
974 976 0.0022
326 977 0.0036
1 978 0.0069
591 978 0.0022
735 978 0.0073
1 979 0.0038
398 979 0.003
980 979 0.012
1 980 0.0055
979 980 0.012
981 980 0.0084
980 981 0.0084
982 981 0.0031
983 981 0.0134
981 982 0.0031
399 983 0.0019
981 983 0.0134
984 983 0.0075
983 984 0.0075
207 985 0.0042
430 986 0.0021
431 987 0.0059
81 988 0.0047
179 988 0.0342
989 988 0.0034
988 989 0.0034
136 990 0.0219
991 990 0.0022
993 990 0.0061
990 991 0.0022
992 991 0.0116
995 991 0.0041
991 992 0.0116
990 993 0.0061
994 993 0.0056
997 993 0.0058
993 994 0.0056
135 995 0.0047
991 995 0.0041
996 995 0.0061
995 996 0.0061
993 997 0.0058
60 998 0.0028
61 998 0.0039
462 998 0.0054
59 999 0.0073
1000 999 0.0044
1001 999 0.005
999 1000 0.0044
999 1001 0.005
28 1002 0.0071
483 1002 0.0274
1003 1002 0.0058
1002 1003 0.0058
283 1004 0.0024
291 1005 0.0067
291 1006 0.0021
293 1007 0.0142
292 1008 0.0093
334 1009 0.0138
393 1009 0.0115
1546 1009 0.0097
1556 1009 0.0046
1559 1009 0.0038
283 1010 0.011
282 1011 0.0003
1012 1011 0.0034
1013 1011 0.0039
1011 1012 0.0034
1011 1013 0.0039
280 1014 0.0099
290 1015 0.0038
287 1016 0.0088
287 1017 0.0283
1018 1017 0.0071
1019 1017 0.0575
1017 1018 0.0071
288 1019 0.0212
848 1019 0.007
1017 1019 0.0575
265 1020 0.0028
324 1021 0.003
247 1022 0.0016
1023 1022 0.004
1024 1022 0.0027
1025 1022 0.003
1022 1023 0.004
240 1024 0.0066
241 1024 0.0214
325 1024 0.0114
1022 1024 0.0027
1022 1025 0.003
264 1026 0.0036
1027 1026 0.0075
1028 1026 0.0068
1026 1027 0.0075
1026 1028 0.0068
264 1029 0.0404
265 1029 0.014
1540 1029 0.0011
234 1030 0.0023
613 1031 0.0019
613 1032 0.0079
1033 1032 0.0048
1034 1032 0.0016
228 1033 0.0134
622 1033 0.0025
1032 1033 0.0048
1034 1033 0.0023
621 1034 0.0029
1032 1034 0.0016
1033 1034 0.0023
616 1035 0.0035
213 1036 0.0013
211 1037 0.0018
209 1038 0.0168
210 1038 0.0074
1039 1038 0.0094
1038 1039 0.0094
208 1040 0.0079
594 1041 0.0042
625 1041 0.007
