2 1 0.0124
13 1 0.0264
41 1 0.0074
54 1 0.0099
66 1 0.0117
77 1 0.0046
81 1 0.0062
82 1 0.0147
83 1 0.006
86 1 0.0043
88 1 0.0057
90 1 0.0129
92 1 0.0028
99 1 0.0056
100 1 0.003
104 1 0.0031
105 1 0.0066
119 1 0.009
126 1 0.0037
127 1 0.0106
130 1 0.015
131 1 0.0142
300 1 0.0057
542 1 0.011
577 1 0.0023
583 1 0.0027
593 1 0.0025
598 1 0.015
599 1 0.0062
641 1 0.0043
679 1 0.0024
681 1 0.0106
684 1 0.0013
704 1 0.0013
711 1 0.012
714 1 0.0006
1 2 0.0124
3 2 0.0356
7 2 0.025
2 3 0.0356
5 3 0.0381
545 3 0.0935
334 4 0.0031
377 4 0.0008
809 4 0.0037
3 5 0.0381
6 5 0.1075
8 5 0.0104
546 5 0.0305
5 6 0.1075
467 6 0.0133
470 6 0.0349
1182 6 0.014
2 7 0.025
8 7 0.0625
1180 7 0.098
5 8 0.0104
7 8 0.0625
9 8 0.0376
28 8 0.0245
1180 8 0.1106
8 9 0.0376
11 9 0.0052
467 9 0.0107
182 10 0.0005
9 11 0.0052
782 12 0.0008
1 13 0.0264
14 13 0.1096
1180 13 0.047
13 14 0.1096
16 14 0.0158
44 14 0.0146
1035 15 0.0004
14 16 0.0158
17 16 0.0704
26 16 0.1164
16 17 0.0704
18 17 0.0625
422 17 0.0217
17 18 0.0625
19 18 0.0352
412 18 0.0051
18 19 0.0352
20 19 0.0315
49 19 0.0225
411 19 0.0022
19 20 0.0315
21 20 0.0261
412 20 0.0048
20 21 0.0261
413 21 0.0021
414 21 0.0959
427 22 0.0073
24 23 0.0096
103 23 0.0065
1100 23 0.0198
23 24 0.0096
26 25 0.0584
28 25 0.0297
1180 25 0.007
16 26 0.1164
25 26 0.0584
420 26 0.0027
422 26 0.0111
275 27 0.0024
8 28 0.0245
25 28 0.0297
29 28 0.046
28 29 0.046
31 29 0.0418
420 29 0.0032
582 30 0.0053
29 31 0.0418
32 31 0.0569
423 31 0.0043
31 32 0.0569
33 32 0.0472
1006 32 0.0307
1007 32 0.1913
32 33 0.0472
34 33 0.0328
425 33 0.0164
1006 33 0.0391
33 34 0.0328
35 34 0.068
428 34 0.0008
34 35 0.068
36 35 0.0543
462 35 0.007
35 36 0.0543
429 36 0.0078
440 36 0.0084
445 36 0.0159
461 36 0.0056
1173 37 0.0047
39 38 0.0062
38 39 0.0062
41 39 0.0137
48 39 0.0567
151 40 0.0004
1 41 0.0074
39 41 0.0137
44 41 0.0179
43 42 0.019
852 42 0.0193
1140 42 0.0149
42 43 0.019
14 44 0.0146
41 44 0.0179
48 44 0.0072
46 45 0.0013
47 45 0.0026
1156 45 0.0004
45 46 0.0013
45 47 0.0026
39 48 0.0567
44 48 0.0072
49 48 0.0158
19 49 0.0225
48 49 0.0158
52 49 0.0054
965 50 0.0016
1144 51 0.0038
49 52 0.0054
53 52 0.0023
407 52 0.0112
52 53 0.0023
394 53 0.0011
406 53 0.0016
1 54 0.0099
55 54 0.0726
64 54 0.0019
54 55 0.0726
56 55 0.0044
57 55 0.0159
55 56 0.0044
388 56 0.0074
400 56 0.0018
55 57 0.0159
58 57 0.0059
60 57 0.0119
71 57 0.0116
57 58 0.0059
59 58 0.0043
384 58 0.0039
58 59 0.0043
57 60 0.0119
61 60 0.0147
62 60 0.0009
68 60 0.007
60 61 0.0147
60 62 0.0009
893 63 0.0007
54 64 0.0019
65 64 0.0029
400 64 0.0011
64 65 0.0029
402 65 0.0015
403 65 0.0041
1 66 0.0117
67 66 0.0063
72 66 0.0136
66 67 0.0063
69 67 0.0193
361 67 0.0019
60 68 0.007
69 68 0.0263
357 68 0.0023
363 68 0.0117
67 69 0.0193
68 69 0.0263
70 69 0.0057
69 70 0.0057
57 71 0.0116
66 72 0.0136
74 72 0.0022
360 72 0.0068
913 73 0.0005
72 74 0.0022
348 74 0.0098
349 74 0.0052
356 74 0.0037
914 75 0.0007
77 76 0.0129
78 76 0.0153
81 76 0.0355
347 76 0.0033
1 77 0.0046
76 77 0.0129
78 77 0.0059
82 77 0.0025
76 78 0.0153
77 78 0.0059
79 78 0.0037
348 78 0.0022
78 79 0.0037
1078 80 0.0013
1 81 0.0062
76 81 0.0355
82 81 0.0032
1 82 0.0147
77 82 0.0025
81 82 0.0032
1 83 0.006
84 83 0.0075
297 83 0.002
83 84 0.0075
296 84 0.017
346 84 0.0016
1086 85 0.0029
1 86 0.0043
300 86 0.0044
301 86 0.0192
286 87 0.0115
292 87 0.0016
301 87 0.0308
1 88 0.0057
89 88 0.0086
94 88 0.011
300 88 0.0333
88 89 0.0086
277 89 0.0153
281 89 0.0049
282 89 0.0233
1 90 0.0129
91 90 0.0052
97 90 0.0322
90 91 0.0052
92 91 0.0063
94 91 0.0156
1 92 0.0028
91 92 0.0063
93 92 0.0048
92 93 0.0048
88 94 0.011
91 94 0.0156
95 94 0.0449
248 94 0.0061
94 95 0.0449
96 95 0.0442
112 95 0.0028
95 96 0.0442
249 96 0.0109
281 96 0.017
90 97 0.0322
98 97 0.0427
109 97 0.0047
97 98 0.0427
109 98 0.0078
227 98 0.0029
1 99 0.0056
100 99 0.0042
102 99 0.0039
1 100 0.003
99 100 0.0042
101 100 0.0316
100 101 0.0316
99 102 0.0039
23 103 0.0065
1 104 0.0031
114 104 0.0076
1001 104 0.0057
1 105 0.0066
106 105 0.0178
108 105 0.0122
105 106 0.0178
107 106 0.016
763 106 0.0019
106 107 0.016
108 107 0.0002
120 107 0.0125
138 107 0.0106
208 107 0.0024
105 108 0.0122
107 108 0.0002
764 108 0.0047
97 109 0.0047
98 109 0.0078
110 109 0.0071
113 109 0.0029
247 109 0.0071
109 110 0.0071
111 110 0.0059
247 110 0.0151
110 111 0.0059
112 111 0.0064
248 111 0.0081
95 112 0.0028
111 112 0.0064
113 112 0.0024
250 112 0.0053
109 113 0.0029
112 113 0.0024
243 113 0.0013
104 114 0.0076
115 114 0.004
116 114 0.0156
211 114 0.0055
114 115 0.004
192 115 0.0041
194 115 0.0061
114 116 0.0156
117 116 0.0007
118 116 0.0047
116 117 0.0007
116 118 0.0047
217 118 0.0018
222 118 0.0023
1 119 0.009
120 119 0.0218
302 119 0.0035
107 120 0.0125
119 120 0.0218
121 120 0.0202
120 121 0.0202
122 121 0.0866
123 121 0.054
121 122 0.0866
123 122 0.0847
128 122 0.0026
144 122 0.003
1003 122 0.0132
121 123 0.054
122 123 0.0847
124 123 0.0055
136 123 0.0173
123 124 0.0055
146 124 0.0018
154 124 0.0033
275 125 0.0177
646 125 0.0059
663 125 0.0067
1 126 0.0037
1 127 0.0106
128 127 0.0614
130 127 0.0341
122 128 0.0026
127 128 0.0614
134 128 0.0033
139 128 0.0317
1173 129 0.0061
1 130 0.015
127 130 0.0341
132 130 0.0121
133 130 0.0046
1 131 0.0142
132 131 0.0499
710 131 0.0046
130 132 0.0121
131 132 0.0499
133 132 0.0041
130 133 0.0046
132 133 0.0041
134 133 0.0042
128 134 0.0033
133 134 0.0042
139 134 0.0052
427 135 0.012
123 136 0.0173
137 136 0.0053
138 136 0.0066
136 137 0.0053
107 138 0.0106
136 138 0.0066
181 138 0.0313
128 139 0.0317
134 139 0.0052
140 139 0.0469
144 139 0.0019
139 140 0.0469
141 140 0.0163
729 140 0.0046
140 141 0.0163
142 141 0.0198
1178 141 0.0054
141 142 0.0198
143 142 0.0109
150 142 0.0069
730 142 0.0018
142 143 0.0109
150 143 0.0131
166 143 0.0043
122 144 0.003
139 144 0.0019
145 144 0.0186
150 144 0.0106
1003 144 0.0148
1004 144 0.0244
1005 144 0.0105
144 145 0.0186
146 145 0.0823
1005 145 0.0235
124 146 0.0018
145 146 0.0823
147 146 0.0036
148 146 0.0053
149 146 0.0047
146 147 0.0036
146 148 0.0053
146 149 0.0047
142 150 0.0069
143 150 0.0131
144 150 0.0106
152 150 0.0013
40 151 0.0004
241 151 0.0014
947 151 0.002
150 152 0.0013
154 152 0.0009
182 152 0.0033
1002 152 0.0054
159 153 0.0106
162 153 0.0158
1140 153 0.0052
124 154 0.0033
152 154 0.0009
155 154 0.0099
180 154 0.0031
154 155 0.0099
156 155 0.0097
1002 155 0.0004
155 156 0.0097
157 156 0.0168
1002 156 0.0003
156 157 0.0168
158 157 0.0069
174 157 0.0057
157 158 0.0069
160 158 0.0012
868 158 0.0005
870 158 0.0019
153 159 0.0106
158 160 0.0012
161 160 0.0015
164 160 0.0033
160 161 0.0015
163 161 0.0026
165 161 0.0018
166 161 0.0042
153 162 0.0158
161 163 0.0026
160 164 0.0033
161 165 0.0018
143 166 0.0043
161 166 0.0042
167 166 0.005
172 166 0.0005
166 167 0.005
168 167 0.0293
872 167 0.002
877 167 0.0012
167 168 0.0293
169 168 0.0024
170 168 0.0013
872 168 0.0035
168 169 0.0024
168 170 0.0013
171 170 0.0027
172 170 0.0016
170 171 0.0027
166 172 0.0005
170 172 0.0016
173 172 0.0011
172 173 0.0011
157 174 0.0057
175 174 0.0084
179 174 0.0012
174 175 0.0084
178 175 0.0014
867 175 0.0082
177 176 0.0014
860 176 0.0011
863 176 0.0027
867 176 0.0186
871 176 0.0008
176 177 0.0014
178 177 0.0066
186 177 0.0024
175 178 0.0014
177 178 0.0066
179 178 0.0073
174 179 0.0012
178 179 0.0073
180 179 0.0041
154 180 0.0031
179 180 0.0041
181 180 0.0036
138 181 0.0313
180 181 0.0036
201 181 0.0273
10 182 0.0005
152 182 0.0033
183 182 0.0018
182 183 0.0018
184 183 0.0005
185 183 0.0006
183 184 0.0005
183 185 0.0006
177 186 0.0024
187 186 0.0062
192 186 0.0014
193 186 0.0021
186 187 0.0062
188 187 0.0088
190 187 0.0134
193 187 0.0009
187 188 0.0088
189 188 0.0022
855 188 0.0037
188 189 0.0022
187 190 0.0134
191 190 0.002
859 190 0.0011
190 191 0.002
195 191 0.001
859 191 0.0033
1028 191 0.0009
115 192 0.0041
186 192 0.0014
193 192 0.004
186 193 0.0021
187 193 0.0009
192 193 0.004
194 193 0.0011
115 194 0.0061
193 194 0.0011
195 194 0.0085
1177 194 0.0038
191 195 0.001
194 195 0.0085
196 195 0.0021
195 196 0.0021
850 196 0.0377
854 196 0.0006
1177 197 0.0011
200 198 0.0016
215 198 0.0019
1177 198 0.0042
849 199 0.0059
198 200 0.0016
181 201 0.0273
202 201 0.0032
203 201 0.0006
201 202 0.0032
201 203 0.0006
204 203 0.0012
205 203 0.003
203 204 0.0012
203 205 0.003
206 205 0.003
207 205 0.001
205 206 0.003
205 207 0.001
107 208 0.0024
209 208 0.0018
210 208 0.001
208 209 0.0018
208 210 0.001
114 211 0.0055
212 211 0.0076
223 211 0.0011
211 212 0.0076
213 212 0.0039
246 212 0.0016
212 213 0.0039
214 213 0.0138
244 213 0.0005
213 214 0.0138
215 214 0.0057
224 214 0.0048
198 215 0.0019
214 215 0.0057
216 215 0.0064
215 216 0.0064
224 216 0.0018
847 216 0.0009
118 217 0.0018
218 217 0.0007
219 217 0.0006
220 217 0.0006
221 217 0.0008
245 217 0.0004
217 218 0.0007
217 219 0.0006
217 220 0.0006
217 221 0.0008
118 222 0.0023
211 223 0.0011
214 224 0.0048
216 224 0.0018
225 224 0.0154
224 225 0.0154
226 225 0.0027
845 225 0.0025
225 226 0.0027
233 226 0.0018
843 226 0.0032
98 227 0.0029
228 227 0.0155
241 227 0.0079
272 227 0.0036
227 228 0.0155
229 228 0.0013
230 228 0.0163
228 229 0.0013
228 230 0.0163
231 230 0.0141
238 230 0.0127
230 231 0.0141
232 231 0.0044
1176 231 0.0022
231 232 0.0044
233 232 0.0032
1175 232 0.0071
226 233 0.0018
232 233 0.0032
1020 233 0.0012
1175 233 0.0204
235 234 0.0051
237 234 0.0016
1176 234 0.0082
234 235 0.0051
236 235 0.003
1175 235 0.0026
235 236 0.003
234 237 0.0016
230 238 0.0127
239 238 0.0043
240 238 0.0003
238 239 0.0043
266 239 0.0004
832 239 0.0002
834 239 0.0019
837 239 0.0021
841 239 0.0005
238 240 0.0003
151 241 0.0014
227 241 0.0079
242 241 0.0021
270 241 0.0009
241 242 0.0021
113 243 0.0013
270 243 0.0006
272 243 0.0024
213 244 0.0005
217 245 0.0004
212 246 0.0016
109 247 0.0071
110 247 0.0151
248 247 0.0045
94 248 0.0061
111 248 0.0081
247 248 0.0045
96 249 0.0109
250 249 0.0108
254 249 0.0338
112 250 0.0053
249 250 0.0108
251 250 0.0155
250 251 0.0155
252 251 0.0187
254 251 0.0238
251 252 0.0187
253 252 0.0048
255 252 0.0042
252 253 0.0048
249 254 0.0338
251 254 0.0238
257 254 0.0007
252 255 0.0042
257 256 0.0138
269 256 0.008
281 256 0.057
254 257 0.0007
256 257 0.0138
258 257 0.0172
257 258 0.0172
259 258 0.0169
269 258 0.0099
303 258 0.0111
258 259 0.0169
260 259 0.0224
273 259 0.0004
306 259 0.0003
259 260 0.0224
261 260 0.0284
271 260 0.0011
260 261 0.0284
262 261 0.0262
270 261 0.0005
261 262 0.0262
263 262 0.0039
265 262 0.0119
262 263 0.0039
264 263 0.0011
270 263 0.0003
274 263 0.0008
263 264 0.0011
262 265 0.0119
266 265 0.0062
307 265 0.0052
239 266 0.0004
265 266 0.0062
267 266 0.0104
832 266 0.002
266 267 0.0104
308 267 0.0028
1019 267 0.0005
308 268 0.0028
830 268 0.0015
831 268 0.0008
256 269 0.008
258 269 0.0099
279 269 0.0063
241 270 0.0009
243 270 0.0006
261 270 0.0005
263 270 0.0003
272 270 0.0011
260 271 0.0011
227 272 0.0036
243 272 0.0024
270 272 0.0011
259 273 0.0004
263 274 0.0008
27 275 0.0024
125 275 0.0177
569 275 0.0038
582 275 0.0211
1100 275 0.0259
899 276 0.0005
89 277 0.0153
278 277 0.0012
279 277 0.0068
277 278 0.0012
269 279 0.0063
277 279 0.0068
280 279 0.0025
279 280 0.0025
89 281 0.0049
96 281 0.017
256 281 0.057
89 282 0.0233
283 282 0.0105
293 282 0.004
282 283 0.0105
284 283 0.0179
294 283 0.0079
309 283 0.0004
283 284 0.0179
285 284 0.0048
295 284 0.0018
284 285 0.0048
298 285 0.0021
342 285 0.0018
87 286 0.0115
287 286 0.0123
293 286 0.0043
286 287 0.0123
288 287 0.0022
294 287 0.0018
295 287 0.0017
287 288 0.0022
289 288 0.0014
295 288 0.0125
310 288 0.0014
288 289 0.0014
290 289 0.008
296 289 0.0318
289 290 0.008
291 290 0.0258
1174 290 0.0038
290 291 0.0258
312 291 0.024
322 291 0.0016
87 292 0.0016
282 293 0.004
286 293 0.0043
294 293 0.0055
283 294 0.0079
287 294 0.0018
293 294 0.0055
284 295 0.0018
287 295 0.0017
288 295 0.0125
311 295 0.0015
84 296 0.017
289 296 0.0318
346 296 0.0007
83 297 0.002
285 298 0.0021
342 298 0.0005
824 298 0.0009
773 299 0.0007
1 300 0.0057
86 300 0.0044
88 300 0.0333
301 300 0.0048
86 301 0.0192
87 301 0.0308
300 301 0.0048
119 302 0.0035
258 303 0.0111
304 303 0.0027
828 303 0.0001
303 304 0.0027
305 304 0.0007
825 304 0.001
304 305 0.0007
259 306 0.0003
265 307 0.0052
308 307 0.0023
828 307 0.0026
267 308 0.0028
268 308 0.0028
307 308 0.0023
283 309 0.0004
288 310 0.0014
295 311 0.0015
291 312 0.024
313 312 0.0094
324 312 0.0051
312 313 0.0094
314 313 0.0046
319 313 0.0014
313 314 0.0046
315 314 0.0087
317 314 0.0004
314 315 0.0087
316 315 0.0004
318 315 0.0003
320 315 0.001
315 316 0.0004
314 317 0.0004
315 318 0.0003
313 319 0.0014
321 319 0.0035
342 319 0.0022
823 319 0.0006
315 320 0.001
321 320 0.0052
821 320 0.0023
822 320 0.0005
319 321 0.0035
320 321 0.0052
817 321 0.0025
821 321 0.0041
291 322 0.0016
323 322 0.0012
765 322 0.0032
322 323 0.0012
312 324 0.0051
325 324 0.0003
326 324 0.0005
324 325 0.0003
324 326 0.0005
328 327 0.0116
341 327 0.0051
345 327 0.0018
327 328 0.0116
329 328 0.028
338 328 0.0097
328 329 0.028
330 329 0.0066
343 329 0.0043
329 330 0.0066
331 330 0.0052
334 330 0.001
330 331 0.0052
332 331 0.0019
333 331 0.0392
331 332 0.0019
331 333 0.0392
334 333 0.0022
335 333 0.002
336 333 0.0009
337 333 0.0006
4 334 0.0031
330 334 0.001
333 334 0.0022
809 334 0.0032
333 335 0.002
809 335 0.0026
810 335 0.0037
813 335 0.0005
333 336 0.0009
333 337 0.0006
328 338 0.0097
339 338 0.0117
341 338 0.0018
814 338 0.0003
338 339 0.0117
340 339 0.0039
341 339 0.0013
339 340 0.0039
327 341 0.0051
338 341 0.0018
339 341 0.0013
285 342 0.0018
298 342 0.0005
319 342 0.0022
329 343 0.0043
344 343 0.0024
805 343 0.0006
343 344 0.0024
327 345 0.0018
84 346 0.0016
296 346 0.0007
347 346 0.006
76 347 0.0033
346 347 0.006
348 347 0.0148
74 348 0.0098
78 348 0.0022
347 348 0.0148
74 349 0.0052
350 349 0.0011
353 349 0.0045
808 349 0.0004
349 350 0.0011
351 350 0.0017
352 350 0.0016
350 351 0.0017
350 352 0.0016
349 353 0.0045
354 353 0.0051
355 353 0.0009
353 354 0.0051
808 354 0.0002
1018 354 0.0042
353 355 0.0009
74 356 0.0037
357 356 0.0085
360 356 0.0019
68 357 0.0023
356 357 0.0085
358 357 0.0161
359 357 0.0024
357 358 0.0161
357 359 0.0024
72 360 0.0068
356 360 0.0019
361 360 0.0023
67 361 0.0019
360 361 0.0023
362 361 0.0033
361 362 0.0033
68 363 0.0117
364 363 0.0143
369 363 0.0026
363 364 0.0143
365 364 0.0377
369 364 0.0026
382 364 0.0133
364 365 0.0377
366 365 0.0231
372 365 0.0115
375 365 0.0045
378 365 0.0253
365 366 0.0231
367 366 0.0099
802 366 0.0017
366 367 0.0099
368 367 0.0098
781 367 0.0017
784 367 0.0004
1016 367 0.0003
367 368 0.0098
381 368 0.0169
772 368 0.0056
363 369 0.0026
364 369 0.0026
371 369 0.0016
807 369 0.0024
807 370 0.0008
369 371 0.0016
365 372 0.0115
373 372 0.0026
375 372 0.019
372 373 0.0026
374 373 0.0014
790 373 0.0006
802 373 0.0014
373 374 0.0014
802 374 0.0013
803 374 0.0021
365 375 0.0045
372 375 0.019
376 375 0.0066
377 375 0.0012
375 376 0.0066
793 376 0.0008
798 376 0.0014
4 377 0.0008
375 377 0.0012
806 377 0.0013
365 378 0.0253
379 378 0.0052
380 378 0.0012
378 379 0.0052
785 379 0.0003
789 379 0.0015
378 380 0.0012
368 381 0.0169
775 381 0.0023
779 381 0.0005
364 382 0.0133
383 382 0.0015
804 382 0.0005
382 383 0.0015
58 384 0.0039
385 384 0.001
386 384 0.0006
387 384 0.0008
384 385 0.001
384 386 0.0006
384 387 0.0008
56 388 0.0074
389 388 0.018
393 388 0.0398
388 389 0.018
390 389 0.0031
392 389 0.003
389 390 0.0031
391 390 0.0011
396 390 0.0005
767 390 0.0002
390 391 0.0011
996 391 0.0044
998 391 0.0023
389 392 0.003
398 392 0.0012
399 392 0.0015
388 393 0.0398
394 393 0.0052
395 393 0.0022
53 394 0.0011
393 394 0.0052
396 394 0.0025
1231 394 0.0062
393 395 0.0022
390 396 0.0005
394 396 0.0025
397 396 0.0005
396 397 0.0005
392 398 0.0012
392 399 0.0015
56 400 0.0018
64 400 0.0011
401 400 0.0006
400 401 0.0006
65 402 0.0015
65 403 0.0041
404 403 0.0019
405 403 0.0012
403 404 0.0019
403 405 0.0012
53 406 0.0016
52 407 0.0112
410 407 0.0006
411 407 0.0098
409 408 0.0102
414 408 0.0225
416 408 0.0022
408 409 0.0102
410 409 0.0077
411 409 0.0179
417 409 0.011
407 410 0.0006
409 410 0.0077
431 410 0.0034
19 411 0.0022
407 411 0.0098
409 411 0.0179
18 412 0.0051
20 412 0.0048
413 412 0.0039
21 413 0.0021
412 413 0.0039
415 413 0.0112
425 413 0.003
21 414 0.0959
408 414 0.0225
415 414 0.0089
413 415 0.0112
414 415 0.0089
425 415 0.0029
426 415 0.0045
408 416 0.0022
409 417 0.011
418 417 0.0021
419 417 0.0015
417 418 0.0021
417 419 0.0015
26 420 0.0027
29 420 0.0032
421 420 0.0166
420 421 0.0166
422 421 0.0077
423 421 0.0085
17 422 0.0217
26 422 0.0111
421 422 0.0077
31 423 0.0043
421 423 0.0085
424 423 0.0056
423 424 0.0056
33 425 0.0164
413 425 0.003
415 425 0.0029
415 426 0.0045
22 427 0.0073
135 427 0.012
1100 427 0.0133
34 428 0.0008
36 429 0.0078
430 429 0.0148
431 429 0.0035
429 430 0.0148
434 430 0.0072
436 430 0.0055
437 430 0.0061
440 430 0.0067
410 431 0.0034
429 431 0.0035
432 431 0.0014
433 431 0.0011
431 432 0.0014
431 433 0.0011
430 434 0.0072
1231 434 0.011
1232 434 0.0085
1233 434 0.0084
996 435 0.0039
997 435 0.0048
998 435 0.0144
1231 435 0.0032
430 436 0.0055
439 436 0.0413
989 436 0.0051
992 436 0.003
1233 436 0.0165
430 437 0.0061
438 437 0.0052
443 437 0.0062
437 438 0.0052
439 438 0.0022
988 438 0.0017
436 439 0.0413
438 439 0.0022
988 439 0.0008
36 440 0.0084
430 440 0.0067
441 440 0.0132
440 441 0.0132
442 441 0.0052
454 441 0.0221
441 442 0.0052
444 442 0.002
455 442 0.0004
437 443 0.0062
453 443 0.0019
988 443 0.0027
442 444 0.002
36 445 0.0159
446 445 0.0128
454 445 0.0007
457 445 0.0195
445 446 0.0128
447 446 0.0068
454 446 0.0023
446 447 0.0068
448 447 0.0176
456 447 0.0016
447 448 0.0176
449 448 0.0351
983 448 0.0014
448 449 0.0351
450 449 0.0047
451 449 0.0164
449 450 0.0047
984 450 0.0494
986 450 0.0033
449 451 0.0164
452 451 0.0021
453 451 0.0068
1226 451 0.0017
451 452 0.0021
443 453 0.0019
451 453 0.0068
987 453 0.0131
441 454 0.0221
445 454 0.0007
446 454 0.0023
442 455 0.0004
447 456 0.0016
445 457 0.0195
458 457 0.0036
460 457 0.0009
464 457 0.0021
457 458 0.0036
459 458 0.0046
466 458 0.0041
458 459 0.0046
979 459 0.0115
981 459 0.0014
982 459 0.0028
457 460 0.0009
36 461 0.0056
462 461 0.0049
464 461 0.0021
35 462 0.007
461 462 0.0049
463 462 0.0069
462 463 0.0069
457 464 0.0021
461 464 0.0021
465 464 0.0018
464 465 0.0018
458 466 0.0041
6 467 0.0133
9 467 0.0107
471 467 0.0149
1217 467 0.009
469 468 0.0125
1006 468 0.0061
1216 468 0.0141
468 469 0.0125
476 469 0.0054
477 469 0.0069
6 470 0.0349
471 470 0.0196
479 470 0.0212
467 471 0.0149
470 471 0.0196
472 471 0.009
1217 471 0.0368
471 472 0.009
473 472 0.0087
479 472 0.0063
472 473 0.0087
474 473 0.0095
480 473 0.0023
473 474 0.0095
475 474 0.0085
481 474 0.0048
474 475 0.0085
478 475 0.0145
482 475 0.0021
469 476 0.0054
469 477 0.0069
475 478 0.0145
470 479 0.0212
472 479 0.0063
480 479 0.0759
473 480 0.0023
479 480 0.0759
1183 480 0.1991
474 481 0.0048
482 481 0.0048
483 481 0.0267
1183 481 0.1389
475 482 0.0021
481 482 0.0048
509 482 0.001
481 483 0.0267
484 483 0.0066
488 483 0.012
1008 483 0.0327
483 484 0.0066
485 484 0.0079
493 484 0.004
484 485 0.0079
486 485 0.0056
487 485 0.0033
485 486 0.0056
485 487 0.0033
483 488 0.012
489 488 0.027
506 488 0.0024
488 489 0.027
490 489 0.0155
492 489 0.0071
489 490 0.0155
491 490 0.0098
495 490 0.0057
490 491 0.0098
496 491 0.0081
499 491 0.0092
523 491 0.001
489 492 0.0071
484 493 0.004
494 493 0.0043
495 493 0.0011
493 494 0.0043
495 494 0.0043
508 494 0.0034
490 495 0.0057
493 495 0.0011
494 495 0.0043
491 496 0.0081
497 496 0.0002
498 496 0.0005
496 497 0.0002
496 498 0.0005
491 499 0.0092
500 499 0.0151
503 499 0.0172
505 499 0.0072
499 500 0.0151
501 500 0.0076
502 500 0.0011
500 501 0.0076
502 501 0.0104
503 501 0.0083
500 502 0.0011
501 502 0.0104
976 502 0.0242
499 503 0.0172
501 503 0.0083
504 503 0.0041
503 504 0.0041
505 504 0.0099
975 504 0.009
499 505 0.0072
504 505 0.0099
971 505 0.0034
488 506 0.0024
507 506 0.002
512 506 0.0103
506 507 0.002
494 508 0.0034
482 509 0.001
511 510 0.0652
537 510 0.0094
1008 510 0.0296
510 511 0.0652
512 511 0.0127
516 511 0.0222
506 512 0.0103
511 512 0.0127
513 512 0.0384
512 513 0.0384
514 513 0.0102
518 513 0.0175
513 514 0.0102
515 514 0.0018
519 514 0.0094
514 515 0.0018
511 516 0.0222
517 516 0.0339
552 516 0.0081
516 517 0.0339
531 517 0.0022
539 517 0.0207
513 518 0.0175
519 518 0.0245
527 518 0.0079
514 519 0.0094
518 519 0.0245
520 519 0.0039
524 519 0.0062
519 520 0.0039
521 520 0.0036
522 520 0.0041
520 521 0.0036
520 522 0.0041
491 523 0.001
519 524 0.0062
525 524 0.0027
970 524 0.0005
524 525 0.0027
526 525 0.0016
768 525 0.0006
525 526 0.0016
518 527 0.0079
528 527 0.0029
529 527 0.003
527 528 0.0029
529 528 0.0043
969 528 0.0013
527 529 0.003
528 529 0.0043
530 529 0.0152
529 530 0.0152
531 530 0.0086
532 530 0.0145
517 531 0.0022
530 531 0.0086
534 531 0.0235
535 531 0.0152
530 532 0.0145
533 532 0.0059
769 532 0.0057
532 533 0.0059
531 534 0.0235
549 534 0.0177
964 534 0.0038
531 535 0.0152
539 535 0.0094
548 535 0.021
573 535 0.015
540 536 0.0273
573 536 0.0373
1009 536 0.0089
510 537 0.0094
538 537 0.0104
1009 537 0.0141
537 538 0.0104
517 539 0.0207
535 539 0.0094
553 539 0.0237
536 540 0.0273
1182 540 0.0804
1220 540 0.0423
556 541 0.0281
1181 541 0.0702
1220 541 0.0282
1 542 0.011
543 542 0.0154
545 542 0.0391
575 542 0.0014
542 543 0.0154
544 543 0.0123
545 543 0.0084
570 543 0.0047
543 544 0.0123
576 544 0.001
1212 544 0.0151
1218 544 0.0836
3 545 0.0935
542 545 0.0391
543 545 0.0084
546 545 0.0064
5 546 0.0305
545 546 0.0064
547 546 0.0075
546 547 0.0075
535 548 0.021
549 548 0.0064
551 548 0.0063
559 548 0.0026
534 549 0.0177
548 549 0.0064
550 549 0.0087
551 549 0.0846
549 550 0.0087
963 550 0.0087
964 550 0.0176
548 551 0.0063
549 551 0.0846
957 551 0.0096
1184 551 0.0334
516 552 0.0081
539 553 0.0237
555 554 0.0118
571 554 0.0012
1212 554 0.0555
1213 554 0.0307
554 555 0.0118
567 555 0.0633
1214 555 0.0723
541 556 0.0281
557 556 0.0239
1215 556 0.0569
556 557 0.0239
558 557 0.0308
562 557 0.0134
557 558 0.0308
559 558 0.0424
770 558 0.0154
548 559 0.0026
558 559 0.0424
560 559 0.0244
559 560 0.0244
561 560 0.026
1184 560 0.0058
560 561 0.026
952 561 0.0097
968 561 0.0091
1184 561 0.0096
557 562 0.0134
563 562 0.0021
564 562 0.0015
562 563 0.0021
562 564 0.0015
566 565 0.0017
567 565 0.0025
568 565 0.0011
1215 565 0.0096
565 566 0.0017
555 567 0.0633
565 567 0.0025
568 567 0.0031
565 568 0.0011
567 568 0.0031
1211 568 0.0174
275 569 0.0038
543 570 0.0047
571 570 0.0027
590 570 0.0428
554 571 0.0012
570 571 0.0027
572 571 0.0004
571 572 0.0004
588 572 0.0352
590 572 0.0171
535 573 0.015
536 573 0.0373
574 573 0.0069
1009 573 0.0342
573 574 0.0069
542 575 0.0014
544 576 0.001
1 577 0.0023
578 577 0.0017
581 577 0.0022
577 578 0.0017
579 578 0.0019
580 578 0.0021
578 579 0.0019
578 580 0.0021
577 581 0.0022
30 582 0.0053
275 582 0.0211
614 582 0.0062
1 583 0.0027
584 583 0.0095
586 583 0.0018
592 583 0.0055
593 583 0.0086
583 584 0.0095
585 584 0.0054
586 584 0.0036
584 585 0.0054
583 586 0.0018
584 586 0.0036
587 586 0.0042
588 586 0.0015
591 586 0.0066
586 587 0.0042
588 587 0.0027
590 587 0.0013
572 588 0.0352
586 588 0.0015
587 588 0.0027
589 588 0.0087
588 589 0.0087
597 589 0.0308
738 589 0.0033
570 590 0.0428
572 590 0.0171
587 590 0.0013
586 591 0.0066
583 592 0.0055
1 593 0.0025
583 593 0.0086
594 593 0.0455
640 593 0.0093
593 594 0.0455
595 594 0.0086
640 594 0.0407
594 595 0.0086
596 595 0.01
602 595 0.0115
595 596 0.01
597 596 0.0103
603 596 0.0082
737 596 0.01
589 597 0.0308
596 597 0.0103
1211 597 0.0166
1 598 0.015
599 598 0.0064
635 598 0.0004
1 599 0.0062
598 599 0.0064
600 599 0.0138
633 599 0.0019
599 600 0.0138
601 600 0.0779
633 600 0.0068
634 600 0.0059
640 600 0.0254
600 601 0.0779
602 601 0.0097
619 601 0.0236
629 601 0.0066
595 602 0.0115
601 602 0.0097
603 602 0.0479
609 602 0.0028
596 603 0.0082
602 603 0.0479
604 603 0.0386
603 604 0.0386
605 604 0.0703
608 604 0.0071
604 605 0.0703
606 605 0.0429
617 605 0.0315
605 606 0.0429
607 606 0.0724
615 606 0.006
617 606 0.0374
739 606 0.0117
1188 606 0.0009
606 607 0.0724
741 607 0.0035
949 607 0.0028
604 608 0.0071
617 608 0.04
618 608 0.0039
602 609 0.0028
610 609 0.0018
1188 609 0.0046
609 610 0.0018
611 610 0.0016
1188 610 0.007
610 611 0.0016
612 611 0.003
613 611 0.0043
611 612 0.003
611 613 0.0043
582 614 0.0062
606 615 0.006
616 615 0.0054
1185 615 0.0056
615 616 0.0054
605 617 0.0315
606 617 0.0374
608 617 0.04
608 618 0.0039
601 619 0.0236
620 619 0.0113
677 619 0.0019
619 620 0.0113
621 620 0.0089
622 620 0.0022
677 620 0.0035
620 621 0.0089
622 621 0.0066
626 621 0.0073
620 622 0.0022
621 622 0.0066
623 622 0.0077
622 623 0.0077
625 623 0.0009
666 623 0.0095
932 623 0.0161
625 624 0.0036
668 624 0.0024
930 624 0.0011
932 624 0.0141
623 625 0.0009
624 625 0.0036
662 625 0.0037
920 625 0.0026
621 626 0.0073
627 626 0.006
628 626 0.0029
626 627 0.006
626 628 0.0029
601 629 0.0066
630 629 0.001
631 629 0.0051
629 630 0.001
629 631 0.0051
632 631 0.0017
637 631 0.0074
639 631 0.0064
631 632 0.0017
599 633 0.0019
600 633 0.0068
634 633 0.0142
600 634 0.0059
633 634 0.0142
635 634 0.0109
598 635 0.0004
634 635 0.0109
636 635 0.0257
635 636 0.0257
637 636 0.0054
643 636 0.0035
631 637 0.0074
636 637 0.0054
638 637 0.0129
637 638 0.0129
631 639 0.0064
593 640 0.0093
594 640 0.0407
600 640 0.0254
1 641 0.0043
642 641 0.0123
644 641 0.0014
641 642 0.0123
643 642 0.0076
648 642 0.0105
672 642 0.0013
636 643 0.0035
642 643 0.0076
645 643 0.0047
641 644 0.0014
643 645 0.0047
647 645 0.0028
651 645 0.0056
125 646 0.0059
645 647 0.0028
662 647 0.0166
664 647 0.003
642 648 0.0105
649 648 0.004
673 648 0.0002
648 649 0.004
650 649 0.0069
670 649 0.0004
750 649 0.0014
649 650 0.0069
671 650 0.0005
694 650 0.0072
645 651 0.0056
652 651 0.0224
748 651 0.0006
651 652 0.0224
653 652 0.0134
743 652 0.0009
652 653 0.0134
654 653 0.0118
660 653 0.0011
653 654 0.0118
655 654 0.0037
659 654 0.002
744 654 0.0003
654 655 0.0037
656 655 0.0024
657 655 0.0032
658 655 0.0026
655 656 0.0024
701 656 0.0002
1054 656 0.0033
655 657 0.0032
659 657 0.0007
914 657 0.0415
655 658 0.0026
654 659 0.002
657 659 0.0007
916 659 0.0015
653 660 0.0011
661 660 0.0015
916 660 0.0013
660 661 0.0015
625 662 0.0037
647 662 0.0166
919 662 0.0013
125 663 0.0067
647 664 0.003
665 664 0.003
918 664 0.0029
664 665 0.003
623 666 0.0095
667 666 0.0087
742 666 0.0038
933 666 0.008
666 667 0.0087
624 668 0.0024
669 668 0.0071
931 668 0.0007
668 669 0.0071
928 669 0.0134
932 669 0.0067
649 670 0.0004
650 671 0.0005
642 672 0.0013
673 672 0.0037
705 672 0.0018
648 673 0.0002
672 673 0.0037
675 673 0.0018
675 674 0.0007
673 675 0.0018
674 675 0.0007
676 675 0.0035
675 676 0.0035
619 677 0.0019
620 677 0.0035
678 677 0.0035
677 678 0.0035
1 679 0.0024
680 679 0.0103
702 679 0.016
679 680 0.0103
687 680 0.0023
689 680 0.0066
1 681 0.0106
682 681 0.0075
685 681 0.0024
735 681 0.0049
681 682 0.0075
683 682 0.0064
686 682 0.0012
736 682 0.0056
682 683 0.0064
691 683 0.0096
751 683 0.0004
762 683 0.0055
1 684 0.0013
685 684 0.0046
704 684 0.0038
681 685 0.0024
684 685 0.0046
686 685 0.0049
703 685 0.0123
682 686 0.0012
685 686 0.0049
702 686 0.003
680 687 0.0023
688 687 0.0061
690 687 0.001
903 687 0.0003
687 688 0.0061
755 688 0.0471
909 688 0.0022
680 689 0.0066
690 689 0.0022
908 689 0.0003
687 690 0.001
689 690 0.0022
754 690 0.0028
683 691 0.0096
692 691 0.0026
706 691 0.0067
713 691 0.0003
691 692 0.0026
693 692 0.0048
761 692 0.0009
692 693 0.0048
734 693 0.0003
756 693 0.0027
650 694 0.0072
695 694 0.0073
745 694 0.0043
694 695 0.0073
696 695 0.005
700 695 0.0054
695 696 0.005
697 696 0.0061
1053 696 0.0006
696 697 0.0061
698 697 0.0044
699 697 0.0019
1051 697 0.0019
1053 697 0.0014
697 698 0.0044
906 698 0.0034
908 698 0.0005
1050 698 0.0158
697 699 0.0019
907 699 0.0054
1051 699 0.0021
1053 699 0.0022
695 700 0.0054
701 700 0.0018
749 700 0.0013
656 701 0.0002
700 701 0.0018
911 701 0.0018
679 702 0.016
686 702 0.003
703 702 0.0063
685 703 0.0123
702 703 0.0063
704 703 0.0049
1 704 0.0013
684 704 0.0038
703 704 0.0049
672 705 0.0018
691 706 0.0067
707 706 0.0064
760 706 0.0038
706 707 0.0064
708 707 0.0027
894 707 0.004
707 708 0.0027
709 708 0.0004
728 708 0.0002
708 709 0.0004
131 710 0.0046
721 710 0.0042
729 710 0.0082
1 711 0.012
712 711 0.0079
713 711 0.004
711 712 0.0079
713 712 0.0076
715 712 0.0116
691 713 0.0003
711 713 0.004
712 713 0.0076
1 714 0.0006
712 715 0.0116
716 715 0.0016
721 715 0.0115
715 716 0.0016
717 716 0.0015
718 716 0.0101
716 717 0.0015
716 718 0.0101
719 718 0.0008
720 718 0.0028
718 719 0.0008
718 720 0.0028
710 721 0.0042
715 721 0.0115
722 721 0.0427
1179 721 0.0022
721 722 0.0427
723 722 0.017
724 722 0.0043
722 723 0.017
727 723 0.0055
733 723 0.0009
878 723 0.0002
722 724 0.0043
725 724 0.0141
729 724 0.0023
724 725 0.0141
726 725 0.0024
731 725 0.001
725 726 0.0024
730 726 0.0006
732 726 0.0019
723 727 0.0055
728 727 0.0012
884 727 0.0003
708 728 0.0002
727 728 0.0012
759 728 0.0009
140 729 0.0046
710 729 0.0082
724 729 0.0023
1178 729 0.0115
142 730 0.0018
726 730 0.0006
1178 730 0.0133
725 731 0.001
726 732 0.0019
723 733 0.0009
882 733 0.0024
884 733 0.0007
693 734 0.0003
895 734 0.0015
898 734 0.0018
681 735 0.0049
682 736 0.0056
596 737 0.01
945 737 0.0117
1211 737 0.041
589 738 0.0033
606 739 0.0117
940 739 0.006
1203 739 0.0075
934 740 0.1015
1189 740 0.0089
1210 740 0.1005
607 741 0.0035
666 742 0.0038
652 743 0.0009
654 744 0.0003
694 745 0.0043
746 745 0.0012
747 745 0.0009
745 746 0.0012
745 747 0.0009
651 748 0.0006
700 749 0.0013
910 749 0.0045
913 749 0.0018
649 750 0.0014
683 751 0.0004
752 751 0.0008
753 751 0.0011
751 752 0.0008
751 753 0.0011
690 754 0.0028
688 755 0.0471
899 755 0.0021
904 755 0.002
1050 755 0.0015
693 756 0.0027
757 756 0.0005
758 756 0.0004
756 757 0.0005
756 758 0.0004
728 759 0.0009
887 759 0.003
890 759 0.0096
706 760 0.0038
692 761 0.0009
683 762 0.0055
106 763 0.0019
108 764 0.0047
322 765 0.0032
766 765 0.0009
814 765 0.0003
765 766 0.0009
390 767 0.0002
525 768 0.0006
532 769 0.0057
558 770 0.0154
771 770 0.0143
950 770 0.0087
770 771 0.0143
368 772 0.0056
773 772 0.0094
774 772 0.006
1010 772 0.0042
299 773 0.0007
772 773 0.0094
1172 773 0.0045
772 774 0.006
381 775 0.0023
776 775 0.0006
777 775 0.0027
778 775 0.0042
775 776 0.0006
775 777 0.0027
775 778 0.0042
381 779 0.0005
780 779 0.0027
1017 779 0.0006
779 780 0.0027
367 781 0.0017
782 781 0.0017
1016 781 0.002
12 782 0.0008
781 782 0.0017
783 782 0.0018
1016 782 0.0015
782 783 0.0018
367 784 0.0004
379 785 0.0003
786 785 0.0072
787 785 0.0088
788 785 0.0071
785 786 0.0072
785 787 0.0088
1013 787 0.0046
1014 787 0.0195
1015 787 0.0074
785 788 0.0071
379 789 0.0015
373 790 0.0006
791 790 0.0018
792 790 0.001
790 791 0.0018
790 792 0.001
376 793 0.0008
794 793 0.0005
795 793 0.0006
796 793 0.0021
797 793 0.0004
793 794 0.0005
793 795 0.0006
793 796 0.0021
793 797 0.0004
376 798 0.0014
799 798 0.0006
800 798 0.0004
801 798 0.0038
798 799 0.0006
798 800 0.0004
798 801 0.0038
366 802 0.0017
373 802 0.0014
374 802 0.0013
374 803 0.0021
382 804 0.0005
343 805 0.0006
806 805 0.0025
808 805 0.0006
377 806 0.0013
805 806 0.0025
807 806 0.0013
369 807 0.0024
370 807 0.0008
806 807 0.0013
349 808 0.0004
354 808 0.0002
805 808 0.0006
4 809 0.0037
334 809 0.0032
335 809 0.0026
335 810 0.0037
811 810 0.002
812 810 0.0014
810 811 0.002
810 812 0.0014
335 813 0.0005
338 814 0.0003
765 814 0.0003
815 814 0.0005
816 814 0.001
814 815 0.0005
814 816 0.001
321 817 0.0025
818 817 0.0031
819 817 0.0068
820 817 0.0053
821 817 0.0035
817 818 0.0031
817 819 0.0068
817 820 0.0053
320 821 0.0023
321 821 0.0041
817 821 0.0035
320 822 0.0005
319 823 0.0006
298 824 0.0009
304 825 0.001
826 825 0.0036
827 825 0.0093
828 825 0.0011
825 826 0.0036
825 827 0.0093
303 828 0.0001
307 828 0.0026
825 828 0.0011
829 828 0.0006
828 829 0.0006
268 830 0.0015
268 831 0.0008
239 832 0.0002
266 832 0.002
833 832 0.0003
832 833 0.0003
239 834 0.0019
835 834 0.0012
836 834 0.0013
834 835 0.0012
834 836 0.0013
239 837 0.0021
838 837 0.0006
840 837 0.008
837 838 0.0006
840 839 0.0028
837 840 0.008
839 840 0.0028
841 840 0.0015
239 841 0.0005
840 841 0.0015
842 841 0.0043
841 842 0.0043
226 843 0.0032
844 843 0.0115
1024 843 0.0013
843 844 0.0115
225 845 0.0025
846 845 0.0177
848 845 0.0069
1022 845 0.0059
845 846 0.0177
216 847 0.0009
845 848 0.0069
199 849 0.0059
196 850 0.0377
851 850 0.008
853 850 0.0027
854 850 0.0009
1025 850 0.0051
850 851 0.008
42 852 0.0193
850 853 0.0027
196 854 0.0006
850 854 0.0009
1028 854 0.0055
188 855 0.0037
856 855 0.004
857 855 0.0028
858 855 0.0029
860 855 0.0027
855 856 0.004
855 857 0.0028
855 858 0.0029
190 859 0.0011
191 859 0.0033
1028 859 0.0008
176 860 0.0011
855 860 0.0027
861 860 0.005
862 860 0.0016
860 861 0.005
860 862 0.0016
176 863 0.0027
864 863 0.0022
865 863 0.0012
866 863 0.0005
863 864 0.0022
863 865 0.0012
863 866 0.0005
175 867 0.0082
176 867 0.0186
868 867 0.0002
158 868 0.0005
867 868 0.0002
869 868 0.0014
868 869 0.0014
158 870 0.0019
176 871 0.0008
167 872 0.002
168 872 0.0035
873 872 0.0016
872 873 0.0016
874 873 0.0105
877 873 0.0009
873 874 0.0105
875 874 0.0016
876 874 0.0066
879 874 0.0011
880 874 0.0006
1029 874 0.0049
874 875 0.0016
874 876 0.0066
167 877 0.0012
873 877 0.0009
878 877 0.0023
723 878 0.0002
877 878 0.0023
879 878 0.0071
874 879 0.0011
878 879 0.0071
880 879 0.0091
882 879 0.0017
874 880 0.0006
879 880 0.0091
881 880 0.0009
1032 880 0.0014
880 881 0.0009
733 882 0.0024
879 882 0.0017
883 882 0.0083
1033 882 0.0015
882 883 0.0083
727 884 0.0003
733 884 0.0007
885 884 0.0021
886 884 0.0031
1034 884 0.005
1038 884 0.0021
884 885 0.0021
884 886 0.0031
759 887 0.003
888 887 0.0051
889 887 0.0054
887 888 0.0051
887 889 0.0054
759 890 0.0096
891 890 0.0058
892 890 0.0071
893 890 0.0032
897 890 0.0015
1039 890 0.0026
890 891 0.0058
890 892 0.0071
1042 892 0.0088
1045 892 0.0088
63 893 0.0007
890 893 0.0032
897 893 0.0104
707 894 0.004
895 894 0.0028
897 894 0.0069
1047 894 0.0012
734 895 0.0015
894 895 0.0028
896 895 0.0066
895 896 0.0066
890 897 0.0015
893 897 0.0104
894 897 0.0069
734 898 0.0018
276 899 0.0005
755 899 0.0021
900 899 0.0033
901 899 0.0028
902 899 0.0027
899 900 0.0033
899 901 0.0028
899 902 0.0027
687 903 0.0003
755 904 0.002
905 904 0.0007
1048 904 0.0012
1049 904 0.001
904 905 0.0007
698 906 0.0034
1051 906 0.0009
1052 906 0.0068
699 907 0.0054
689 908 0.0003
698 908 0.0005
909 908 0.0021
688 909 0.0022
908 909 0.0021
1050 909 0.0018
749 910 0.0045
701 911 0.0018
912 911 0.0039
913 911 0.0024
911 912 0.0039
73 913 0.0005
749 913 0.0018
911 913 0.0024
75 914 0.0007
657 914 0.0415
915 914 0.0044
1055 914 0.0006
914 915 0.0044
659 916 0.0015
660 916 0.0013
917 916 0.008
916 917 0.008
664 918 0.0029
1056 918 0.0808
1059 918 0.0025
662 919 0.0013
625 920 0.0026
921 920 0.0122
924 920 0.0074
927 920 0.0105
920 921 0.0122
922 921 0.0148
923 921 0.0228
921 922 0.0148
921 923 0.0228
920 924 0.0074
925 924 0.0381
926 924 0.0185
924 925 0.0381
1060 925 0.0221
1067 925 0.0087
924 926 0.0185
920 927 0.0105
929 927 0.0043
1064 927 0.0032
669 928 0.0134
1068 928 0.0039
1071 928 0.011
1073 928 0.0072
927 929 0.0043
624 930 0.0011
668 931 0.0007
623 932 0.0161
624 932 0.0141
669 932 0.0067
666 933 0.008
740 934 0.1015
935 934 0.0343
936 934 0.0174
937 934 0.0073
1091 934 0.0104
1092 934 0.0114
1105 934 0.0047
1111 934 0.0039
1194 934 0.0097
934 935 0.0343
934 936 0.0174
934 937 0.0073
1093 937 0.0061
1096 937 0.0082
1097 937 0.0152
1092 938 0.0107
1084 939 0.0069
1092 939 0.012
1095 939 0.0122
739 940 0.006
941 940 0.0114
942 940 0.0102
943 940 0.01
944 940 0.009
1112 940 0.0068
940 941 0.0114
945 941 0.0077
1113 941 0.1457
940 942 0.0102
940 943 0.01
940 944 0.009
737 945 0.0117
941 945 0.0077
946 945 0.0095
948 945 0.0116
1118 945 0.0054
945 946 0.0095
151 947 0.002
945 948 0.0116
607 949 0.0028
770 950 0.0087
951 950 0.0211
1119 950 0.008
1120 950 0.0107
950 951 0.0211
561 952 0.0097
953 952 0.0043
954 952 0.0046
955 952 0.0045
956 952 0.0048
1123 952 0.0081
1142 952 0.0052
1143 952 0.003
952 953 0.0043
1126 953 0.0124
1131 953 0.0176
1142 953 0.0279
952 954 0.0046
1134 954 0.0101
1136 954 0.0059
952 955 0.0045
956 955 0.0189
1146 955 0.0138
1148 955 0.0045
952 956 0.0048
955 956 0.0189
1149 956 0.0089
551 957 0.0096
958 957 0.0086
959 957 0.0051
960 957 0.0067
961 957 0.009
962 957 0.0137
1150 957 0.003
957 958 0.0086
957 959 0.0051
957 960 0.0067
957 961 0.009
957 962 0.0137
550 963 0.0087
534 964 0.0038
550 964 0.0176
965 964 0.0177
50 965 0.0016
964 965 0.0177
966 965 0.0171
967 965 0.0156
1158 965 0.0075
965 966 0.0171
965 967 0.0156
1153 967 0.0126
1156 967 0.0073
561 968 0.0091
528 969 0.0013
524 970 0.0005
505 971 0.0034
972 971 0.0047
973 971 0.0013
974 971 0.0033
1161 971 0.0029
971 972 0.0047
971 973 0.0013
971 974 0.0033
504 975 0.009
1162 975 0.0015
1163 975 0.0023
1165 975 0.0057
1223 975 0.0005
502 976 0.0242
977 976 0.007
978 976 0.0034
979 976 0.0021
1165 976 0.0116
976 977 0.007
1165 977 0.0143
1225 977 0.0012
976 978 0.0034
459 979 0.0115
976 979 0.0021
980 979 0.0065
979 980 0.0065
459 981 0.0014
459 982 0.0028
448 983 0.0014
450 984 0.0494
985 984 0.0058
1167 984 0.0012
1168 984 0.0033
984 985 0.0058
1166 985 0.0005
1224 985 0.0004
450 986 0.0033
453 987 0.0131
438 988 0.0017
439 988 0.0008
443 988 0.0027
1169 988 0.0034
1170 988 0.0062
436 989 0.0051
990 989 0.0058
991 989 0.0128
998 989 0.0008
1171 989 0.0055
1229 989 0.0014
1230 989 0.0019
989 990 0.0058
989 991 0.0128
436 992 0.003
993 992 0.016
994 992 0.0204
995 992 0.0177
992 993 0.016
992 994 0.0204
992 995 0.0177
391 996 0.0044
435 996 0.0039
998 996 0.0066
435 997 0.0048
391 998 0.0023
435 998 0.0144
989 998 0.0008
996 998 0.0066
999 998 0.0049
1000 998 0.0076
998 999 0.0049
998 1000 0.0076
104 1001 0.0057
152 1002 0.0054
155 1002 0.0004
156 1002 0.0003
122 1003 0.0132
144 1003 0.0148
1004 1003 0.0284
144 1004 0.0244
1003 1004 0.0284
1005 1004 0.0067
144 1005 0.0105
145 1005 0.0235
1004 1005 0.0067
32 1006 0.0307
33 1006 0.0391
468 1006 0.0061
1007 1006 0.0265
32 1007 0.1913
1006 1007 0.0265
1216 1007 0.0265
483 1008 0.0327
510 1008 0.0296
1009 1008 0.0173
536 1009 0.0089
537 1009 0.0141
573 1009 0.0342
1008 1009 0.0173
772 1010 0.0042
1011 1010 0.0013
1012 1010 0.0026
1010 1011 0.0013
1010 1012 0.0026
787 1013 0.0046
787 1014 0.0195
787 1015 0.0074
367 1016 0.0003
781 1016 0.002
782 1016 0.0015
779 1017 0.0006
354 1018 0.0042
267 1019 0.0005
233 1020 0.0012
1021 1020 0.0018
1024 1020 0.0073
1020 1021 0.0018
845 1022 0.0059
1023 1022 0.003
1024 1022 0.0007
1022 1023 0.003
843 1024 0.0013
1020 1024 0.0073
1022 1024 0.0007
850 1025 0.0051
1026 1025 0.0015
1027 1025 0.0042
1025 1026 0.0015
1025 1027 0.0042
191 1028 0.0009
854 1028 0.0055
859 1028 0.0008
874 1029 0.0049
1030 1029 0.0231
1031 1029 0.0058
1029 1030 0.0231
1029 1031 0.0058
880 1032 0.0014
882 1033 0.0015
884 1034 0.005
1035 1034 0.0026
1036 1034 0.0034
1037 1034 0.0022
15 1035 0.0004
1034 1035 0.0026
1039 1035 0.0005
1034 1036 0.0034
1034 1037 0.0022
884 1038 0.0021
890 1039 0.0026
1035 1039 0.0005
1040 1039 0.003
1041 1039 0.0119
1045 1039 0.0065
1039 1040 0.003
1039 1041 0.0119
892 1042 0.0088
1043 1042 0.0238
1044 1042 0.0231
1042 1043 0.0238
1042 1044 0.0231
892 1045 0.0088
1039 1045 0.0065
1046 1045 0.0064
1045 1046 0.0064
894 1047 0.0012
904 1048 0.0012
904 1049 0.001
698 1050 0.0158
755 1050 0.0015
909 1050 0.0018
697 1051 0.0019
699 1051 0.0021
906 1051 0.0009
906 1052 0.0068
696 1053 0.0006
697 1053 0.0014
699 1053 0.0022
656 1054 0.0033
914 1055 0.0006
918 1056 0.0808
1057 1056 0.007
1058 1056 0.0025
1056 1057 0.007
1056 1058 0.0025
918 1059 0.0025
925 1060 0.0221
1061 1060 0.0088
1062 1060 0.0078
1063 1060 0.0074
1060 1061 0.0088
1060 1062 0.0078
1060 1063 0.0074
927 1064 0.0032
1065 1064 0.0034
1066 1064 0.0007
1064 1065 0.0034
1064 1066 0.0007
925 1067 0.0087
928 1068 0.0039
1069 1068 0.0447
1070 1068 0.0408
1068 1069 0.0447
1070 1069 0.1268
1072 1069 0.0096
1076 1069 0.007
1200 1069 0.017
1068 1070 0.0408
1069 1070 0.1268
1198 1070 0.0014
1199 1070 0.0049
928 1071 0.011
