354 1 0.0008
278 2 0.0005
4 3 0.0035
9 3 0.0111
22 3 0.0026
3 4 0.0035
5 4 0.0055
96 4 0.0037
4 5 0.0055
6 5 0.0027
7 5 0.0121
5 6 0.0027
275 6 0.0076
585 6 0.0129
5 7 0.0121
8 7 0.0109
13 7 0.0145
7 8 0.0109
3 9 0.0111
10 9 0.0108
12 9 0.0042
22 9 0.0048
9 10 0.0108
11 10 0.0011
12 10 0.0095
14 10 0.0092
10 11 0.0011
9 12 0.0042
10 12 0.0095
13 12 0.006
7 13 0.0145
12 13 0.006
585 13 0.007
10 14 0.0092
16 14 0.009
20 14 0.0207
605 14 0.1006
305 15 0.011
315 15 0.0122
579 15 0.0117
603 15 0.0318
14 16 0.009
93 16 0.0037
595 16 0.0041
347 17 0.01
348 17 0.0281
594 17 0.0903
20 18 0.0106
22 18 0.0053
23 18 0.0014
22 19 0.031
29 19 0.0223
52 19 0.0232
14 20 0.0207
18 20 0.0106
605 20 0.0185
34 21 0.0037
38 21 0.0056
347 21 0.0169
593 21 0.0298
3 22 0.0026
9 22 0.0048
18 22 0.0053
19 22 0.031
111 22 0.0535
18 23 0.0014
24 23 0.0072
27 23 0.0087
23 24 0.0072
25 24 0.0175
605 24 0.0166
24 25 0.0175
26 25 0.0025
27 25 0.0017
25 26 0.0025
23 27 0.0087
25 27 0.0017
28 27 0.0082
27 28 0.0082
19 29 0.0223
52 29 0.0284
56 29 0.0057
597 29 0.0066
31 30 0.0074
35 30 0.0023
597 30 0.0338
599 30 0.0221
30 31 0.0074
32 31 0.0377
554 31 0.0051
599 31 0.0647
31 32 0.0377
33 32 0.026
62 32 0.048
32 33 0.026
34 33 0.0398
62 33 0.016
554 33 0.0155
601 33 0.0513
602 33 0.0318
21 34 0.0037
33 34 0.0398
35 34 0.0104
36 34 0.0053
554 34 0.0469
30 35 0.0023
34 35 0.0104
36 35 0.0135
34 36 0.0053
35 36 0.0135
38 36 0.0112
353 37 0.0016
21 38 0.0056
36 38 0.0112
347 38 0.0098
356 38 0.0079
358 38 0.0466
354 39 0.0053
368 39 0.0036
566 39 0.0067
952 39 0.0023
77 40 0.0197
316 40 0.0117
558 40 0.0058
67 41 0.0029
313 41 0.0149
558 41 0.0065
905 42 0.0147
945 42 0.04
946 42 0.0324
948 42 0.0306
44 43 0.006
52 43 0.0019
313 43 0.0029
43 44 0.006
45 44 0.0165
55 44 0.006
606 44 0.0119
44 45 0.0165
47 45 0.0126
62 45 0.003
48 46 0.0208
59 46 0.0539
60 46 0.0366
263 46 0.0241
45 47 0.0126
49 47 0.0041
56 47 0.0056
65 47 0.0089
606 47 0.0176
46 48 0.0208
59 48 0.0386
330 48 0.0079
47 49 0.0041
50 49 0.0041
63 49 0.0022
49 50 0.0041
62 50 0.0099
601 50 0.0081
330 51 0.0022
19 52 0.0232
29 52 0.0284
43 52 0.0019
55 52 0.0013
54 53 0.0041
207 53 0.0156
210 53 0.0146
53 54 0.0041
44 55 0.006
52 55 0.0013
56 55 0.0153
29 56 0.0057
47 56 0.0056
55 56 0.0153
210 57 0.0015
59 58 0.0204
60 58 0.0283
207 58 0.0308
46 59 0.0539
48 59 0.0386
58 59 0.0204
46 60 0.0366
58 60 0.0283
197 60 0.0368
197 61 0.0116
278 61 0.0028
947 61 0.0258
32 62 0.048
33 62 0.016
45 62 0.003
50 62 0.0099
49 63 0.0022
64 63 0.016
66 63 0.0168
919 63 0.0127
63 64 0.016
47 65 0.0089
66 65 0.0018
68 65 0.0143
63 66 0.0168
65 66 0.0018
83 66 0.0056
84 66 0.0063
917 66 0.0135
41 67 0.0029
68 67 0.0644
82 67 0.0212
606 67 0.028
65 68 0.0143
67 68 0.0644
76 68 0.0031
531 69 0.0088
541 69 0.0147
542 69 0.0166
71 70 0.0309
286 70 0.0237
328 70 0.0274
568 70 0.0275
598 70 0.0156
70 71 0.0309
72 71 0.0321
563 71 0.0148
598 71 0.0153
838 71 0.0037
71 72 0.0321
833 72 0.0163
834 72 0.0043
537 73 0.0228
537 74 0.0351
537 75 0.0208
68 76 0.0031
899 76 0.0134
903 76 0.0293
918 76 0.0407
40 77 0.0197
78 77 0.0028
81 77 0.0037
77 78 0.0028
79 78 0.0071
85 78 0.0089
78 79 0.0071
80 79 0.007
85 79 0.0127
79 80 0.007
77 81 0.0037
82 81 0.005
87 81 0.0143
67 82 0.0212
81 82 0.005
83 82 0.0054
66 83 0.0056
82 83 0.0054
84 83 0.0169
66 84 0.0063
83 84 0.0169
918 84 0.0387
78 85 0.0089
79 85 0.0127
86 85 0.0071
85 86 0.0071
901 86 0.0054
902 86 0.0029
81 87 0.0143
88 87 0.0038
899 87 0.0021
87 88 0.0038
294 89 0.0017
577 89 0.0494
587 89 0.0973
589 89 0.0104
91 90 0.0005
349 90 0.007
594 90 0.0093
595 90 0.0321
90 91 0.0005
92 91 0.0029
344 91 0.001
350 91 0.0005
91 92 0.0029
298 92 0.0034
343 92 0.0016
16 93 0.0037
94 93 0.0568
591 93 0.0046
592 93 0.0176
595 93 0.1421
93 94 0.0568
298 94 0.0022
596 94 0.0523
175 95 0.0023
320 95 0.0006
566 95 0.0007
947 95 0.0034
4 96 0.0037
97 96 0.0059
100 96 0.0036
96 97 0.0059
98 97 0.0098
106 97 0.0058
275 97 0.0532
97 98 0.0098
101 98 0.0067
279 98 0.0019
567 98 0.013
100 99 0.0059
103 99 0.0054
313 99 0.0024
96 100 0.0036
99 100 0.0059
101 100 0.0022
98 101 0.0067
100 101 0.0022
102 101 0.0339
106 101 0.065
107 101 0.0317
101 102 0.0339
260 102 0.0024
279 102 0.0016
99 103 0.0054
104 103 0.0047
108 103 0.0044
103 104 0.0047
105 104 0.0034
106 104 0.0055
104 105 0.0034
97 106 0.0058
101 106 0.065
104 106 0.0055
101 107 0.0317
257 107 0.0027
274 107 0.0158
292 107 0.012
103 108 0.0044
109 108 0.0023
171 108 0.0136
274 108 0.008
108 109 0.0023
110 109 0.0243
274 109 0.0368
109 110 0.0243
240 110 0.0073
243 110 0.0045
291 110 0.0036
22 111 0.0535
112 111 0.0069
313 111 0.0252
111 112 0.0069
113 112 0.001
117 112 0.0041
112 113 0.001
114 113 0.0061
116 113 0.0013
113 114 0.0061
529 115 0.0306
530 115 0.0372
531 115 0.0213
535 115 0.015
540 115 0.0119
113 116 0.0013
112 117 0.0041
119 118 0.0113
124 118 0.0171
558 118 0.012
118 119 0.0113
120 119 0.007
124 119 0.0072
129 119 0.0294
119 120 0.007
121 120 0.0705
125 120 0.0179
120 121 0.0705
122 121 0.0157
125 121 0.0183
130 121 0.0016
121 122 0.0157
123 122 0.0127
127 122 0.018
131 122 0.0018
122 123 0.0127
138 123 0.0091
220 123 0.0014
118 124 0.0171
119 124 0.0072
125 124 0.0236
120 125 0.0179
121 125 0.0183
124 125 0.0236
127 126 0.038
122 127 0.018
126 127 0.038
128 127 0.0065
132 127 0.0089
127 128 0.0065
119 129 0.0294
121 130 0.0016
122 131 0.0018
127 132 0.0089
135 132 0.0161
137 132 0.0235
134 133 0.018
374 133 0.0034
558 133 0.0135
133 134 0.018
132 135 0.0161
136 135 0.029
137 135 0.0253
135 136 0.029
132 137 0.0235
135 137 0.0253
138 137 0.007
123 138 0.0091
137 138 0.007
139 138 0.0165
138 139 0.0165
141 140 0.0054
140 141 0.0054
142 141 0.0849
217 141 0.005
141 142 0.0849
143 142 0.0062
218 142 0.0135
142 143 0.0062
154 144 0.0046
157 145 0.019
165 145 0.0042
166 145 0.004
208 145 0.0024
149 146 0.0007
216 147 0.0008
216 148 0.0006
146 149 0.0007
150 149 0.0015
165 149 0.0008
149 150 0.0015
151 150 0.0001
216 150 0.0019
150 151 0.0001
200 151 0.0203
203 151 0.0009
206 151 0.0001
558 151 0.0109
154 152 0.0069
156 153 0.0028
160 153 0.0021
558 153 0.0158
144 154 0.0046
152 154 0.0069
155 154 0.0165
161 154 0.0045
214 154 0.0032
154 155 0.0165
153 156 0.0028
145 157 0.019
158 157 0.0161
161 157 0.0031
157 158 0.0161
160 158 0.0034
166 158 0.0018
558 159 0.0057
153 160 0.0021
158 160 0.0034
161 160 0.0009
154 161 0.0045
157 161 0.0031
160 161 0.0009
162 161 0.0012
161 162 0.0012
164 163 0.0104
163 164 0.0104
165 164 0.0031
166 164 0.0058
145 165 0.0042
149 165 0.0008
164 165 0.0031
145 166 0.004
158 166 0.0018
164 166 0.0058
168 167 0.0174
195 167 0.0049
314 167 0.087
167 168 0.0174
169 168 0.0044
572 168 0.0371
168 169 0.0044
170 169 0.0018
569 169 0.0031
169 170 0.0018
171 170 0.0403
314 170 0.001
108 171 0.0136
170 171 0.0403
172 171 0.003
575 171 0.0198
171 172 0.003
173 172 0.0107
198 172 0.0014
172 173 0.0107
198 173 0.0011
240 173 0.0426
191 174 0.01
273 174 0.0124
569 174 0.0247
573 174 0.0093
574 174 0.0135
95 175 0.0023
945 175 0.012
952 175 0.0066
177 176 0.023
192 176 0.0134
198 176 0.0149
176 177 0.023
178 177 0.0032
273 177 0.0546
177 178 0.0032
180 179 0.0044
183 179 0.0045
199 179 0.003
631 179 0.0064
179 180 0.0044
181 180 0.0041
183 180 0.0133
200 180 0.0022
180 181 0.0041
182 181 0.0031
201 181 0.0021
202 181 0.0016
181 182 0.0031
184 182 0.0067
228 182 0.0062
179 183 0.0045
180 183 0.0133
184 183 0.0048
182 184 0.0067
183 184 0.0048
185 184 0.0088
239 184 0.0063
184 185 0.0088
186 185 0.0101
187 185 0.0183
185 186 0.0101
234 186 0.0155
238 186 0.0023
185 187 0.0183
188 187 0.0015
245 187 0.0048
187 188 0.0015
189 188 0.0017
190 188 0.0007
198 188 0.0016
188 189 0.0017
241 189 0.0038
244 189 0.0042
188 190 0.0007
291 190 0.0013
292 190 0.0005
174 191 0.01
192 191 0.0034
273 191 0.0044
572 191 0.0196
176 192 0.0134
191 192 0.0034
193 192 0.0163
192 193 0.0163
194 193 0.0187
198 193 0.0069
193 194 0.0187
167 195 0.0049
196 195 0.0125
631 195 0.0126
632 195 0.0103
195 196 0.0125
229 196 0.0006
239 196 0.0125
632 196 0.0219
60 197 0.0368
61 197 0.0116
207 197 0.0275
947 197 0.0227
172 198 0.0014
173 198 0.0011
176 198 0.0149
188 198 0.0016
193 198 0.0069
179 199 0.003
557 199 0.0189
631 199 0.0051
151 200 0.0203
180 200 0.0022
557 200 0.0183
181 201 0.0021
181 202 0.0016
151 203 0.0009
890 204 0.0006
330 205 0.0013
151 206 0.0001
53 207 0.0156
58 207 0.0308
197 207 0.0275
210 207 0.0109
145 208 0.0024
209 208 0.0007
222 208 0.0005
208 209 0.0007
211 209 0.0415
224 209 0.0011
53 210 0.0146
57 210 0.0015
207 210 0.0109
327 210 0.0045
209 211 0.0415
223 211 0.0004
227 211 0.0002
213 212 0.0117
215 212 0.009
558 212 0.0085
212 213 0.0117
214 213 0.0098
215 213 0.0085
154 214 0.0032
213 214 0.0098
215 214 0.0042
212 215 0.009
213 215 0.0085
214 215 0.0042
558 215 0.0151
147 216 0.0008
148 216 0.0006
150 216 0.0019
141 217 0.005
142 218 0.0135
219 218 0.0093
220 218 0.0064
218 219 0.0093
123 220 0.0014
218 220 0.0064
221 220 0.0008
220 221 0.0008
208 222 0.0005
211 223 0.0004
209 224 0.0011
225 224 0.003
226 224 0.0016
224 225 0.003
224 226 0.0016
211 227 0.0002
182 228 0.0062
229 228 0.0218
231 228 0.0044
196 229 0.0006
228 229 0.0218
230 229 0.0008
231 229 0.009
229 230 0.0008
228 231 0.0044
229 231 0.009
232 231 0.0074
231 232 0.0074
880 233 0.0015
186 234 0.0155
235 234 0.0056
245 234 0.0092
234 235 0.0056
236 235 0.0037
247 235 0.0045
235 236 0.0037
237 236 0.0012
247 236 0.01
236 237 0.0012
186 238 0.0023
184 239 0.0063
196 239 0.0125
632 239 0.0083
110 240 0.0073
173 240 0.0426
243 240 0.0121
189 241 0.0038
244 242 0.0017
245 242 0.0029
246 242 0.0018
251 242 0.0004
259 242 0.0013
110 243 0.0045
240 243 0.0121
244 243 0.0071
189 244 0.0042
242 244 0.0017
243 244 0.0071
187 245 0.0048
234 245 0.0092
242 245 0.0029
242 246 0.0018
247 246 0.0112
248 246 0.007
235 247 0.0045
236 247 0.01
246 247 0.0112
249 247 0.0081
246 248 0.007
249 248 0.0025
251 248 0.0005
247 249 0.0081
248 249 0.0025
250 249 0.0006
249 250 0.0006
242 251 0.0004
248 251 0.0005
252 251 0.0005
254 251 0.0004
251 252 0.0005
258 253 0.037
556 253 0.0238
565 253 0.048
251 254 0.0004
255 254 0.0062
282 254 0.001
254 255 0.0062
256 255 0.0098
269 255 0.0015
255 256 0.0098
268 256 0.0035
282 256 0.0149
107 257 0.0027
270 257 0.0063
282 257 0.0118
253 258 0.037
508 258 0.0608
564 258 0.0473
600 258 0.0615
242 259 0.0013
102 260 0.0024
261 260 0.015
285 260 0.003
260 261 0.015
262 261 0.0013
266 261 0.0043
270 261 0.0039
261 262 0.0013
264 262 0.0012
265 262 0.0009
46 263 0.0241
886 263 0.0008
906 263 0.0016
912 263 0.0142
931 263 0.0185
935 263 0.017
947 263 0.0135
950 263 0.0068
951 263 0.0172
262 264 0.0012
262 265 0.0009
261 266 0.0043
267 266 0.0008
285 266 0.0107
266 267 0.0008
256 268 0.0035
255 269 0.0015
257 270 0.0063
261 270 0.0039
271 270 0.0008
270 271 0.0008
873 272 0.0041
874 272 0.0041
875 272 0.0035
174 273 0.0124
177 273 0.0546
191 273 0.0044
575 273 0.0378
107 274 0.0158
108 274 0.008
109 274 0.0368
6 275 0.0076
97 275 0.0532
567 275 0.0409
576 275 0.046
581 275 0.026
277 276 0.0025
288 276 0.0013
582 276 0.0072
583 276 0.0331
276 277 0.0025
300 277 0.0008
303 277 0.0015
2 278 0.0005
61 278 0.0028
320 278 0.0007
98 279 0.0019
102 279 0.0016
280 279 0.0053
279 280 0.0053
281 280 0.0133
284 280 0.0059
567 280 0.0029
280 281 0.0133
576 281 0.0053
578 281 0.0139
582 281 0.0135
254 282 0.001
256 282 0.0149
257 282 0.0118
286 283 0.0113
556 283 0.0492
565 283 0.0719
700 283 0.0103
280 284 0.0059
285 284 0.0016
582 284 0.0107
260 285 0.003
266 285 0.0107
284 285 0.0016
70 286 0.0237
283 286 0.0113
568 286 0.0381
553 287 0.0051
556 287 0.0088
562 287 0.0231
276 288 0.0013
289 288 0.0025
290 288 0.001
288 289 0.0025
288 290 0.001
110 291 0.0036
190 291 0.0013
292 291 0.0033
107 292 0.012
190 292 0.0005
291 292 0.0033
296 293 0.0006
300 293 0.001
583 293 0.002
89 294 0.0017
296 295 0.004
298 295 0.0272
596 295 0.002
293 296 0.0006
295 296 0.004
298 296 0.0062
340 296 0.0003
569 297 0.0018
92 298 0.0034
94 298 0.0022
295 298 0.0272
296 298 0.0062
305 299 0.0059
323 299 0.0166
571 299 0.0307
579 299 0.0062
277 300 0.0008
293 300 0.001
301 300 0.0012
300 301 0.0012
302 301 0.0006
304 301 0.0005
301 302 0.0006
277 303 0.0015
304 303 0.0067
309 303 0.002
301 304 0.0005
303 304 0.0067
306 304 0.002
15 305 0.011
299 305 0.0059
332 305 0.033
579 305 0.0359
603 305 0.0336
304 306 0.002
307 306 0.0039
308 306 0.0037
306 307 0.0039
306 308 0.0037
303 309 0.002
310 309 0.0013
311 309 0.0033
312 309 0.0053
309 310 0.0013
309 311 0.0033
309 312 0.0053
41 313 0.0149
43 313 0.0029
99 313 0.0024
111 313 0.0252
558 313 0.0127
167 314 0.087
170 314 0.001
558 314 0.0116
15 315 0.0122
580 315 0.0084
864 315 0.0026
40 316 0.0117
558 316 0.0158
584 316 0.014
558 317 0.0157
571 317 0.0057
614 317 0.0025
576 318 0.0302
578 318 0.0176
581 318 0.052
321 319 0.0171
322 319 0.0018
580 319 0.0259
95 320 0.0006
278 320 0.0007
566 320 0.001
319 321 0.0171
852 321 0.0685
864 321 0.002
319 322 0.0018
323 322 0.0143
584 322 0.0124
299 323 0.0166
322 323 0.0143
558 323 0.0076
571 323 0.0151
584 323 0.0252
325 324 0.0539
508 324 0.1062
558 324 0.0119
600 324 0.0666
324 325 0.0539
326 325 0.0291
329 325 0.0257
600 325 0.0483
604 325 0.0355
617 325 0.0762
325 326 0.0291
328 326 0.0203
335 326 0.0417
210 327 0.0045
70 328 0.0274
326 328 0.0203
335 328 0.0241
598 328 0.0128
611 328 0.0228
325 329 0.0257
603 329 0.0517
611 329 0.0348
48 330 0.0079
51 330 0.0022
205 330 0.0013
332 331 0.0207
604 331 0.0595
614 331 0.0033
616 331 0.008
305 332 0.033
331 332 0.0207
614 332 0.0018
335 333 0.0022
838 333 0.0075
864 333 0.0039
607 334 0.0057
608 334 0.0137
612 334 0.0774
326 335 0.0417
328 335 0.0241
333 335 0.0022
611 335 0.0157
337 336 0.0426
338 336 0.0861
613 336 0.0589
646 336 0.0108
336 337 0.0426
338 337 0.0489
342 337 0.0055
615 337 0.0204
618 337 0.0068
336 338 0.0861
337 338 0.0489
618 338 0.0083
620 338 0.0113
553 339 0.0196
555 339 0.0068
842 339 0.014
296 340 0.0003
494 341 0.0345
618 341 0.017
620 341 0.0188
622 341 0.0186
623 341 0.0148
337 342 0.0055
503 342 0.0739
615 342 0.0286
92 343 0.0016
91 344 0.001
345 344 0.0004
346 344 0.0021
344 345 0.0004
344 346 0.0021
17 347 0.01
21 347 0.0169
38 347 0.0098
356 347 0.0135
17 348 0.0281
349 348 0.0058
355 348 0.0043
90 349 0.007
348 349 0.0058
350 349 0.0075
91 350 0.0005
349 350 0.0075
352 350 0.004
854 351 0.0109
856 351 0.0039
860 351 0.0079
867 351 0.0037
350 352 0.004
353 352 0.002
355 352 0.0036
37 353 0.0016
352 353 0.002
354 353 0.001
1 354 0.0008
39 354 0.0053
353 354 0.001
368 354 0.0016
566 354 0.0085
348 355 0.0043
352 355 0.0036
937 355 0.0066
38 356 0.0079
347 356 0.0135
357 356 0.0027
356 357 0.0027
38 358 0.0466
360 358 0.0021
362 358 0.0128
438 359 0.0052
440 359 0.0225
637 359 0.0126
358 360 0.0021
361 360 0.0098
367 360 0.0026
360 361 0.0098
358 362 0.0128
363 362 0.0037
364 362 0.0061
365 362 0.0007
362 363 0.0037
366 363 0.089
904 363 0.0183
362 364 0.0061
362 365 0.0007
366 365 0.0071
367 365 0.0077
363 366 0.089
365 366 0.0071
945 366 0.0033
360 367 0.0026
365 367 0.0077
368 367 0.0103
39 368 0.0036
354 368 0.0016
367 368 0.0103
952 368 0.0034
937 369 0.0032
381 370 0.0455
448 370 0.0014
454 370 0.0675
462 370 0.0698
520 370 0.0313
558 370 0.0117
471 371 0.0069
472 371 0.0252
558 371 0.0152
376 372 0.0241
469 372 0.0138
470 372 0.0094
558 372 0.0156
374 373 0.0029
463 373 0.0012
465 373 0.0024
133 374 0.0034
373 374 0.0029
463 374 0.0081
376 375 0.0664
468 375 0.0099
558 375 0.0107
372 376 0.0241
375 376 0.0664
389 376 0.0013
378 377 0.0064
396 377 0.0123
397 377 0.0153
400 377 0.0129
377 378 0.0064
379 378 0.0024
390 378 0.003
405 378 0.0123
378 379 0.0024
380 379 0.0151
625 379 0.0044
629 379 0.0075
630 379 0.0022
379 380 0.0151
381 380 0.0013
473 380 0.0026
370 381 0.0455
380 381 0.0013
442 381 0.0004
624 381 0.007
383 382 0.0021
382 383 0.0021
384 383 0.0047
634 383 0.0133
383 384 0.0047
385 384 0.001
634 384 0.0051
384 385 0.001
388 385 0.0005
408 385 0.0048
558 385 0.0034
406 386 0.0087
407 386 0.0133
475 386 0.0112
630 386 0.0153
388 387 0.0033
463 387 0.0018
474 387 0.0054
385 388 0.0005
387 388 0.0033
389 388 0.0031
376 389 0.0013
388 389 0.0031
463 389 0.0049
474 389 0.0014
378 390 0.003
391 390 0.0143
410 390 0.0206
627 390 0.0067
629 390 0.0048
390 391 0.0143
392 391 0.0038
396 391 0.0069
391 392 0.0038
393 392 0.0211
628 392 0.0042
392 393 0.0211
394 393 0.0057
396 393 0.0056
393 394 0.0057
395 394 0.0045
397 394 0.0057
394 395 0.0045
398 395 0.0066
399 395 0.0063
377 396 0.0123
391 396 0.0069
393 396 0.0056
397 396 0.0101
377 397 0.0153
394 397 0.0057
396 397 0.0101
398 397 0.0052
395 398 0.0066
397 398 0.0052
401 398 0.0048
395 399 0.0063
377 400 0.0129
401 400 0.0337
404 400 0.0255
405 400 0.0103
398 401 0.0048
400 401 0.0337
402 401 0.0241
401 402 0.0241
403 402 0.0341
411 402 0.0029
402 403 0.0341
404 403 0.0239
417 403 0.0047
400 404 0.0255
403 404 0.0239
414 404 0.0046
378 405 0.0123
400 405 0.0103
406 405 0.01
386 406 0.0087
405 406 0.01
407 406 0.0183
423 406 0.0398
386 407 0.0133
406 407 0.0183
625 407 0.0097
630 407 0.0154
385 408 0.0048
409 408 0.0073
473 408 0.0035
408 409 0.0073
626 409 0.0137
627 409 0.0085
390 410 0.0206
473 410 0.0092
626 410 0.0265
627 410 0.0049
629 410 0.0107
402 411 0.0029
412 411 0.0072
413 411 0.0042
411 412 0.0072
411 413 0.0042
404 414 0.0046
415 414 0.0037
424 414 0.0032
414 415 0.0037
416 415 0.004
417 415 0.004
419 415 0.01
415 416 0.004
403 417 0.0047
415 417 0.004
418 417 0.0032
417 418 0.0032
415 419 0.01
421 420 0.0046
423 420 0.035
424 420 0.0368
426 420 0.0042
429 420 0.0063
420 421 0.0046
422 421 0.0072
432 421 0.0015
421 422 0.0072
406 423 0.0398
420 423 0.035
424 423 0.0154
414 424 0.0032
420 424 0.0368
423 424 0.0154
425 424 0.0036
476 424 0.0023
424 425 0.0036
476 425 0.007
477 425 0.0033
420 426 0.0042
427 426 0.0025
428 426 0.0028
426 427 0.0025
428 427 0.0069
431 427 0.0094
433 427 0.0131
426 428 0.0028
427 428 0.0069
429 428 0.0143
420 429 0.0063
428 429 0.0143
430 429 0.0079
429 430 0.0079
431 430 0.0032
444 430 0.0058
427 431 0.0094
430 431 0.0032
447 431 0.0039
421 432 0.0015
427 433 0.0131
434 433 0.0104
441 433 0.0094
433 434 0.0104
435 434 0.0478
638 434 0.0092
434 435 0.0478
438 435 0.0171
638 435 0.0071
640 435 0.0234
437 436 0.0055
638 436 0.0089
640 436 0.017
436 437 0.0055
635 437 0.003
636 437 0.0034
359 438 0.0052
435 438 0.0171
439 438 0.0087
438 439 0.0087
455 439 0.005
641 439 0.0048
359 440 0.0225
441 440 0.0167
450 440 0.0065
637 440 0.0095
433 441 0.0094
440 441 0.0167
449 441 0.0041
381 442 0.0004
443 442 0.0053
444 442 0.0026
445 442 0.0026
624 442 0.0011
442 443 0.0053
444 443 0.0088
625 443 0.0073
430 444 0.0058
442 444 0.0026
443 444 0.0088
445 444 0.0033
442 445 0.0026
444 445 0.0033
446 445 0.0013
445 446 0.0013
447 446 0.0188
624 446 0.0031
431 447 0.0039
446 447 0.0188
448 447 0.0021
370 448 0.0014
447 448 0.0021
449 448 0.002
441 449 0.0041
448 449 0.002
450 449 0.0051
440 450 0.0065
449 450 0.0051
451 450 0.0091
450 451 0.0091
452 451 0.0219
453 451 0.0048
455 451 0.0044
637 451 0.0044
451 452 0.0219
453 452 0.0193
456 452 0.0035
479 452 0.001
451 453 0.0048
452 453 0.0193
454 453 0.009
370 454 0.0675
453 454 0.009
457 454 0.0018
462 454 0.065
439 455 0.005
451 455 0.0044
456 455 0.0074
637 455 0.0118
452 456 0.0035
455 456 0.0074
480 456 0.0018
454 457 0.0018
481 457 0.0027
487 457 0.0027
643 457 0.009
459 458 0.0525
489 458 0.0273
643 458 0.0135
644 458 0.0696
458 459 0.0525
461 459 0.005
610 459 0.0459
645 459 0.0223
491 460 0.0145
607 460 0.021
610 460 0.0378
612 460 0.0752
645 460 0.0289
459 461 0.005
462 461 0.056
501 461 0.0304
524 461 0.0494
607 461 0.036
370 462 0.0698
454 462 0.065
461 462 0.056
519 462 0.0881
373 463 0.0012
374 463 0.0081
387 463 0.0018
389 463 0.0049
464 463 0.0021
474 463 0.0053
463 464 0.0021
465 464 0.0028
466 464 0.0025
373 465 0.0024
464 465 0.0028
466 465 0.0084
464 466 0.0025
465 466 0.0084
467 466 0.0017
466 467 0.0017
375 468 0.0099
372 469 0.0138
372 470 0.0094
371 471 0.0069
558 471 0.0064
619 471 0.0102
621 471 0.0194
371 472 0.0252
380 473 0.0026
408 473 0.0035
410 473 0.0092
626 473 0.0064
387 474 0.0054
389 474 0.0014
463 474 0.0053
386 475 0.0112
424 476 0.0023
425 476 0.007
477 476 0.0037
425 477 0.0033
476 477 0.0037
478 477 0.0079
477 478 0.0079
452 479 0.001
456 480 0.0018
457 481 0.0027
482 481 0.0007
483 481 0.0029
481 482 0.0007
481 483 0.0029
484 483 0.0032
485 483 0.0118
487 483 0.0052
483 484 0.0032
483 485 0.0118
486 485 0.0048
487 485 0.015
485 486 0.0048
487 486 0.005
648 486 0.0034
457 487 0.0027
483 487 0.0052
485 487 0.015
486 487 0.005
488 487 0.0074
487 488 0.0074
489 488 0.0396
643 488 0.0039
458 489 0.0273
488 489 0.0396
490 489 0.0106
644 489 0.0351
489 490 0.0106
647 490 0.0498
663 490 0.0602
694 490 0.04
460 491 0.0145
492 491 0.0008
493 491 0.044
494 491 0.0132
644 491 0.016
491 492 0.0008
491 493 0.044
494 493 0.0071
612 493 0.0094
341 494 0.0345
491 494 0.0132
493 494 0.0071
495 494 0.0058
620 494 0.0518
494 495 0.0058
496 495 0.0016
497 495 0.0023
646 495 0.0072
495 496 0.0016
495 497 0.0023
734 497 0.0234
738 497 0.0014
776 497 0.002
499 498 0.0031
505 498 0.0055
613 498 0.003
709 498 0.0152
498 499 0.0031
613 500 0.0052
461 501 0.0304
502 501 0.0307
524 501 0.0462
501 502 0.0307
503 502 0.0053
523 502 0.0123
342 503 0.0739
502 503 0.0053
615 503 0.0187
618 503 0.0705
505 504 0.0117
512 504 0.0065
517 504 0.0657
615 504 0.135
498 505 0.0055
504 505 0.0117
506 505 0.0092
507 505 0.0397
512 505 0.0113
505 506 0.0092
561 506 0.0623
710 506 0.0046
738 506 0.079
787 506 0.0173
794 506 0.0164
505 507 0.0397
536 507 0.0606
561 507 0.0236
258 508 0.0608
324 508 0.1062
525 508 0.0402
550 508 0.0284
558 508 0.0123
510 509 0.025
514 509 0.0624
517 509 0.0072
521 509 0.0251
549 509 0.0382
558 509 0.0118
509 510 0.025
511 510 0.0151
513 510 0.0077
549 510 0.0264
510 511 0.0151
512 511 0.0083
539 511 0.0283
546 511 0.0102
548 511 0.0268
504 512 0.0065
505 512 0.0113
511 512 0.0083
510 513 0.0077
509 514 0.0624
515 514 0.0235
518 514 0.0251
558 514 0.0118
514 515 0.0235
516 515 0.0273
518 515 0.0132
515 516 0.0273
517 516 0.0296
523 516 0.0024
504 517 0.0657
509 517 0.0072
516 517 0.0296
615 517 0.063
514 518 0.0251
515 518 0.0132
520 518 0.0815
558 518 0.0098
462 519 0.0881
520 519 0.1067
522 519 0.0371
524 519 0.0723
370 520 0.0313
518 520 0.0815
519 520 0.1067
509 521 0.0251
533 521 0.0189
549 521 0.0225
558 521 0.0119
519 522 0.0371
523 522 0.0552
524 522 0.0373
502 523 0.0123
516 523 0.0024
522 523 0.0552
461 524 0.0494
501 524 0.0462
519 524 0.0723
522 524 0.0373
508 525 0.0402
526 525 0.0554
533 525 0.0386
545 525 0.0387
547 525 0.0297
525 526 0.0554
527 526 0.0242
533 526 0.0327
543 526 0.0054
526 527 0.0242
528 527 0.0207
541 527 0.0095
527 528 0.0207
529 528 0.0119
531 528 0.012
115 529 0.0306
528 529 0.0119
535 529 0.0192
115 530 0.0372
531 530 0.0097
532 530 0.0208
829 530 0.0075
830 530 0.0096
69 531 0.0088
115 531 0.0213
528 531 0.012
530 531 0.0097
532 531 0.0104
530 532 0.0208
531 532 0.0104
542 532 0.0323
521 533 0.0189
525 533 0.0386
526 533 0.0327
534 533 0.0418
540 533 0.0025
533 534 0.0418
535 534 0.0152
538 534 0.0164
115 535 0.015
529 535 0.0192
534 535 0.0152
536 535 0.0282
507 536 0.0606
535 536 0.0282
537 536 0.0042
561 536 0.0368
73 537 0.0228
74 537 0.0351
75 537 0.0208
536 537 0.0042
538 537 0.0302
534 538 0.0164
537 538 0.0302
539 538 0.0215
547 538 0.0041
511 539 0.0283
538 539 0.0215
548 539 0.0165
115 540 0.0119
533 540 0.0025
561 540 0.0152
69 541 0.0147
527 541 0.0095
543 541 0.0347
69 542 0.0166
532 542 0.0323
790 542 0.0271
828 542 0.0539
829 542 0.0147
526 543 0.0054
541 543 0.0347
544 543 0.0133
552 543 0.0125
562 543 0.0644
543 544 0.0133
562 544 0.0324
827 544 0.0403
828 544 0.0318
525 545 0.0387
546 545 0.0034
549 545 0.0271
511 546 0.0102
545 546 0.0034
549 546 0.0076
525 547 0.0297
538 547 0.0041
548 547 0.0365
511 548 0.0268
539 548 0.0165
547 548 0.0365
509 549 0.0382
510 549 0.0264
521 549 0.0225
545 549 0.0271
546 549 0.0076
508 550 0.0284
551 550 0.0481
559 550 0.0255
550 551 0.0481
552 551 0.0198
559 551 0.0421
543 552 0.0125
551 552 0.0198
560 552 0.0224
287 553 0.0051
339 553 0.0196
562 553 0.0281
826 553 0.011
827 553 0.0142
842 553 0.0076
31 554 0.0051
33 554 0.0155
34 554 0.0469
339 555 0.0068
556 555 0.0058
831 555 0.0061
843 555 0.0128
253 556 0.0238
283 556 0.0492
287 556 0.0088
555 556 0.0058
559 556 0.0264
560 556 0.0143
700 556 0.0147
843 556 0.0071
199 557 0.0189
200 557 0.0183
558 557 0.0091
40 558 0.0058
41 558 0.0065
118 558 0.012
133 558 0.0135
151 558 0.0109
153 558 0.0158
159 558 0.0057
212 558 0.0085
215 558 0.0151
313 558 0.0127
314 558 0.0116
316 558 0.0158
317 558 0.0157
323 558 0.0076
324 558 0.0119
370 558 0.0117
371 558 0.0152
372 558 0.0156
375 558 0.0107
385 558 0.0034
471 558 0.0064
508 558 0.0123
509 558 0.0118
514 558 0.0118
518 558 0.0098
521 558 0.0119
557 558 0.0091
616 558 0.01
550 559 0.0255
551 559 0.0421
556 559 0.0264
560 559 0.0155
552 560 0.0224
556 560 0.0143
559 560 0.0155
506 561 0.0623
507 561 0.0236
536 561 0.0368
540 561 0.0152
788 561 0.0256
794 561 0.0106
287 562 0.0231
543 562 0.0644
544 562 0.0324
553 562 0.0281
71 563 0.0148
568 563 0.041
700 563 0.0152
833 563 0.0263
258 564 0.0473
565 564 0.0292
600 564 0.0405
855 564 0.0215
253 565 0.048
283 565 0.0719
564 565 0.0292
39 566 0.0067
95 566 0.0007
320 566 0.001
354 566 0.0085
98 567 0.013
275 567 0.0409
280 567 0.0029
576 567 0.0351
70 568 0.0275
286 568 0.0381
563 568 0.041
169 569 0.0031
174 569 0.0247
297 569 0.0018
573 569 0.0065
574 569 0.006
855 570 0.03
299 571 0.0307
317 571 0.0057
323 571 0.0151
168 572 0.0371
191 572 0.0196
573 572 0.0054
174 573 0.0093
569 573 0.0065
572 573 0.0054
174 574 0.0135
569 574 0.006
575 574 0.0196
171 575 0.0198
273 575 0.0378
574 575 0.0196
275 576 0.046
281 576 0.0053
318 576 0.0302
567 576 0.0351
89 577 0.0494
578 577 0.0476
583 577 0.0132
281 578 0.0139
318 578 0.0176
577 578 0.0476
15 579 0.0117
299 579 0.0062
305 579 0.0359
580 579 0.039
315 580 0.0084
319 580 0.0259
579 580 0.039
275 581 0.026
318 581 0.052
587 581 0.0502
276 582 0.0072
281 582 0.0135
284 582 0.0107
276 583 0.0331
293 583 0.002
577 583 0.0132
316 584 0.014
322 584 0.0124
323 584 0.0252
6 585 0.0129
13 585 0.007
586 585 0.0408
585 586 0.0408
587 586 0.0383
588 586 0.0211
89 587 0.0973
581 587 0.0502
586 587 0.0383
586 588 0.0211
589 588 0.0968
590 588 0.0135
89 589 0.0104
588 589 0.0968
590 589 0.0182
588 590 0.0135
589 590 0.0182
591 590 0.024
93 591 0.0046
590 591 0.024
592 591 0.0176
93 592 0.0176
591 592 0.0176
596 592 0.0477
21 593 0.0298
594 593 0.0201
605 593 0.0116
17 594 0.0903
90 594 0.0093
593 594 0.0201
16 595 0.0041
90 595 0.0321
93 595 0.1421
94 596 0.0523
295 596 0.002
592 596 0.0477
29 597 0.0066
30 597 0.0338
599 597 0.0198
70 598 0.0156
71 598 0.0153
328 598 0.0128
838 598 0.0045
30 599 0.0221
31 599 0.0647
597 599 0.0198
258 600 0.0615
324 600 0.0666
325 600 0.0483
564 600 0.0405
855 600 0.0141
33 601 0.0513
50 601 0.0081
602 601 0.117
917 601 0.0038
33 602 0.0318
601 602 0.117
904 602 0.0422
15 603 0.0318
305 603 0.0336
329 603 0.0517
611 603 0.0199
325 604 0.0355
331 604 0.0595
617 604 0.0622
14 605 0.1006
20 605 0.0185
24 605 0.0166
593 605 0.0116
44 606 0.0119
47 606 0.0176
67 606 0.028
334 607 0.0057
460 607 0.021
461 607 0.036
608 607 0.0073
334 608 0.0137
607 608 0.0073
609 608 0.0213
608 609 0.0213
618 609 0.0099
622 609 0.0124
459 610 0.0459
460 610 0.0378
645 610 0.0176
328 611 0.0228
329 611 0.0348
335 611 0.0157
603 611 0.0199
334 612 0.0774
460 612 0.0752
493 612 0.0094
623 612 0.0075
336 613 0.0589
498 613 0.003
500 613 0.0052
317 614 0.0025
331 614 0.0033
332 614 0.0018
337 615 0.0204
342 615 0.0286
503 615 0.0187
504 615 0.135
517 615 0.063
331 616 0.008
558 616 0.01
617 616 0.0351
325 617 0.0762
604 617 0.0622
616 617 0.0351
337 618 0.0068
338 618 0.0083
341 618 0.017
503 618 0.0705
609 618 0.0099
622 618 0.0377
471 619 0.0102
338 620 0.0113
341 620 0.0188
494 620 0.0518
646 620 0.0089
471 621 0.0194
341 622 0.0186
609 622 0.0124
618 622 0.0377
623 622 0.033
341 623 0.0148
612 623 0.0075
622 623 0.033
381 624 0.007
442 624 0.0011
446 624 0.0031
379 625 0.0044
407 625 0.0097
443 625 0.0073
630 625 0.0087
409 626 0.0137
410 626 0.0265
473 626 0.0064
627 626 0.0058
390 627 0.0067
409 627 0.0085
410 627 0.0049
626 627 0.0058
628 627 0.0035
634 627 0.0067
392 628 0.0042
627 628 0.0035
634 628 0.0168
379 629 0.0075
390 629 0.0048
410 629 0.0107
379 630 0.0022
386 630 0.0153
407 630 0.0154
625 630 0.0087
179 631 0.0064
195 631 0.0126
199 631 0.0051
195 632 0.0103
196 632 0.0219
239 632 0.0083
732 633 0.0109
733 633 0.0211
758 633 0.0082
759 633 0.0112
383 634 0.0133
384 634 0.0051
627 634 0.0067
628 634 0.0168
437 635 0.003
437 636 0.0034
359 637 0.0126
440 637 0.0095
451 637 0.0044
455 637 0.0118
434 638 0.0092
435 638 0.0071
436 638 0.0089
639 638 0.0034
638 639 0.0034
435 640 0.0234
436 640 0.017
641 640 0.0232
439 641 0.0048
640 641 0.0232
642 641 0.0103
641 642 0.0103
457 643 0.009
458 643 0.0135
488 643 0.0039
458 644 0.0696
489 644 0.0351
491 644 0.016
645 644 0.036
459 645 0.0223
460 645 0.0289
610 645 0.0176
644 645 0.036
336 646 0.0108
495 646 0.0072
620 646 0.0089
490 647 0.0498
648 647 0.0091
652 647 0.0142
486 648 0.0034
647 648 0.0091
649 648 0.0046
648 649 0.0046
651 650 0.0031
652 650 0.0341
653 650 0.0049
650 651 0.0031
647 652 0.0142
650 652 0.0341
654 652 0.0172
650 653 0.0049
652 654 0.0172
655 654 0.0042
657 654 0.0205
654 655 0.0042
656 655 0.0061
661 655 0.0065
655 656 0.0061
654 657 0.0205
658 657 0.0082
659 657 0.0041
657 658 0.0082
657 659 0.0041
660 659 0.0143
662 659 0.0032
659 660 0.0143
655 661 0.0065
659 662 0.0032
490 663 0.0602
664 663 0.0599
665 663 0.0189
663 664 0.0599
665 664 0.0365
668 664 0.0302
676 664 0.0029
663 665 0.0189
664 665 0.0365
666 665 0.0084
665 666 0.0084
667 666 0.0036
676 666 0.0039
666 667 0.0036
664 668 0.0302
669 668 0.0642
706 668 0.0081
707 668 0.0091
668 669 0.0642
670 669 0.0459
678 669 0.0246
669 670 0.0459
671 670 0.0121
674 670 0.0233
690 670 0.0389
670 671 0.0121
672 671 0.0054
674 671 0.0272
677 671 0.0001
671 672 0.0054
673 672 0.0021
711 672 0.0057
672 673 0.0021
670 674 0.0233
671 674 0.0272
675 674 0.0048
676 674 0.0211
674 675 0.0048
664 676 0.0029
666 676 0.0039
674 676 0.0211
671 677 0.0001
669 678 0.0246
679 678 0.0367
686 678 0.0072
717 678 0.0224
678 679 0.0367
680 679 0.0212
689 679 0.0263
720 679 0.0243
679 680 0.0212
681 680 0.0339
688 680 0.0159
689 680 0.043
693 680 0.0189
680 681 0.0339
682 681 0.0184
721 681 0.0195
681 682 0.0184
683 682 0.0205
721 682 0.0218
722 682 0.0098
682 683 0.0205
684 683 0.0065
715 683 0.0027
716 683 0.0032
683 684 0.0065
685 684 0.0118
692 684 0.0133
684 685 0.0118
692 685 0.0136
712 685 0.0019
678 686 0.0072
687 686 0.0148
689 686 0.02
686 687 0.0148
688 687 0.0124
689 687 0.0193
680 688 0.0159
687 688 0.0124
691 688 0.0062
693 688 0.0172
679 689 0.0263
680 689 0.043
686 689 0.02
687 689 0.0193
670 690 0.0389
688 691 0.0062
692 691 0.0053
693 691 0.0159
684 692 0.0133
685 692 0.0136
691 692 0.0053
680 693 0.0189
688 693 0.0172
691 693 0.0159
490 694 0.04
695 694 0.0494
707 694 0.0058
694 695 0.0494
696 695 0.0053
698 695 0.008
701 695 0.0163
707 695 0.0075
695 696 0.0053
697 696 0.0194
734 696 0.039
739 696 0.0079
696 697 0.0194
698 697 0.0099
747 697 0.021
695 698 0.008
697 698 0.0099
699 698 0.0105
708 698 0.0308
748 698 0.0525
698 699 0.0105
730 699 0.0061
868 699 0.0077
283 700 0.0103
556 700 0.0147
563 700 0.0152
832 700 0.0058
833 700 0.0118
695 701 0.0163
702 701 0.0088
708 701 0.04
729 701 0.0096
701 702 0.0088
703 702 0.0225
706 702 0.0152
729 702 0.0389
702 703 0.0225
706 703 0.0067
725 703 0.0485
729 703 0.0153
724 704 0.0243
725 704 0.0275
728 704 0.0392
718 705 0.003
726 705 0.0079
728 705 0.0173
668 706 0.0081
702 706 0.0152
703 706 0.0067
707 706 0.0072
668 707 0.0091
694 707 0.0058
695 707 0.0075
706 707 0.0072
698 708 0.0308
701 708 0.04
730 708 0.0117
498 709 0.0152
506 710 0.0046
672 711 0.0057
712 711 0.0006
714 711 0.0004
685 712 0.0019
711 712 0.0006
713 712 0.0019
712 713 0.0019
711 714 0.0004
683 715 0.0027
683 716 0.0032
678 717 0.0224
718 717 0.0256
720 717 0.0289
724 717 0.0453
705 718 0.003
717 718 0.0256
719 718 0.0049
722 718 0.0063
718 719 0.0049
679 720 0.0243
717 720 0.0289
721 720 0.0111
722 720 0.0053
681 721 0.0195
682 721 0.0218
720 721 0.0111
682 722 0.0098
718 722 0.0063
720 722 0.0053
723 722 0.0054
722 723 0.0054
704 724 0.0243
717 724 0.0453
725 724 0.0232
703 725 0.0485
704 725 0.0275
724 725 0.0232
726 725 0.0177
705 726 0.0079
725 726 0.0177
727 726 0.0042
728 726 0.0107
730 726 0.0212
726 727 0.0042
704 728 0.0392
705 728 0.0173
726 728 0.0107
701 729 0.0096
702 729 0.0389
703 729 0.0153
730 729 0.0837
699 730 0.0061
708 730 0.0117
726 730 0.0212
729 730 0.0837
868 731 0.0034
633 732 0.0109
754 732 0.0017
868 732 0.0048
633 733 0.0211
497 734 0.0234
696 734 0.039
735 734 0.0092
734 735 0.0092
736 735 0.0134
752 735 0.0257
776 735 0.0132
735 736 0.0134
737 736 0.0352
752 736 0.0395
776 736 0.0076
736 737 0.0352
738 737 0.0602
756 737 0.0144
776 737 0.0051
497 738 0.0014
506 738 0.079
737 738 0.0602
776 738 0.0053
777 738 0.0184
696 739 0.0079
740 739 0.0301
750 739 0.0245
752 739 0.0123
739 740 0.0301
741 740 0.0186
751 740 0.013
740 741 0.0186
742 741 0.0304
751 741 0.0119
753 741 0.0163
754 741 0.0104
765 741 0.0071
741 742 0.0304
743 742 0.0371
751 742 0.0119
742 743 0.0371
744 743 0.0115
868 743 0.021
743 744 0.0115
745 744 0.0091
751 744 0.0109
744 745 0.0091
746 745 0.0211
748 745 0.0096
745 746 0.0211
747 746 0.0098
748 746 0.0099
750 746 0.0152
697 747 0.021
746 747 0.0098
748 747 0.0166
698 748 0.0525
745 748 0.0096
746 748 0.0099
747 748 0.0166
750 749 0.0196
739 750 0.0245
746 750 0.0152
749 750 0.0196
751 750 0.022
740 751 0.013
741 751 0.0119
742 751 0.0119
744 751 0.0109
750 751 0.022
735 752 0.0257
736 752 0.0395
739 752 0.0123
753 752 0.0199
741 753 0.0163
752 753 0.0199
765 753 0.008
732 754 0.0017
741 754 0.0104
755 754 0.0059
765 754 0.007
754 755 0.0059
737 756 0.0144
757 756 0.0107
761 756 0.0217
756 757 0.0107
758 757 0.0047
765 757 0.0045
633 758 0.0082
757 758 0.0047
760 758 0.0036
633 759 0.0112
758 760 0.0036
756 761 0.0217
762 761 0.0452
769 761 0.008
778 761 0.0083
761 762 0.0452
763 762 0.0305
773 762 0.0058
762 763 0.0305
764 763 0.0025
766 763 0.0044
763 764 0.0025
741 765 0.0071
753 765 0.008
754 765 0.007
757 765 0.0045
763 766 0.0044
767 766 0.0123
768 766 0.0013
766 767 0.0123
766 768 0.0013
761 769 0.008
770 769 0.0059
771 769 0.0014
772 769 0.0059
778 769 0.0022
769 770 0.0059
769 771 0.0014
769 772 0.0059
762 773 0.0058
774 773 0.0027
775 773 0.0017
773 774 0.0027
773 775 0.0017
497 776 0.002
735 776 0.0132
736 776 0.0076
737 776 0.0051
738 776 0.0053
738 777 0.0184
778 777 0.0222
779 777 0.007
761 778 0.0083
769 778 0.0022
777 778 0.0222
777 779 0.007
780 779 0.0152
787 779 0.0041
779 780 0.0152
781 780 0.0385
783 780 0.0102
796 780 0.0029
780 781 0.0385
784 781 0.0386
796 781 0.0237
787 782 0.0157
794 782 0.0095
796 782 0.0161
802 782 0.0054
780 783 0.0102
784 783 0.0067
785 783 0.008
808 783 0.0134
781 784 0.0386
783 784 0.0067
785 784 0.004
808 784 0.0046
783 785 0.008
784 785 0.004
786 785 0.0021
785 786 0.0021
506 787 0.0173
779 787 0.0041
782 787 0.0157
561 788 0.0256
789 788 0.0041
830 788 0.0027
788 789 0.0041
790 789 0.0129
795 789 0.0278
797 789 0.0276
830 789 0.005
542 790 0.0271
789 790 0.0129
791 790 0.0124
790 791 0.0124
792 791 0.0242
801 791 0.0147
818 791 0.0197
828 791 0.0286
791 792 0.0242
793 792 0.0188
818 792 0.0165
827 792 0.029
792 793 0.0188
822 793 0.0086
826 793 0.0117
841 793 0.0037
506 794 0.0164
561 794 0.0106
782 794 0.0095
795 794 0.0044
789 795 0.0278
794 795 0.0044
796 795 0.0076
780 796 0.0029
781 796 0.0237
782 796 0.0161
795 796 0.0076
789 797 0.0276
798 797 0.0071
829 797 0.0133
797 798 0.0071
799 798 0.006
801 798 0.0087
802 798 0.0029
798 799 0.006
800 799 0.0049
804 799 0.0084
799 800 0.0049
801 800 0.0139
809 800 0.0126
791 801 0.0147
798 801 0.0087
800 801 0.0139
782 802 0.0054
798 802 0.0029
803 802 0.0154
802 803 0.0154
799 804 0.0084
805 804 0.0026
844 804 0.0043
804 805 0.0026
806 805 0.0077
844 805 0.0008
805 806 0.0077
807 806 0.0017
808 806 0.0001
806 807 0.0017
783 808 0.0134
784 808 0.0046
806 808 0.0001
800 809 0.0126
810 809 0.0195
844 809 0.0052
809 810 0.0195
811 810 0.0127
819 810 0.0194
822 810 0.0024
845 810 0.0066
810 811 0.0127
812 811 0.0012
815 811 0.013
811 812 0.0012
813 812 0.0029
814 812 0.0018
812 813 0.0029
812 814 0.0018
811 815 0.013
816 815 0.0008
817 815 0.0014
845 815 0.0032
815 816 0.0008
815 817 0.0014
791 818 0.0197
792 818 0.0165
819 818 0.0074
810 819 0.0194
818 819 0.0074
820 819 0.0032
819 820 0.0032
821 820 0.0009
858 820 0.0004
820 821 0.0009
793 822 0.0086
810 822 0.0024
823 822 0.0051
841 822 0.0013
822 823 0.0051
824 823 0.003
850 823 0.0032
851 823 0.0027
823 824 0.003
825 824 0.0188
841 824 0.0025
849 824 0.0103
824 825 0.0188
839 825 0.0083
849 825 0.0031
553 826 0.011
793 826 0.0117
827 826 0.0129
840 826 0.003
842 826 0.004
544 827 0.0403
553 827 0.0142
792 827 0.029
826 827 0.0129
828 827 0.0381
542 828 0.0539
544 828 0.0318
791 828 0.0286
827 828 0.0381
530 829 0.0075
542 829 0.0147
797 829 0.0133
830 829 0.0093
530 830 0.0096
788 830 0.0027
789 830 0.005
829 830 0.0093
555 831 0.0061
832 831 0.0128
842 831 0.003
843 831 0.0012
700 832 0.0058
831 832 0.0128
833 832 0.0378
839 832 0.0088
72 833 0.0163
563 833 0.0263
700 833 0.0118
832 833 0.0378
834 833 0.0038
72 834 0.0043
833 834 0.0038
835 834 0.0036
834 835 0.0036
836 835 0.01
838 835 0.0125
866 835 0.0052
835 836 0.01
837 836 0.0025
864 836 0.0018
836 837 0.0025
849 837 0.0008
850 837 0.0012
856 837 0.0024
71 838 0.0037
333 838 0.0075
598 838 0.0045
835 838 0.0125
825 839 0.0083
832 839 0.0088
840 839 0.0012
849 839 0.0021
866 839 0.0029
826 840 0.003
839 840 0.0012
841 840 0.002
842 840 0.0036
793 841 0.0037
822 841 0.0013
824 841 0.0025
840 841 0.002
339 842 0.014
553 842 0.0076
826 842 0.004
831 842 0.003
840 842 0.0036
555 843 0.0128
556 843 0.0071
831 843 0.0012
804 844 0.0043
805 844 0.0008
809 844 0.0052
810 845 0.0066
815 845 0.0032
846 845 0.0018
845 846 0.0018
847 846 0.0007
848 846 0.0012
846 847 0.0007
846 848 0.0012
824 849 0.0103
825 849 0.0031
837 849 0.0008
839 849 0.0021
850 849 0.0025
866 849 0.0026
823 850 0.0032
837 850 0.0012
849 850 0.0025
823 851 0.0027
321 852 0.0685
853 852 0.0075
863 852 0.0163
883 852 0.0115
901 852 0.004
852 853 0.0075
854 853 0.0096
864 853 0.0043
351 854 0.0109
853 854 0.0096
867 854 0.001
564 855 0.0215
570 855 0.03
600 855 0.0141
351 856 0.0039
837 856 0.0024
857 856 0.0019
856 857 0.0019
858 857 0.0069
860 857 0.0042
820 858 0.0004
857 858 0.0069
859 858 0.0004
858 859 0.0004
351 860 0.0079
857 860 0.0042
861 860 0.0011
860 861 0.0011
862 861 0.0101
869 861 0.0039
879 861 0.0419
861 862 0.0101
863 862 0.0533
879 862 0.0072
852 863 0.0163
862 863 0.0533
867 863 0.002
315 864 0.0026
321 864 0.002
333 864 0.0039
836 864 0.0018
853 864 0.0043
865 864 0.0068
864 865 0.0068
835 866 0.0052
839 866 0.0029
849 866 0.0026
351 867 0.0037
854 867 0.001
863 867 0.002
699 868 0.0077
731 868 0.0034
732 868 0.0048
743 868 0.021
861 869 0.0039
870 869 0.0087
873 869 0.0042
869 870 0.0087
871 870 0.0006
872 870 0.0019
870 871 0.0006
870 872 0.0019
877 872 0.0009
878 872 0.0009
881 872 0.0012
272 873 0.0041
869 873 0.0042
876 873 0.0013
272 874 0.0041
272 875 0.0035
873 876 0.0013
872 877 0.0009
872 878 0.0009
861 879 0.0419
862 879 0.0072
880 879 0.0025
889 879 0.0107
233 880 0.0015
879 880 0.0025
881 880 0.0023
872 881 0.0012
880 881 0.0023
882 881 0.0011
881 882 0.0011
852 883 0.0115
884 883 0.0157
900 883 0.012
883 884 0.0157
913 884 0.0024
916 884 0.0071
886 885 0.0063
916 885 0.0496
939 885 0.0325
263 886 0.0008
885 886 0.0063
887 886 0.0042
886 887 0.0042
888 887 0.001
894 887 0.0004
897 887 0.0014
887 888 0.001
879 889 0.0107
890 889 0.0051
896 889 0.001
916 889 0.0009
204 890 0.0006
889 890 0.0051
891 890 0.0007
897 890 0.0022
890 891 0.0007
892 891 0.0019
897 891 0.0005
