568 1 0.0017
125 2 0.0081
368 2 0.0056
568 2 0.003
1207 2 0.0029
368 3 0.0009
7 4 0.0045
12 4 0.0136
33 4 0.0029
41 5 0.0149
15 6 0.0023
16 6 0.0029
88 6 0.0077
353 6 0.0133
536 6 0.0022
4 7 0.0045
8 7 0.0073
157 7 0.0046
7 8 0.0073
9 8 0.0038
10 8 0.0126
8 9 0.0038
365 9 0.0076
832 9 0.0134
8 10 0.0126
11 10 0.0139
21 10 0.018
10 11 0.0139
4 12 0.0136
13 12 0.0128
18 12 0.0057
33 12 0.0039
12 13 0.0128
17 13 0.0018
18 13 0.0116
22 13 0.0105
41 14 0.0011
6 15 0.0023
6 16 0.0029
13 17 0.0018
12 18 0.0057
13 18 0.0116
21 18 0.0064
88 19 0.0011
88 20 0.0011
10 21 0.018
18 21 0.0064
832 21 0.008
13 22 0.0105
24 22 0.0092
29 22 0.0204
852 22 0.089
395 23 0.0096
403 23 0.0369
826 23 0.0134
850 23 0.0301
22 24 0.0092
153 24 0.0041
842 24 0.0044
560 25 0.0093
561 25 0.0212
841 25 0.073
29 26 0.0122
33 26 0.0058
35 26 0.0017
33 27 0.0369
45 27 0.0454
70 27 0.0384
140 28 0.0008
22 29 0.0204
26 29 0.0122
852 29 0.0171
140 30 0.0021
51 31 0.0041
56 31 0.0069
560 31 0.0212
840 31 0.0392
160 32 0.0158
171 32 0.0061
353 32 0.0083
4 33 0.0029
12 33 0.0039
26 33 0.0058
27 33 0.0369
178 33 0.0429
52 34 0.0029
160 34 0.0063
558 34 0.0007
26 35 0.0017
36 35 0.0098
43 35 0.0143
35 36 0.0098
38 36 0.0206
852 36 0.0164
39 37 0.0007
42 37 0.0009
179 37 0.0043
36 38 0.0206
40 38 0.0036
43 38 0.0028
37 39 0.0007
38 40 0.0036
5 41 0.0149
14 41 0.0011
88 41 0.0033
225 41 0.0013
37 42 0.0009
202 42 0.001
206 42 0.0012
35 43 0.0143
38 43 0.0028
44 43 0.0111
43 44 0.0111
27 45 0.0454
70 45 0.0406
74 45 0.0075
844 45 0.0123
130 46 0.0008
179 46 0.0024
214 46 0.0107
48 47 0.0089
53 47 0.0036
844 47 0.0475
846 47 0.0356
47 48 0.0089
49 48 0.0471
801 48 0.0056
846 48 0.0831
48 49 0.0471
50 49 0.0495
80 49 0.0486
49 50 0.0495
51 50 0.0337
80 50 0.0168
801 50 0.0163
848 50 0.0833
849 50 0.0654
31 51 0.0041
50 51 0.0337
53 51 0.0084
54 51 0.0065
801 51 0.0447
34 52 0.0029
160 52 0.003
243 52 0.0001
47 53 0.0036
51 53 0.0084
54 53 0.0145
51 54 0.0065
53 54 0.0145
56 54 0.0141
567 55 0.003
31 56 0.0069
54 56 0.0141
560 56 0.016
575 56 0.0101
577 56 0.0535
568 57 0.0079
588 57 0.0044
813 57 0.0147
1212 57 0.006
107 58 0.0162
404 58 0.0078
805 58 0.0044
95 59 0.0046
401 59 0.0101
805 59 0.0058
1159 60 0.0214
1205 60 0.0807
1206 60 0.0468
1208 60 0.0477
62 61 0.0087
70 61 0.0037
401 61 0.0045
61 62 0.0087
63 62 0.0237
73 62 0.0114
853 62 0.011
62 63 0.0237
65 63 0.0115
80 63 0.0028
66 64 0.0255
77 64 0.0688
78 64 0.0431
353 64 0.0272
63 65 0.0115
67 65 0.0045
74 65 0.006
86 65 0.0143
853 65 0.0151
64 66 0.0255
77 66 0.0457
872 66 0.0164
65 67 0.0045
68 67 0.0056
84 67 0.0025
67 68 0.0056
80 68 0.009
848 68 0.0086
872 69 0.0062
27 70 0.0384
45 70 0.0406
61 70 0.0037
73 70 0.002
72 71 0.0057
285 71 0.0202
290 71 0.0207
71 72 0.0057
62 73 0.0114
70 73 0.002
74 73 0.0247
45 74 0.0075
65 74 0.006
73 74 0.0247
290 75 0.0037
77 76 0.0444
78 76 0.037
285 76 0.0397
64 77 0.0688
66 77 0.0457
76 77 0.0444
64 78 0.0431
76 78 0.037
276 78 0.034
276 79 0.0188
368 79 0.0054
1207 79 0.0254
49 80 0.0486
50 80 0.0168
63 80 0.0028
68 80 0.009
1186 81 0.0287
1187 81 0.0115
1189 81 0.0051
128 82 0.002
1168 83 0.0228
1197 83 0.0491
1202 83 0.0338
1203 83 0.0327
67 84 0.0025
85 84 0.0192
89 84 0.0158
1175 84 0.0165
84 85 0.0192
65 86 0.0143
89 86 0.0025
96 86 0.0143
90 87 0.0005
91 87 0.005
1102 87 0.0024
6 88 0.0077
19 88 0.0011
20 88 0.0011
41 88 0.0033
84 89 0.0158
86 89 0.0025
131 89 0.0106
132 89 0.01
1173 89 0.0156
87 90 0.0005
87 91 0.005
92 91 0.01
94 91 0.0078
91 92 0.01
93 92 0.0013
94 92 0.0149
92 93 0.0013
91 94 0.0078
92 94 0.0149
496 94 0.0011
59 95 0.0046
96 95 0.0626
127 95 0.0263
853 95 0.0278
86 96 0.0143
95 96 0.0626
104 96 0.0046
778 97 0.0091
788 97 0.013
789 97 0.0168
99 98 0.0238
325 98 0.0256
376 98 0.027
815 98 0.0238
845 98 0.0162
98 99 0.0238
100 99 0.0277
810 99 0.016
845 99 0.0154
1093 99 0.0039
99 100 0.0277
1088 100 0.0149
1089 100 0.0069
784 101 0.0192
784 102 0.028
784 103 0.0212
96 104 0.0046
1153 104 0.0122
1157 104 0.0297
1174 104 0.0529
106 105 0.0031
410 105 0.0005
909 105 0.0049
913 105 0.003
105 106 0.0031
58 107 0.0162
113 107 0.003
123 107 0.0038
918 108 0.0001
927 109 0.0031
111 110 0.017
922 110 0.0077
923 110 0.0279
110 111 0.017
112 111 0.0027
928 111 0.0025
111 112 0.0027
107 113 0.003
115 113 0.007
135 113 0.0098
259 114 0.0053
883 114 0.004
1017 114 0.0064
113 115 0.007
116 115 0.0068
135 115 0.0115
115 116 0.0068
118 117 0.0086
119 117 0.0075
259 117 0.0097
1123 117 0.0016
117 118 0.0086
117 119 0.0075
121 120 0.0537
122 120 0.016
259 120 0.0017
934 120 0.0035
120 121 0.0537
122 121 0.004
126 121 0.0022
493 121 0.0098
120 122 0.016
121 122 0.004
124 122 0.0056
107 123 0.0038
127 123 0.0062
139 123 0.016
122 124 0.0056
2 125 0.0081
156 125 0.001
813 125 0.0018
121 126 0.0022
95 127 0.0263
123 127 0.0062
131 127 0.0079
82 128 0.002
129 128 0.0014
133 128 0.0233
507 128 0.0131
128 129 0.0014
46 130 0.0008
89 131 0.0106
127 131 0.0079
132 131 0.0256
89 132 0.01
131 132 0.0256
1174 132 0.0316
128 133 0.0233
134 133 0.0376
507 133 0.0137
133 134 0.0376
136 134 0.0081
897 134 0.002
113 135 0.0098
115 135 0.0115
138 135 0.008
134 136 0.0081
137 136 0.0031
530 136 0.0094
136 137 0.0031
135 138 0.008
1155 138 0.008
1156 138 0.0044
123 139 0.016
146 139 0.005
1153 139 0.0023
28 140 0.0008
30 140 0.0021
148 140 0.0012
353 140 0.0008
897 141 0.006
389 142 0.0151
431 142 0.0118
805 142 0.0045
818 142 0.0101
831 142 0.018
897 143 0.002
145 144 0.0029
259 144 0.0022
1018 144 0.006
144 145 0.0029
139 146 0.005
384 147 0.0022
824 147 0.0418
834 147 0.0814
836 147 0.0101
140 148 0.0012
150 149 0.0103
562 149 0.0076
569 149 0.0086
841 149 0.0083
842 149 0.0289
149 150 0.0103
151 150 0.0009
569 150 0.0225
150 151 0.0009
152 151 0.0053
555 151 0.003
564 151 0.0011
151 152 0.0053
388 152 0.0043
559 152 0.0018
24 153 0.0041
154 153 0.0447
838 153 0.0093
839 153 0.0162
842 153 0.1384
153 154 0.0447
388 154 0.0029
843 154 0.0465
353 155 0.002
125 156 0.001
252 156 0.005
813 156 0.0025
1207 156 0.0045
7 157 0.0046
158 157 0.0065
162 157 0.0035
157 158 0.0065
159 158 0.0221
173 158 0.0083
365 158 0.0501
158 159 0.0221
163 159 0.0119
369 159 0.0023
814 159 0.0194
32 160 0.0158
34 160 0.0063
52 160 0.003
179 160 0.0053
162 161 0.0065
166 161 0.0079
401 161 0.0025
157 162 0.0035
161 162 0.0065
163 162 0.0028
159 163 0.0119
162 163 0.0028
164 163 0.0268
173 163 0.0781
174 163 0.0256
163 164 0.0268
350 164 0.0028
369 164 0.0027
515 165 0.0143
712 165 0.0105
733 165 0.0203
161 166 0.0079
167 166 0.0051
175 166 0.0047
166 167 0.0051
170 167 0.0045
173 167 0.006
225 168 0.0035
712 169 0.002
167 170 0.0045
32 171 0.0061
172 171 0.0002
515 171 0.0027
171 172 0.0002
158 173 0.0083
163 173 0.0781
167 173 0.006
163 174 0.0256
347 174 0.0032
364 174 0.0151
382 174 0.0096
166 175 0.0047
176 175 0.0029
248 175 0.0183
364 175 0.0096
175 176 0.0029
177 176 0.0247
364 176 0.0268
176 177 0.0247
328 177 0.0067
331 177 0.0042
381 177 0.0053
33 178 0.0429
180 178 0.0063
401 178 0.0191
37 179 0.0043
46 179 0.0024
160 179 0.0053
178 180 0.0063
181 180 0.0017
185 180 0.0044
180 181 0.0017
182 181 0.011
184 181 0.0022
181 182 0.011
776 183 0.0258
777 183 0.03
778 183 0.0182
782 183 0.0124
787 183 0.0113
181 184 0.0022
180 185 0.0044
187 186 0.0179
193 186 0.0204
805 186 0.012
186 187 0.0179
188 187 0.025
193 187 0.014
198 187 0.0705
187 188 0.025
189 188 0.0876
194 188 0.0323
188 189 0.0876
190 189 0.0223
194 189 0.021
199 189 0.0023
189 190 0.0223
191 190 0.0151
196 190 0.0213
200 190 0.0111
190 191 0.0151
192 191 0.005
211 191 0.009
191 192 0.005
302 192 0.0141
415 192 0.0034
186 193 0.0204
187 193 0.014
194 193 0.0271
188 194 0.0323
189 194 0.021
193 194 0.0271
196 195 0.032
190 196 0.0213
195 196 0.032
197 196 0.0076
203 196 0.0092
196 197 0.0076
187 198 0.0705
189 199 0.0023
190 200 0.0111
201 200 0.0055
289 200 0.0015
200 201 0.0055
42 202 0.001
196 203 0.0092
208 203 0.0159
210 203 0.0233
205 204 0.0177
597 204 0.0041
805 204 0.0135
204 205 0.0177
42 206 0.0012
936 207 0.0069
963 207 0.0206
964 207 0.0112
203 208 0.0159
209 208 0.0243
210 208 0.0252
208 209 0.0243
203 210 0.0233
208 210 0.0252
211 210 0.0086
191 211 0.009
210 211 0.0086
212 211 0.021
211 212 0.021
215 213 0.0057
46 214 0.0107
217 214 0.0068
224 214 0.0018
525 214 0.0053
213 215 0.0057
216 215 0.1126
299 215 0.0059
215 216 0.1126
300 216 0.024
417 216 0.0019
214 217 0.0068
229 218 0.0122
232 219 0.0167
241 219 0.0107
242 219 0.0049
286 219 0.0042
298 220 0.0017
298 221 0.0013
223 222 0.0032
241 222 0.0031
319 222 0.0009
222 223 0.0032
226 223 0.0002
298 223 0.0036
214 224 0.0018
41 225 0.0013
168 225 0.0035
237 225 0.0035
223 226 0.0002
279 226 0.0242
282 226 0.0011
284 226 0.0002
805 226 0.0109
229 227 0.0124
231 228 0.0088
235 228 0.0033
805 228 0.0158
218 229 0.0122
227 229 0.0124
230 229 0.0372
236 229 0.0062
296 229 0.0019
229 230 0.0372
228 231 0.0088
219 232 0.0167
233 232 0.0133
236 232 0.0047
232 233 0.0133
235 233 0.0102
242 233 0.0036
805 234 0.0038
228 235 0.0033
233 235 0.0102
236 235 0.0032
229 236 0.0062
232 236 0.0047
235 236 0.0032
238 236 0.002
225 237 0.0035
236 238 0.002
240 239 0.0179
239 240 0.0179
241 240 0.0051
242 240 0.0101
219 241 0.0107
222 241 0.0031
240 241 0.0051
219 242 0.0049
233 242 0.0036
240 242 0.0101
52 243 0.0001
245 244 0.0132
273 244 0.0077
402 244 0.0575
244 245 0.0132
246 245 0.0034
819 245 0.0213
245 246 0.0034
247 246 0.002
816 246 0.0034
246 247 0.002
248 247 0.0388
402 247 0.0012
175 248 0.0183
247 248 0.0388
249 248 0.0033
822 248 0.0181
248 249 0.0033
250 249 0.0119
277 249 0.0022
249 250 0.0119
277 250 0.0018
328 250 0.0374
269 251 0.0083
363 251 0.0093
816 251 0.0176
820 251 0.0083
821 251 0.0113
156 252 0.005
1205 252 0.0153
1212 252 0.0109
254 253 0.0189
270 253 0.0049
277 253 0.0121
253 254 0.0189
255 254 0.0034
363 254 0.0458
254 255 0.0034
257 256 0.0051
261 256 0.004
278 256 0.003
881 256 0.0128
256 257 0.0051
258 257 0.0041
261 257 0.0091
279 257 0.003
257 258 0.0041
260 258 0.0022
280 258 0.0015
281 258 0.0018
114 259 0.0053
117 259 0.0097
120 259 0.0017
144 259 0.0022
258 260 0.0022
262 260 0.0068
313 260 0.0077
256 261 0.004
257 261 0.0091
262 261 0.0038
260 262 0.0068
261 262 0.0038
263 262 0.0068
327 262 0.0061
262 263 0.0068
264 263 0.0104
265 263 0.0155
263 264 0.0104
321 264 0.0143
326 264 0.0022
263 265 0.0155
266 265 0.0022
333 265 0.0051
265 266 0.0022
267 266 0.0025
268 266 0.0013
277 266 0.0018
266 267 0.0025
329 267 0.0055
332 267 0.0064
266 268 0.0013
381 268 0.0019
382 268 0.0006
251 269 0.0083
270 269 0.0019
363 269 0.0036
819 269 0.018
253 270 0.0049
269 270 0.0019
271 270 0.0094
270 271 0.0094
272 271 0.0088
277 271 0.005
271 272 0.0088
244 273 0.0077
274 273 0.03
881 273 0.0121
273 274 0.03
275 274 0.0102
881 274 0.0275
882 274 0.0159
274 275 0.0102
314 275 0.0006
327 275 0.0117
882 275 0.0173
78 276 0.034
79 276 0.0188
285 276 0.0282
1207 276 0.0218
249 277 0.0022
250 277 0.0018
253 277 0.0121
266 277 0.0018
271 277 0.005
256 278 0.003
804 278 0.0247
881 278 0.0103
226 279 0.0242
257 279 0.003
804 279 0.0268
258 280 0.0015
258 281 0.0018
226 282 0.0011
1146 283 0.0006
226 284 0.0002
71 285 0.0202
76 285 0.0397
276 285 0.0282
290 285 0.0136
219 286 0.0042
288 286 0.0045
429 286 0.0006
453 287 0.042
462 287 0.0183
491 287 0.0265
847 287 0.0327
851 287 0.0322
864 287 0.0876
286 288 0.0045
289 288 0.011
292 288 0.0521
200 289 0.0015
288 289 0.011
308 289 0.003
71 290 0.0207
75 290 0.0037
285 290 0.0136
291 290 0.0132
290 291 0.0132
288 292 0.0521
293 292 0.0026
309 292 0.0026
292 293 0.0026
305 293 0.009
309 293 0.0047
295 294 0.0127
297 294 0.0118
805 294 0.0066
294 295 0.0127
296 295 0.0047
297 295 0.0084
229 296 0.0019
295 296 0.0047
297 296 0.0039
294 297 0.0118
295 297 0.0084
296 297 0.0039
805 297 0.0151
220 298 0.0017
221 298 0.0013
223 298 0.0036
215 299 0.0059
216 300 0.024
301 300 0.0166
302 300 0.0143
300 301 0.0166
192 302 0.0141
300 302 0.0143
303 302 0.0107
409 302 0.0038
302 303 0.0107
304 303 0.0046
877 303 0.035
303 304 0.0046
411 304 0.0062
706 304 0.0025
293 305 0.009
306 305 0.0131
309 305 0.0058
305 306 0.0131
307 306 0.0043
309 306 0.0025
306 307 0.0043
309 307 0.003
312 307 0.004
289 308 0.003
406 308 0.0026
422 308 0.0015
292 309 0.0026
293 309 0.0047
305 309 0.0058
306 309 0.0025
307 309 0.003
310 309 0.0064
422 309 0.0065
309 310 0.0064
311 310 0.0086
422 310 0.0014
310 311 0.0086
312 311 0.0212
425 311 0.001
307 312 0.004
311 312 0.0212
426 312 0.0025
260 313 0.0077
314 313 0.0237
319 313 0.0054
275 314 0.0006
313 314 0.0237
315 314 0.0118
319 314 0.0089
432 314 0.0025
314 315 0.0118
316 315 0.0074
432 315 0.004
315 316 0.0074
317 316 0.0164
879 316 0.0076
316 317 0.0164
318 317 0.0081
434 317 0.0049
317 318 0.0081
222 319 0.0009
313 319 0.0054
314 319 0.0089
1135 320 0.0019
264 321 0.0143
322 321 0.0123
333 321 0.0091
321 322 0.0123
323 322 0.0064
335 322 0.0063
322 323 0.0064
335 323 0.0125
434 323 0.0008
879 323 0.0024
1107 324 0.0142
1109 324 0.0071
1118 324 0.0528
98 325 0.0256
462 325 0.0154
845 325 0.0113
858 325 0.0214
1065 325 0.019
264 326 0.0022
262 327 0.0061
275 327 0.0117
882 327 0.0071
177 328 0.0067
250 328 0.0374
331 328 0.0136
267 329 0.0055
332 330 0.0028
333 330 0.0039
334 330 0.0035
340 330 0.0007
349 330 0.0017
177 331 0.0042
328 331 0.0136
332 331 0.0084
267 332 0.0064
330 332 0.0028
331 332 0.0084
265 333 0.0051
321 333 0.0091
330 333 0.0039
330 334 0.0035
335 334 0.0189
336 334 0.0091
322 335 0.0063
323 335 0.0125
334 335 0.0189
337 335 0.0213
334 336 0.0091
337 336 0.0066
340 336 0.0009
335 337 0.0213
336 337 0.0066
338 337 0.0024
337 338 0.0024
437 338 0.0072
441 338 0.0018
800 339 0.0198
802 339 0.0099
1097 339 0.0164
330 340 0.0007
336 340 0.0009
341 340 0.0015
344 340 0.0008
340 341 0.0015
342 341 0.009
446 341 0.0048
341 342 0.009
446 342 0.0164
447 342 0.0078
535 343 0.0093
750 343 0.0806
862 343 0.0243
340 344 0.0008
345 344 0.0094
372 344 0.0018
442 344 0.007
344 345 0.0094
346 345 0.0143
359 345 0.0031
345 346 0.0143
358 346 0.0034
372 346 0.0133
174 347 0.0032
360 347 0.0127
372 347 0.0128
755 348 0.0606
811 348 0.0369
847 348 0.0546
855 348 0.0317
330 349 0.0017
164 350 0.0028
351 350 0.0201
375 350 0.005
350 351 0.0201
352 351 0.0021
356 351 0.0091
360 351 0.0086
351 352 0.0021
354 352 0.0028
355 352 0.0041
6 353 0.0133
32 353 0.0083
64 353 0.0272
140 353 0.0008
155 353 0.002
515 353 0.0059
733 353 0.0039
872 353 0.0047
1160 353 0.0052
1167 353 0.0087
1168 353 0.0142
1187 353 0.0185
1191 353 0.017
1203 353 0.0135
1204 353 0.0042
1207 353 0.0135
1208 353 0.0036
1209 353 0.0117
1210 353 0.0077
1211 353 0.0172
352 354 0.0028
352 355 0.0041
454 355 0.0034
465 355 0.0045
351 356 0.0091
357 356 0.0014
375 356 0.0183
356 357 0.0014
346 358 0.0034
345 359 0.0031
347 360 0.0127
351 360 0.0086
361 360 0.0011
360 361 0.0011
1128 362 0.0048
1129 362 0.0032
1130 362 0.0038
251 363 0.0093
254 363 0.0458
269 363 0.0036
822 363 0.0434
174 364 0.0151
175 364 0.0096
176 364 0.0268
9 365 0.0076
158 365 0.0501
814 365 0.0403
823 365 0.0427
828 365 0.0186
367 366 0.0047
378 366 0.0022
829 366 0.0079
830 366 0.0376
366 367 0.0047
390 367 0.0021
393 367 0.0036
2 368 0.0056
3 368 0.0009
79 368 0.0054
159 369 0.0023
164 369 0.0027
370 369 0.0071
369 370 0.0071
371 370 0.0148
374 370 0.0057
814 370 0.0043
370 371 0.0148
823 371 0.0076
825 371 0.0128
829 371 0.0133
344 372 0.0018
346 372 0.0133
347 372 0.0128
376 373 0.0111
803 373 0.0392
812 373 0.0585
951 373 0.0164
370 374 0.0057
375 374 0.0023
829 374 0.0133
350 375 0.005
356 375 0.0183
374 375 0.0023
98 376 0.027
373 376 0.0111
815 376 0.0304
800 377 0.0071
803 377 0.0073
809 377 0.0227
366 378 0.0022
379 378 0.0032
380 378 0.002
378 379 0.0032
378 380 0.002
177 381 0.0053
268 381 0.0019
382 381 0.005
174 382 0.0096
268 382 0.0006
381 382 0.005
386 383 0.0009
390 383 0.0022
830 383 0.0028
147 384 0.0022
386 385 0.0067
388 385 0.0306
843 385 0.0031
383 386 0.0009
385 386 0.0067
388 386 0.0096
540 386 0.0013
816 387 0.0028
152 388 0.0043
154 388 0.0029
385 388 0.0306
386 388 0.0096
142 389 0.0151
395 389 0.0059
818 389 0.0232
826 389 0.0082
367 390 0.0021
383 390 0.0022
391 390 0.0041
390 391 0.0041
392 391 0.0027
394 391 0.0015
504 391 0.025
391 392 0.0027
367 393 0.0036
394 393 0.0195
398 393 0.0043
391 394 0.0015
393 394 0.0195
396 394 0.0055
23 395 0.0096
389 395 0.0059
500 395 0.0358
826 395 0.039
850 395 0.0311
394 396 0.0055
397 396 0.0056
490 396 0.0087
501 396 0.0015
396 397 0.0056
393 398 0.0043
399 398 0.0153
400 398 0.0089
467 398 0.0027
398 399 0.0153
479 399 0.0044
482 399 0.0051
398 400 0.0089
59 401 0.0101
61 401 0.0045
161 401 0.0025
178 401 0.0191
805 401 0.0127
244 402 0.0575
247 402 0.0012
805 402 0.0116
23 403 0.0369
827 403 0.0095
1119 403 0.0029
58 404 0.0078
805 404 0.0158
831 404 0.0092
805 405 0.0157
818 405 0.0021
861 405 0.0028
308 406 0.0026
407 406 0.0078
421 406 0.0052
406 407 0.0078
408 407 0.0057
413 407 0.0014
407 408 0.0057
411 408 0.0029
413 408 0.0018
302 409 0.0038
411 409 0.007
416 409 0.0072
105 410 0.0005
304 411 0.0062
408 411 0.0029
409 411 0.007
418 411 0.0081
823 412 0.0372
825 412 0.0194
828 412 0.0421
407 413 0.0014
408 413 0.0018
414 413 0.0047
413 414 0.0047
192 415 0.0034
416 415 0.0093
417 415 0.0054
409 416 0.0072
415 416 0.0093
417 416 0.0034
216 417 0.0019
415 417 0.0054
416 417 0.0034
411 418 0.0081
419 418 0.0053
421 418 0.0049
418 419 0.0053
420 419 0.0065
421 419 0.0026
419 420 0.0065
406 421 0.0052
418 421 0.0049
419 421 0.0026
308 422 0.0015
309 422 0.0065
310 422 0.0014
424 422 0.0013
546 423 0.0234
1107 423 0.0668
1119 423 0.0026
422 424 0.0013
311 425 0.001
312 426 0.0025
427 426 0.0048
428 426 0.0036
426 427 0.0048
426 428 0.0036
286 429 0.0006
430 429 0.0055
433 429 0.0049
429 430 0.0055
142 431 0.0118
546 431 0.002
831 431 0.0119
314 432 0.0025
315 432 0.004
433 432 0.0016
429 433 0.0049
432 433 0.0016
439 433 0.0017
317 434 0.0049
323 434 0.0008
435 434 0.0036
879 434 0.0058
434 435 0.0036
436 435 0.0059
440 435 0.0042
435 436 0.0059
338 437 0.0072
438 437 0.0041
440 437 0.0065
441 437 0.0126
437 438 0.0041
439 438 0.0028
441 438 0.0074
433 439 0.0017
438 439 0.0028
440 439 0.003
435 440 0.0042
437 440 0.0065
439 440 0.003
338 441 0.0018
437 441 0.0126
438 441 0.0074
344 442 0.007
443 442 0.025
444 442 0.0022
442 443 0.025
442 444 0.0022
445 444 0.0056
452 444 0.0053
444 445 0.0056
446 445 0.0067
450 445 0.0064
455 445 0.0051
456 445 0.0029
341 446 0.0048
342 446 0.0164
445 446 0.0067
451 446 0.0092
342 447 0.0078
448 447 0.0019
449 447 0.0005
447 448 0.0019
447 449 0.0005
450 449 0.0124
451 449 0.0081
445 450 0.0064
449 450 0.0124
452 450 0.0085
446 451 0.0092
449 451 0.0081
452 451 0.0055
444 452 0.0053
450 452 0.0085
451 452 0.0055
287 453 0.042
755 453 0.0852
805 453 0.0119
847 453 0.0541
355 454 0.0034
455 454 0.0052
466 454 0.0027
445 455 0.0051
454 455 0.0052
456 455 0.0046
468 455 0.0021
445 456 0.0029
455 456 0.0046
457 456 0.0041
468 456 0.0027
456 457 0.0041
458 457 0.0091
468 457 0.0029
457 458 0.0091
459 458 0.0019
461 458 0.0039
458 459 0.0019
500 460 0.0315
851 460 0.0739
861 460 0.0054
863 460 0.0158
458 461 0.0039
463 461 0.0025
464 461 0.004
287 462 0.0183
325 462 0.0154
1065 462 0.0303
461 463 0.0025
461 464 0.004
355 465 0.0045
466 465 0.0013
467 465 0.0056
454 466 0.0027
465 466 0.0013
468 466 0.0027
398 467 0.0027
465 467 0.0056
469 467 0.0091
482 467 0.0107
455 468 0.0021
456 468 0.0027
457 468 0.0029
466 468 0.0027
467 469 0.0091
470 469 0.0042
483 469 0.006
469 470 0.0042
471 470 0.0022
474 470 0.0231
470 471 0.0022
472 471 0.0022
473 471 0.0019
471 472 0.0022
471 473 0.0019
470 474 0.0231
475 474 0.0017
476 474 0.0023
477 474 0.0021
478 474 0.0014
474 475 0.0017
474 476 0.0023
474 477 0.0021
474 478 0.0014
399 479 0.0044
480 479 0.0115
488 479 0.002
479 480 0.0115
481 480 0.0047
486 480 0.0018
480 481 0.0047
399 482 0.0051
467 482 0.0107
483 482 0.0139
469 483 0.006
482 483 0.0139
484 483 0.0033
483 484 0.0033
485 484 0.0012
487 484 0.0013
484 485 0.0012
489 485 0.0012
518 485 0.0011
480 486 0.0018
484 487 0.0013
479 488 0.002
485 489 0.0012
396 490 0.0087
492 490 0.0072
499 490 0.0036
287 491 0.0265
850 491 0.071
858 491 0.0266
490 492 0.0072
494 492 0.0018
498 492 0.0006
121 493 0.0098
492 494 0.0018
495 494 0.0017
497 494 0.0016
494 495 0.0017
94 496 0.0011
494 497 0.0016
492 498 0.0006
490 499 0.0036
395 500 0.0358
460 500 0.0315
861 500 0.0043
396 501 0.0015
502 501 0.0102
504 501 0.0
508 501 0.0146
513 501 0.0038
501 502 0.0102
503 502 0.0058
513 502 0.0097
502 503 0.0058
506 503 0.0033
519 503 0.0247
391 504 0.025
501 504 0.0
505 504 0.0125
532 504 0.0091
504 505 0.0125
506 505 0.0154
529 505 0.003
503 506 0.0033
505 506 0.0154
538 506 0.0018
128 507 0.0131
133 507 0.0137
1018 507 0.0074
501 508 0.0146
512 508 0.0005
513 508 0.0057
520 509 0.0184
854 509 0.0067
856 509 0.0242
660 510 0.0014
660 511 0.0045
719 511 0.0028
1144 511 0.0037
508 512 0.0005
501 513 0.0038
502 513 0.0097
508 513 0.0057
517 513 0.0013
523 513 0.0012
660 514 0.0033
165 515 0.0143
171 515 0.0027
353 515 0.0059
712 515 0.0057
1065 516 0.0025
1093 516 0.0089
1119 516 0.0039
513 517 0.0013
485 518 0.0011
503 519 0.0247
521 519 0.0031
523 519 0.0038
526 519 0.0014
509 520 0.0184
854 520 0.0084
859 520 0.0809
519 521 0.0031
522 521 0.0016
523 521 0.005
526 521 0.0018
521 522 0.0016
513 523 0.0012
519 523 0.0038
521 523 0.005
524 523 0.0003
523 524 0.0003
214 525 0.0053
519 526 0.0014
521 526 0.0018
527 526 0.0021
526 527 0.0021
535 528 0.0364
860 528 0.0428
900 528 0.0124
1034 528 0.0694
505 529 0.003
531 529 0.0009
533 529 0.0044
136 530 0.0094
529 531 0.0009
538 531 0.0024
545 531 0.0004
504 532 0.0091
533 532 0.018
534 532 0.0104
529 533 0.0044
532 533 0.018
534 533 0.0115
532 534 0.0104
533 534 0.0115
537 534 0.001
343 535 0.0093
528 535 0.0364
862 535 0.0182
865 535 0.0081
1034 535 0.0427
6 536 0.0022
534 537 0.001
506 538 0.0018
531 538 0.0024
539 538 0.0009
538 539 0.0009
386 540 0.0013
541 540 0.0021
549 540 0.0041
540 541 0.0021
542 541 0.0105
545 541 0.0049
541 542 0.0105
543 542 0.0039
547 542 0.0045
549 542 0.0007
542 543 0.0039
544 543 0.0014
547 543 0.0011
548 543 0.0014
543 544 0.0014
531 545 0.0004
541 545 0.0049
547 545 0.0049
423 546 0.0234
431 546 0.002
827 546 0.0244
542 547 0.0045
543 547 0.0011
545 547 0.0049
543 548 0.0014
540 549 0.0041
542 549 0.0007
550 549 0.0045
549 550 0.0045
551 550 0.0029
553 550 0.0021
550 551 0.0029
552 551 0.0021
553 551 0.0039
551 552 0.0021
550 553 0.0021
551 553 0.0039
554 553 0.0019
553 554 0.0019
151 555 0.003
556 555 0.0073
559 555 0.0019
555 556 0.0073
557 556 0.0014
559 556 0.0018
556 557 0.0014
34 558 0.0007
152 559 0.0018
555 559 0.0019
556 559 0.0018
25 560 0.0093
31 560 0.0212
56 560 0.016
575 560 0.013
25 561 0.0212
562 561 0.0061
570 561 0.0142
149 562 0.0076
561 562 0.0061
563 562 0.0181
562 563 0.0181
564 563 0.0123
570 563 0.002
574 563 0.0085
151 564 0.0011
563 564 0.0123
566 564 0.0078
569 564 0.0038
574 564 0.0133
1109 565 0.0139
1111 565 0.0078
1115 565 0.0084
1122 565 0.0054
564 566 0.0078
567 566 0.0043
572 566 0.0042
574 566 0.0066
55 567 0.003
566 567 0.0043
568 567 0.0029
1 568 0.0017
2 568 0.003
57 568 0.0079
567 568 0.0029
588 568 0.0023
813 568 0.0169
149 569 0.0086
150 569 0.0225
564 569 0.0038
561 570 0.0142
563 570 0.002
571 570 0.0246
570 571 0.0246
572 571 0.0093
573 571 0.0038
566 572 0.0042
571 572 0.0093
573 572 0.016
576 572 0.0113
1193 572 0.0121
571 573 0.0038
572 573 0.016
574 573 0.0037
563 574 0.0085
564 574 0.0133
566 574 0.0066
573 574 0.0037
56 575 0.0101
560 575 0.013
576 575 0.0034
572 576 0.0113
575 576 0.0034
591 576 0.0135
56 577 0.0535
579 577 0.0038
583 577 0.0176
661 578 0.0077
663 578 0.0243
891 578 0.0202
577 579 0.0038
580 579 0.0181
589 579 0.012
579 580 0.0181
581 580 0.0157
590 580 0.004
580 581 0.0157
582 581 0.0155
587 581 0.0054
581 582 0.0155
587 582 0.0028
588 582 0.0019
577 583 0.0176
584 583 0.0089
585 583 0.0025
583 584 0.0089
586 584 0.1093
1158 584 0.0219
583 585 0.0025
586 585 0.0075
587 585 0.0099
584 586 0.1093
585 586 0.0075
1205 586 0.0064
581 587 0.0054
582 587 0.0028
585 587 0.0099
588 587 0.012
57 588 0.0044
568 588 0.0023
582 588 0.0019
587 588 0.012
1212 588 0.0068
579 589 0.012
590 589 0.0079
591 589 0.0067
580 590 0.004
589 590 0.0079
591 590 0.0079
1193 590 0.0063
576 591 0.0135
589 591 0.0067
590 591 0.0079
604 592 0.0432
671 592 0.0021
677 592 0.0613
685 592 0.0584
767 592 0.0252
805 592 0.0117
695 593 0.0089
696 593 0.0236
805 593 0.0152
599 594 0.0175
693 594 0.0147
694 594 0.0121
805 594 0.0156
597 595 0.0054
686 595 0.004
688 595 0.0048
877 596 0.0194
204 597 0.0041
595 597 0.0054
686 597 0.0109
599 598 0.0634
692 598 0.0084
805 598 0.0073
594 599 0.0175
598 599 0.0634
612 599 0.0021
601 600 0.009
619 600 0.015
620 600 0.0171
623 600 0.0141
600 601 0.009
602 601 0.0037
613 601 0.0055
628 601 0.0177
714 601 0.0095
601 602 0.0037
603 602 0.0142
873 602 0.0092
878 602 0.0102
880 602 0.0083
602 603 0.0142
604 603 0.0046
697 603 0.0036
592 604 0.0432
603 604 0.0046
665 604 0.0013
871 604 0.009
606 605 0.0036
605 606 0.0036
607 606 0.0076
884 606 0.0154
606 607 0.0076
608 607 0.0028
884 607 0.008
607 608 0.0028
611 608 0.0014
631 608 0.0096
805 608 0.004
629 609 0.0108
630 609 0.0177
714 609 0.0159
880 609 0.0199
611 610 0.0049
686 610 0.0035
698 610 0.0088
608 611 0.0014
610 611 0.0049
612 611 0.005
698 611 0.0047
599 612 0.0021
611 612 0.005
686 612 0.0049
698 612 0.003
601 613 0.0055
614 613 0.0263
633 613 0.0269
875 613 0.0102
878 613 0.006
613 614 0.0263
615 614 0.0076
619 614 0.0083
614 615 0.0076
616 615 0.0248
876 615 0.0044
615 616 0.0248
617 616 0.0089
619 616 0.0085
616 617 0.0089
618 617 0.0057
620 617 0.0065
699 617 0.0011
617 618 0.0057
621 618 0.0127
622 618 0.0096
600 619 0.015
614 619 0.0083
616 619 0.0085
620 619 0.0118
600 620 0.0171
617 620 0.0065
619 620 0.0118
621 620 0.0058
618 621 0.0127
620 621 0.0058
624 621 0.0074
618 622 0.0096
885 622 0.0136
890 622 0.004
600 623 0.0141
624 623 0.0339
627 623 0.0201
628 623 0.0131
621 624 0.0074
623 624 0.0339
625 624 0.0361
624 625 0.0361
626 625 0.0412
634 625 0.005
625 626 0.0412
627 626 0.0244
640 626 0.0053
623 627 0.0201
626 627 0.0244
636 627 0.0062
601 628 0.0177
623 628 0.0131
629 628 0.009
714 628 0.0178
609 629 0.0108
628 629 0.009
630 629 0.0175
645 629 0.0419
714 629 0.0156
609 630 0.0177
629 630 0.0175
873 630 0.0112
880 630 0.0156
608 631 0.0096
632 631 0.0109
697 631 0.0034
631 632 0.0109
874 632 0.0182
875 632 0.0137
613 633 0.0269
697 633 0.0145
874 633 0.0316
875 633 0.0127
878 633 0.0116
625 634 0.005
635 634 0.0047
889 634 0.0009
634 635 0.0047
627 636 0.0062
637 636 0.0061
646 636 0.0042
636 637 0.0061
639 637 0.0048
640 637 0.0067
720 637 0.0029
1015 638 0.0044
1017 638 0.0171
1023 638 0.0019
637 639 0.0048
626 640 0.0053
637 640 0.0067
641 640 0.0038
640 641 0.0038
643 642 0.0046
645 642 0.0415
646 642 0.0325
648 642 0.0041
651 642 0.0066
642 643 0.0046
644 643 0.0106
655 643 0.002
643 644 0.0106
629 645 0.0419
642 645 0.0415
646 645 0.0222
636 646 0.0042
642 646 0.0325
645 646 0.0222
647 646 0.0093
715 646 0.0034
646 647 0.0093
715 647 0.0132
716 647 0.0078
642 648 0.0041
649 648 0.0027
650 648 0.004
648 649 0.0027
650 649 0.0072
654 649 0.0093
656 649 0.0124
648 650 0.004
649 650 0.0072
651 650 0.0116
642 651 0.0066
650 651 0.0116
652 651 0.0107
651 652 0.0107
654 652 0.0037
667 652 0.007
742 653 0.0292
865 653 0.0136
867 653 0.0208
869 653 0.0182
870 653 0.0145
649 654 0.0093
652 654 0.0037
670 654 0.0079
643 655 0.002
649 656 0.0124
657 656 0.0089
664 656 0.0107
656 657 0.0089
658 657 0.0567
892 657 0.0126
657 658 0.0567
661 658 0.022
892 658 0.0086
894 658 0.0195
660 659 0.0072
892 659 0.01
894 659 0.0201
510 660 0.0014
511 660 0.0045
514 660 0.0033
659 660 0.0072
578 661 0.0077
658 661 0.022
662 661 0.011
661 662 0.011
678 662 0.0059
895 662 0.0061
578 663 0.0243
664 663 0.019
673 663 0.0102
891 663 0.0146
656 664 0.0107
663 664 0.019
672 664 0.0058
604 665 0.0013
666 665 0.0047
667 665 0.0035
668 665 0.0042
871 665 0.0023
665 666 0.0047
667 666 0.008
873 666 0.0091
652 667 0.007
665 667 0.0035
666 667 0.008
668 667 0.0053
665 668 0.0042
667 668 0.0053
669 668 0.002
668 669 0.002
670 669 0.0178
871 669 0.0056
654 670 0.0079
669 670 0.0178
671 670 0.0073
592 671 0.0021
670 671 0.0073
672 671 0.0039
664 672 0.0058
671 672 0.0039
673 672 0.0085
663 673 0.0102
672 673 0.0085
674 673 0.0172
673 674 0.0172
675 674 0.044
676 674 0.0096
678 674 0.0071
891 674 0.0095
674 675 0.044
676 675 0.0307
679 675 0.0057
734 675 0.0025
674 676 0.0096
675 676 0.0307
677 676 0.0098
592 677 0.0613
676 677 0.0098
680 677 0.0023
685 677 0.0567
662 678 0.0059
674 678 0.0071
679 678 0.0104
891 678 0.0129
675 679 0.0057
678 679 0.0104
735 679 0.0022
677 680 0.0023
682 681 0.0548
737 681 0.0257
898 681 0.0559
681 682 0.0548
684 682 0.0058
857 682 0.0603
899 682 0.0264
739 683 0.0152
854 683 0.0412
857 683 0.044
859 683 0.0762
899 683 0.0303
682 684 0.0058
685 684 0.0518
748 684 0.0284
771 684 0.04
854 684 0.0355
592 685 0.0584
677 685 0.0567
684 685 0.0518
766 685 0.0601
595 686 0.004
597 686 0.0109
610 686 0.0035
612 686 0.0049
687 686 0.0043
698 686 0.0069
686 687 0.0043
688 687 0.0042
689 687 0.0052
595 688 0.0048
687 688 0.0042
689 688 0.0137
687 689 0.0052
688 689 0.0137
690 689 0.015
689 690 0.015
691 690 0.0068
699 690 0.0071
1060 690 0.0187
690 691 0.0068
598 692 0.0084
594 693 0.0147
594 694 0.0121
593 695 0.0089
805 695 0.0078
866 695 0.0113
868 695 0.0214
593 696 0.0236
603 697 0.0036
631 697 0.0034
633 697 0.0145
874 697 0.0108
610 698 0.0088
611 698 0.0047
612 698 0.003
686 698 0.0069
617 699 0.0011
690 699 0.0071
700 699 0.003
1060 699 0.008
699 700 0.003
701 700 0.0043
702 700 0.0031
700 701 0.0043
700 702 0.0031
704 703 0.0083
707 703 0.0023
711 703 0.0024
877 703 0.0309
1060 703 0.03
703 704 0.0083
705 704 0.0017
709 704 0.0034
704 705 0.0017
304 706 0.0025
703 707 0.0023
708 707 0.0025
711 707 0.0078
707 708 0.0025
704 709 0.0034
710 709 0.003
711 709 0.0048
709 710 0.003
703 711 0.0024
707 711 0.0078
709 711 0.0048
713 711 0.0018
165 712 0.0105
169 712 0.002
515 712 0.0057
733 712 0.0064
711 713 0.0018
601 714 0.0095
609 714 0.0159
628 714 0.0178
629 714 0.0156
646 715 0.0034
647 715 0.0132
716 715 0.0127
647 716 0.0078
715 716 0.0127
717 716 0.0138
716 717 0.0138
718 717 0.0111
724 717 0.0133
717 718 0.0111
721 718 0.0031
732 718 0.0014
511 719 0.0028
637 720 0.0029
721 720 0.0068
723 720 0.0029
718 721 0.0031
720 721 0.0068
722 721 0.0054
721 722 0.0054
720 723 0.0029
717 724 0.0133
725 724 0.0058
728 724 0.0029
729 724 0.0029
730 724 0.0032
731 724 0.003
724 725 0.0058
726 725 0.0051
727 725 0.0023
725 726 0.0051
725 727 0.0023
724 728 0.0029
724 729 0.0029
724 730 0.0032
724 731 0.003
718 732 0.0014
165 733 0.0203
353 733 0.0039
712 733 0.0064
675 734 0.0025
679 735 0.0022
902 736 0.0041
681 737 0.0257
738 737 0.0112
898 737 0.0343
737 738 0.0112
901 738 0.0462
915 738 0.0543
945 738 0.0346
683 739 0.0152
740 739 0.0014
741 739 0.0357
742 739 0.013
898 739 0.0209
739 740 0.0014
739 741 0.0357
742 741 0.0104
859 741 0.0186
653 742 0.0292
739 742 0.013
741 742 0.0104
743 742 0.0077
867 742 0.0452
742 743 0.0077
744 743 0.0039
745 743 0.0036
900 743 0.0084
743 744 0.0039
743 745 0.0036
982 745 0.0226
986 745 0.0017
1027 745 0.0031
752 746 0.0078
753 746 0.0028
860 746 0.0052
960 746 0.0179
860 747 0.0068
684 748 0.0284
749 748 0.0266
771 748 0.039
748 749 0.0266
750 749 0.0079
770 749 0.0138
343 750 0.0806
749 750 0.0079
862 750 0.0239
865 750 0.0719
752 751 0.0109
759 751 0.0074
764 751 0.0557
862 751 0.1145
746 752 0.0078
751 752 0.0109
753 752 0.0083
754 752 0.0324
759 752 0.0137
746 753 0.0028
752 753 0.0083
808 753 0.0462
961 753 0.0036
986 753 0.0606
1039 753 0.0105
1046 753 0.0127
752 754 0.0324
783 754 0.0592
808 754 0.0199
348 755 0.0606
453 755 0.0852
772 755 0.032
797 755 0.0279
805 755 0.0123
757 756 0.022
761 756 0.0452
764 756 0.0061
768 756 0.0189
796 756 0.0246
805 756 0.011
756 757 0.022
758 757 0.0143
760 757 0.0074
796 757 0.0215
757 758 0.0143
759 758 0.0069
786 758 0.018
793 758 0.0137
795 758 0.0209
751 759 0.0074
752 759 0.0137
758 759 0.0069
757 760 0.0074
756 761 0.0452
762 761 0.0185
765 761 0.0185
805 761 0.0086
761 762 0.0185
763 762 0.0215
765 762 0.0105
762 763 0.0215
764 763 0.0205
770 763 0.0029
751 764 0.0557
756 764 0.0061
763 764 0.0205
862 764 0.0511
761 765 0.0185
762 765 0.0105
767 765 0.0529
805 765 0.0087
685 766 0.0601
767 766 0.0832
769 766 0.0258
771 766 0.055
592 767 0.0252
765 767 0.0529
766 767 0.0832
756 768 0.0189
780 768 0.0141
796 768 0.0202
805 768 0.011
766 769 0.0258
770 769 0.0427
771 769 0.0335
749 770 0.0138
763 770 0.0029
769 770 0.0427
684 771 0.04
748 771 0.039
766 771 0.055
769 771 0.0335
755 772 0.032
773 772 0.0596
780 772 0.0407
792 772 0.0275
794 772 0.0224
772 773 0.0596
774 773 0.0207
780 773 0.0274
790 773 0.006
773 774 0.0207
775 774 0.0186
788 774 0.0102
774 775 0.0186
776 775 0.0156
778 775 0.0166
183 776 0.0258
775 776 0.0156
782 776 0.0187
183 777 0.03
778 777 0.0085
779 777 0.0168
1084 777 0.0058
1085 777 0.0079
97 778 0.0091
183 778 0.0182
775 778 0.0166
777 778 0.0085
779 778 0.0094
777 779 0.0168
778 779 0.0094
789 779 0.0212
768 780 0.0141
772 780 0.0407
773 780 0.0274
781 780 0.0366
787 780 0.0028
780 781 0.0366
782 781 0.0155
785 781 0.0175
183 782 0.0124
776 782 0.0187
781 782 0.0155
783 782 0.0288
754 783 0.0592
782 783 0.0288
784 783 0.0048
808 783 0.0383
101 784 0.0192
102 784 0.028
103 784 0.0212
783 784 0.0048
785 784 0.0249
781 785 0.0175
784 785 0.0249
786 785 0.0221
794 785 0.0056
758 786 0.018
785 786 0.0221
795 786 0.0165
183 787 0.0113
780 787 0.0028
808 787 0.0142
97 788 0.013
774 788 0.0102
790 788 0.0259
97 789 0.0168
779 789 0.0212
1042 789 0.0182
1083 789 0.0393
1084 789 0.0102
773 790 0.006
788 790 0.0259
791 790 0.0138
799 790 0.0148
809 790 0.081
790 791 0.0138
809 791 0.0395
1082 791 0.0282
1083 791 0.0248
772 792 0.0275
793 792 0.0047
796 792 0.0226
758 793 0.0137
792 793 0.0047
796 793 0.0096
772 794 0.0224
785 794 0.0056
795 794 0.0313
758 795 0.0209
786 795 0.0165
794 795 0.0313
756 796 0.0246
757 796 0.0215
768 796 0.0202
792 796 0.0226
793 796 0.0096
755 797 0.0279
798 797 0.0382
806 797 0.0194
797 798 0.0382
799 798 0.0245
806 798 0.0325
790 799 0.0148
798 799 0.0245
807 799 0.0222
339 800 0.0198
377 800 0.0071
809 800 0.0252
1081 800 0.0108
1082 800 0.0136
1097 800 0.0093
48 801 0.0056
50 801 0.0163
51 801 0.0447
339 802 0.0099
803 802 0.0063
1086 802 0.0069
1098 802 0.0129
373 803 0.0392
377 803 0.0073
802 803 0.0063
806 803 0.0226
807 803 0.0126
855 803 0.019
951 803 0.0154
1098 803 0.0072
278 804 0.0247
279 804 0.0268
805 804 0.0084
58 805 0.0044
59 805 0.0058
142 805 0.0045
186 805 0.012
204 805 0.0135
226 805 0.0109
228 805 0.0158
234 805 0.0038
294 805 0.0066
297 805 0.0151
401 805 0.0127
402 805 0.0116
404 805 0.0158
405 805 0.0157
453 805 0.0119
592 805 0.0117
593 805 0.0152
594 805 0.0156
598 805 0.0073
608 805 0.004
695 805 0.0078
755 805 0.0123
756 805 0.011
761 805 0.0086
765 805 0.0087
768 805 0.011
804 805 0.0084
863 805 0.0091
797 806 0.0194
798 806 0.0325
803 806 0.0226
807 806 0.0161
799 807 0.0222
803 807 0.0126
806 807 0.0161
753 808 0.0462
754 808 0.0199
783 808 0.0383
787 808 0.0142
1040 808 0.0206
1046 808 0.0081
377 809 0.0227
790 809 0.081
791 809 0.0395
800 809 0.0252
99 810 0.016
815 810 0.0317
951 810 0.015
1088 810 0.025
348 811 0.0369
812 811 0.0302
847 811 0.031
1110 811 0.0184
373 812 0.0585
811 812 0.0302
855 812 0.0421
57 813 0.0147
125 813 0.0018
156 813 0.0025
568 813 0.0169
159 814 0.0194
365 814 0.0403
370 814 0.0043
823 814 0.0533
98 815 0.0238
376 815 0.0304
810 815 0.0317
246 816 0.0034
251 816 0.0176
387 816 0.0028
820 816 0.0074
821 816 0.0069
1110 817 0.0278
142 818 0.0101
389 818 0.0232
405 818 0.0021
245 819 0.0213
269 819 0.018
820 819 0.0025
251 820 0.0083
816 820 0.0074
819 820 0.0025
251 821 0.0113
816 821 0.0069
822 821 0.0141
248 822 0.0181
363 822 0.0434
821 822 0.0141
365 823 0.0427
371 823 0.0076
412 823 0.0372
814 823 0.0533
147 824 0.0418
825 824 0.048
830 824 0.018
371 825 0.0128
412 825 0.0194
824 825 0.048
23 826 0.0134
389 826 0.0082
395 826 0.039
827 826 0.0428
403 827 0.0095
546 827 0.0244
826 827 0.0428
365 828 0.0186
412 828 0.0421
834 828 0.0424
366 829 0.0079
371 829 0.0133
374 829 0.0133
366 830 0.0376
383 830 0.0028
824 830 0.018
142 831 0.018
404 831 0.0092
431 831 0.0119
9 832 0.0134
21 832 0.008
833 832 0.0533
832 833 0.0533
834 833 0.0438
835 833 0.0315
147 834 0.0814
828 834 0.0424
833 834 0.0438
833 835 0.0315
836 835 0.0789
837 835 0.0199
147 836 0.0101
835 836 0.0789
837 836 0.0193
835 837 0.0199
836 837 0.0193
838 837 0.0459
153 838 0.0093
837 838 0.0459
839 838 0.0151
153 839 0.0162
838 839 0.0151
843 839 0.0381
31 840 0.0392
841 840 0.0334
852 840 0.0118
25 841 0.073
149 841 0.0083
840 841 0.0334
24 842 0.0044
149 842 0.0289
153 842 0.1384
154 843 0.0465
385 843 0.0031
839 843 0.0381
45 844 0.0123
47 844 0.0475
846 844 0.0261
98 845 0.0162
99 845 0.0154
325 845 0.0113
1093 845 0.0051
47 846 0.0356
48 846 0.0831
844 846 0.0261
287 847 0.0327
348 847 0.0546
453 847 0.0541
811 847 0.031
1110 847 0.0119
50 848 0.0833
68 848 0.0086
849 848 0.1686
1173 848 0.0047
50 849 0.0654
848 849 0.1686
1158 849 0.0498
23 850 0.0301
395 850 0.0311
491 850 0.071
858 850 0.0179
287 851 0.0322
460 851 0.0739
864 851 0.0746
22 852 0.089
29 852 0.0171
36 852 0.0164
840 852 0.0118
62 853 0.011
65 853 0.0151
95 853 0.0278
509 854 0.0067
520 854 0.0084
683 854 0.0412
684 854 0.0355
348 855 0.0317
803 855 0.019
812 855 0.0421
509 856 0.0242
865 856 0.0127
869 856 0.0199
682 857 0.0603
683 857 0.044
899 857 0.0219
325 858 0.0214
491 858 0.0266
850 858 0.0179
1065 858 0.0166
520 859 0.0809
683 859 0.0762
741 859 0.0186
870 859 0.0162
528 860 0.0428
746 860 0.0052
747 860 0.0068
405 861 0.0028
460 861 0.0054
500 861 0.0043
343 862 0.0243
535 862 0.0182
750 862 0.0239
751 862 0.1145
764 862 0.0511
460 863 0.0158
805 863 0.0091
864 863 0.0231
287 864 0.0876
851 864 0.0746
863 864 0.0231
535 865 0.0081
653 865 0.0136
750 865 0.0719
856 865 0.0127
869 865 0.0471
1034 865 0.0088
695 866 0.0113
653 867 0.0208
742 867 0.0452
900 867 0.0123
1034 867 0.0134
695 868 0.0214
653 869 0.0182
856 869 0.0199
865 869 0.0471
870 869 0.0554
653 870 0.0145
859 870 0.0162
869 870 0.0554
604 871 0.009
665 871 0.0023
669 871 0.0056
66 872 0.0164
69 872 0.0062
353 872 0.0047
602 873 0.0092
630 873 0.0112
666 873 0.0091
880 873 0.0147
632 874 0.0182
633 874 0.0316
697 874 0.0108
875 874 0.0121
613 875 0.0102
632 875 0.0137
633 875 0.0127
874 875 0.0121
876 875 0.0067
884 875 0.0123
615 876 0.0044
875 876 0.0067
884 876 0.0259
303 877 0.035
596 877 0.0194
703 877 0.0309
1060 877 0.1026
602 878 0.0102
613 878 0.006
633 878 0.0116
316 879 0.0076
323 879 0.0024
434 879 0.0058
602 880 0.0083
609 880 0.0199
630 880 0.0156
873 880 0.0147
256 881 0.0128
273 881 0.0121
274 881 0.0275
278 881 0.0103
274 882 0.0159
275 882 0.0173
327 882 0.0071
114 883 0.004
1007 883 0.0097
1008 883 0.0099
1123 883 0.0033
606 884 0.0154
607 884 0.008
875 884 0.0123
876 884 0.0259
622 885 0.0136
886 885 0.0071
887 885 0.0023
888 885 0.0045
885 886 0.0071
885 887 0.0023
885 888 0.0045
634 889 0.0009
622 890 0.004
578 891 0.0202
663 891 0.0146
674 891 0.0095
678 891 0.0129
657 892 0.0126
658 892 0.0086
659 892 0.01
893 892 0.0055
892 893 0.0055
658 894 0.0195
659 894 0.0201
895 894 0.0188
662 895 0.0061
894 895 0.0188
896 895 0.0132
895 896 0.0132
134 897 0.002
141 897 0.006
143 897 0.002
681 898 0.0559
737 898 0.0343
739 898 0.0209
899 898 0.034
682 899 0.0264
683 899 0.0303
857 899 0.0219
898 899 0.034
528 900 0.0124
743 900 0.0084
867 900 0.0123
738 901 0.0462
902 901 0.0107
906 901 0.0105
736 902 0.0041
901 902 0.0107
903 902 0.0049
902 903 0.0049
905 904 0.0071
906 904 0.0259
907 904 0.0045
904 905 0.0071
901 906 0.0105
904 906 0.0259
908 906 0.014
904 907 0.0045
906 908 0.014
909 908 0.0041
911 908 0.0155
105 909 0.0049
908 909 0.0041
910 909 0.006
909 910 0.006
908 911 0.0155
912 911 0.0074
913 911 0.0047
911 912 0.0074
105 913 0.003
911 913 0.0047
914 913 0.0038
