2 1 0.0129
3 1 0.0176
4 1 0.0133
5 1 0.0173
6 1 0.0127
7 1 0.0149
8 1 0.0162
9 1 0.015
10 1 0.0123
11 1 0.0133
12 1 0.0151
15 1 0.0021
16 1 0.0036
22 1 0.0028
24 1 0.0042
25 1 0.0035
89 1 0.0021
99 1 0.009
102 1 0.0043
1 2 0.0129
13 2 0.002
14 2 0.003
89 2 0.0053
1 3 0.0176
16 3 0.0013
17 3 0.0105
22 3 0.0017
1 4 0.0133
29 4 0.0027
31 4 0.034
40 4 0.0052
1 5 0.0173
41 5 0.0028
43 5 0.0023
45 5 0.0051
227 5 0.001
1 6 0.0127
7 6 0.0064
47 6 0.0035
49 6 0.0227
200 6 0.0024
1 7 0.0149
6 7 0.0064
8 7 0.0058
54 7 0.0154
1 8 0.0162
7 8 0.0058
58 8 0.0069
1 9 0.015
59 9 0.013
60 9 0.0132
1 10 0.0123
61 10 0.0506
77 10 0.0177
86 10 0.0009
1 11 0.0133
87 11 0.009
88 11 0.0065
1 12 0.0151
90 12 0.0302
98 12 0.0021
2 13 0.002
324 13 0.003
325 13 0.0028
328 13 0.0027
329 13 0.0021
2 14 0.003
1 15 0.0021
1 16 0.0036
3 16 0.0013
544 16 0.0006
3 17 0.0105
18 17 0.0094
544 17 0.0006
17 18 0.0094
19 18 0.0063
20 18 0.0052
18 19 0.0063
20 19 0.0109
21 19 0.004
18 20 0.0052
19 20 0.0109
529 20 0.005
19 21 0.004
1 22 0.0028
3 22 0.0017
23 22 0.003
22 23 0.003
1 24 0.0042
1 25 0.0035
26 25 0.0011
28 25 0.0012
25 26 0.0011
27 26 0.0049
522 26 0.0014
26 27 0.0049
25 28 0.0012
4 29 0.0027
30 29 0.0034
531 29 0.0011
29 30 0.0034
4 31 0.034
34 31 0.0116
242 31 0.005
244 31 0.0016
33 32 0.0008
34 32 0.0176
348 32 0.0013
32 33 0.0008
31 34 0.0116
32 34 0.0176
35 34 0.0137
34 35 0.0137
36 35 0.0081
38 35 0.0058
35 36 0.0081
37 36 0.0043
344 36 0.0016
36 37 0.0043
371 37 0.0074
517 37 0.0062
35 38 0.0058
39 38 0.0085
242 38 0.0074
38 39 0.0085
369 39 0.0077
371 39 0.0083
4 40 0.0052
5 41 0.0028
42 41 0.0028
44 41 0.0076
41 42 0.0028
245 42 0.0024
246 42 0.0048
5 43 0.0023
46 43 0.0025
248 43 0.001
41 44 0.0076
247 44 0.0028
351 44 0.0023
5 45 0.0051
43 46 0.0025
6 47 0.0035
48 47 0.0045
209 47 0.0027
47 48 0.0045
222 48 0.0039
225 48 0.0189
226 48 0.0123
6 49 0.0227
50 49 0.0029
53 49 0.0045
159 49 0.0027
49 50 0.0029
51 50 0.0075
52 50 0.0083
50 51 0.0075
166 51 0.0257
169 51 0.0044
50 52 0.0083
49 53 0.0045
7 54 0.0154
55 54 0.0039
57 54 0.003
54 55 0.0039
56 55 0.0087
157 55 0.0077
55 56 0.0087
54 57 0.003
63 57 0.0025
145 57 0.0013
154 57 0.0139
8 58 0.0069
9 59 0.013
9 60 0.0132
10 61 0.0506
62 61 0.077
74 61 0.0377
61 62 0.077
63 62 0.0318
71 62 0.0106
57 63 0.0025
62 63 0.0318
64 63 0.0368
63 64 0.0368
65 64 0.0045
66 64 0.0135
64 65 0.0045
143 65 0.0063
145 65 0.0028
64 66 0.0135
67 66 0.0043
68 66 0.002
66 67 0.0043
69 67 0.0025
70 67 0.0051
66 68 0.002
105 68 0.014
106 68 0.0085
143 68 0.0251
67 69 0.0025
67 70 0.0051
103 70 0.0076
105 70 0.0053
142 70 0.0024
62 71 0.0106
72 71 0.0028
73 71 0.0206
71 72 0.0028
73 72 0.0023
104 72 0.0094
71 73 0.0206
72 73 0.0023
74 73 0.053
61 74 0.0377
73 74 0.053
75 74 0.0169
74 75 0.0169
76 75 0.008
103 75 0.0009
75 76 0.008
107 76 0.0055
114 76 0.0023
10 77 0.0177
78 77 0.0225
79 77 0.032
77 78 0.0225
82 78 0.0152
85 78 0.0023
77 79 0.032
80 79 0.0277
127 79 0.0018
79 80 0.0277
81 80 0.0038
82 80 0.0117
80 81 0.0038
125 81 0.0111
126 81 0.011
78 82 0.0152
80 82 0.0117
83 82 0.0044
84 82 0.0035
82 83 0.0044
82 84 0.0035
85 84 0.0009
251 84 0.0212
279 84 0.0007
78 85 0.0023
84 85 0.0009
86 85 0.0017
10 86 0.0009
85 86 0.0017
280 86 0.0014
282 86 0.001
11 87 0.009
11 88 0.0065
1 89 0.0021
2 89 0.0053
91 89 0.0026
312 89 0.0011
12 90 0.0302
91 90 0.0041
93 90 0.0212
89 91 0.0026
90 91 0.0041
92 91 0.0197
91 92 0.0197
94 92 0.0032
311 92 0.0011
90 93 0.0212
94 93 0.0022
95 93 0.0049
92 94 0.0032
93 94 0.0022
303 94 0.0091
93 95 0.0049
96 95 0.0049
97 95 0.0026
98 95 0.0019
95 96 0.0049
288 96 0.005
298 96 0.0019
95 97 0.0026
12 98 0.0021
95 98 0.0019
283 98 0.0013
1 99 0.009
100 99 0.0012
101 99 0.0075
99 100 0.0012
101 100 0.0021
286 100 0.0051
99 101 0.0075
100 101 0.0021
285 101 0.0011
1 102 0.0043
70 103 0.0076
75 103 0.0009
128 103 0.0007
129 103 0.0018
72 104 0.0094
68 105 0.014
70 105 0.0053
106 105 0.0176
142 105 0.0042
68 106 0.0085
105 106 0.0176
138 106 0.002
76 107 0.0055
108 107 0.0016
114 107 0.0137
107 108 0.0016
109 108 0.0015
110 108 0.0067
108 109 0.0015
108 110 0.0067
111 110 0.0019
621 110 0.0004
110 111 0.0019
112 111 0.0006
113 111 0.0012
111 112 0.0006
619 112 0.0003
620 112 0.0002
111 113 0.0012
76 114 0.0023
107 114 0.0137
115 114 0.001
114 115 0.001
116 115 0.0005
119 115 0.0009
115 116 0.0005
117 116 0.0013
118 116 0.0018
116 117 0.0013
116 118 0.0018
115 119 0.0009
120 119 0.0024
390 119 0.0
119 120 0.0024
121 120 0.001
393 120 0.0
120 121 0.001
122 121 0.0054
396 121 0.0004
121 122 0.0054
123 122 0.0001
135 122 0.0002
122 123 0.0001
124 123 0.0023
136 123 0.0066
137 123 0.0057
123 124 0.0023
81 125 0.0111
81 126 0.011
79 127 0.0018
103 128 0.0007
103 129 0.0018
130 129 0.0049
131 129 0.0023
129 130 0.0049
131 130 0.0023
132 130 0.0041
129 131 0.0023
130 131 0.0023
132 131 0.0038
133 131 0.0014
130 132 0.0041
131 132 0.0038
133 132 0.003
131 133 0.0014
132 133 0.003
134 133 0.0016
133 134 0.0016
122 135 0.0002
136 135 0.0005
142 135 0.0021
123 136 0.0066
135 136 0.0005
137 136 0.013
123 137 0.0057
136 137 0.013
139 137 0.0013
106 138 0.002
139 138 0.0077
407 138 0.0004
137 139 0.0013
138 139 0.0077
140 139 0.0008
141 139 0.0011
139 140 0.0008
139 141 0.0011
70 142 0.0024
105 142 0.0042
135 142 0.0021
65 143 0.0063
68 143 0.0251
144 143 0.0277
143 144 0.0277
57 145 0.0013
65 145 0.0028
146 145 0.0029
145 146 0.0029
147 146 0.0031
149 146 0.0036
152 146 0.0009
146 147 0.0031
148 147 0.003
407 147 0.0045
147 148 0.003
162 148 0.0013
705 148 0.002
146 149 0.0036
150 149 0.002
153 149 0.0033
149 150 0.002
151 150 0.0014
153 150 0.003
150 151 0.0014
152 151 0.0066
153 151 0.0044
146 152 0.0009
151 152 0.0066
155 152 0.0012
149 153 0.0033
150 153 0.003
151 153 0.0044
57 154 0.0139
155 154 0.0087
157 154 0.0051
152 155 0.0012
154 155 0.0087
156 155 0.0013
155 156 0.0013
55 157 0.0077
154 157 0.0051
158 157 0.0047
159 157 0.0089
157 158 0.0047
49 159 0.0027
157 159 0.0089
160 159 0.0065
169 159 0.0045
159 160 0.0065
161 160 0.0019
163 160 0.0048
160 161 0.0019
162 161 0.003
165 161 0.0141
705 161 0.0034
148 162 0.0013
161 162 0.003
705 162 0.0023
160 163 0.0048
164 163 0.0102
167 163 0.0043
186 163 0.003
163 164 0.0102
165 164 0.0133
178 164 0.001
161 165 0.0141
164 165 0.0133
174 165 0.0012
51 166 0.0257
167 166 0.0148
168 166 0.0148
163 167 0.0043
166 167 0.0148
168 167 0.0081
166 168 0.0148
167 168 0.0081
169 168 0.0067
51 169 0.0044
159 169 0.0045
168 169 0.0067
171 170 0.0039
173 170 0.0016
705 170 0.0047
170 171 0.0039
172 171 0.0062
405 171 0.0051
407 171 0.0016
408 171 0.0006
171 172 0.0062
409 172 0.0028
412 172 0.0019
170 173 0.0016
176 173 0.0096
420 173 0.0034
424 173 0.0069
165 174 0.0012
175 174 0.0011
177 174 0.0027
174 175 0.0011
176 175 0.0007
183 175 0.0018
184 175 0.001
173 176 0.0096
175 176 0.0007
422 176 0.001
423 176 0.0018
174 177 0.0027
164 178 0.001
179 178 0.0097
457 178 0.0001
178 179 0.0097
180 179 0.0047
182 179 0.0177
179 180 0.0047
181 180 0.0047
441 180 0.0009
180 181 0.0047
443 181 0.0025
450 181 0.0022
453 181 0.0006
179 182 0.0177
183 182 0.0028
185 182 0.0008
175 183 0.0018
182 183 0.0028
184 183 0.0064
434 183 0.0018
175 184 0.001
183 184 0.0064
422 184 0.0077
429 184 0.0041
182 185 0.0008
439 185 0.0031
440 185 0.0005
163 186 0.003
187 186 0.0081
203 186 0.0026
186 187 0.0081
188 187 0.0038
203 187 0.0023
187 188 0.0038
189 188 0.0065
201 188 0.0011
188 189 0.0065
190 189 0.0158
195 189 0.0232
189 190 0.0158
191 190 0.0015
192 190 0.0048
455 190 0.001
190 191 0.0015
190 192 0.0048
193 192 0.0012
194 192 0.0034
192 193 0.0012
192 194 0.0034
455 194 0.0027
456 194 0.0016
189 195 0.0232
196 195 0.0011
197 195 0.0019
195 196 0.0011
198 196 0.0044
206 196 0.0013
195 197 0.0019
198 197 0.004
199 197 0.0014
196 198 0.0044
197 198 0.004
213 198 0.0162
197 199 0.0014
6 200 0.0024
201 200 0.0162
205 200 0.0021
188 201 0.0011
200 201 0.0162
202 201 0.0229
201 202 0.0229
203 202 0.0025
204 202 0.0061
186 203 0.0026
187 203 0.0023
202 203 0.0025
202 204 0.0061
200 205 0.0021
206 205 0.0021
208 205 0.0038
214 205 0.002
218 205 0.0024
196 206 0.0013
205 206 0.0021
207 206 0.0031
213 206 0.0007
206 207 0.0031
205 208 0.0038
47 209 0.0027
210 209 0.0083
706 209 0.0059
209 210 0.0083
215 210 0.0029
219 210 0.0152
221 211 0.0151
235 211 0.0028
706 211 0.0079
708 211 0.004
213 212 0.0101
214 212 0.0029
707 212 0.0024
708 212 0.0039
198 213 0.0162
206 213 0.0007
212 213 0.0101
205 214 0.002
212 214 0.0029
218 214 0.0039
210 215 0.0029
216 215 0.0078
219 215 0.0123
215 216 0.0078
217 216 0.0103
220 216 0.0149
216 217 0.0103
218 217 0.0061
221 217 0.0101
205 218 0.0024
214 218 0.0039
217 218 0.0061
210 219 0.0152
215 219 0.0123
220 219 0.0167
216 220 0.0149
219 220 0.0167
221 220 0.0179
211 221 0.0151
217 221 0.0101
220 221 0.0179
48 222 0.0039
223 222 0.0046
230 222 0.0009
231 222 0.0024
222 223 0.0046
224 223 0.0056
225 223 0.0121
223 224 0.0056
225 224 0.0126
226 224 0.0132
48 225 0.0189
223 225 0.0121
224 225 0.0126
48 226 0.0123
224 226 0.0132
227 226 0.0097
5 227 0.001
226 227 0.0097
228 227 0.0185
248 227 0.0045
227 228 0.0185
229 228 0.0014
230 228 0.0103
241 228 0.0134
249 228 0.0042
228 229 0.0014
222 230 0.0009
228 230 0.0103
232 230 0.0022
233 230 0.0016
236 230 0.0123
222 231 0.0024
232 231 0.0028
234 231 0.0018
706 231 0.0142
230 232 0.0022
231 232 0.0028
233 232 0.0028
230 233 0.0016
232 233 0.0028
234 233 0.0087
231 234 0.0018
233 234 0.0087
235 234 0.0022
378 234 0.0019
211 235 0.0028
234 235 0.0022
707 235 0.0009
230 236 0.0123
237 236 0.0093
241 236 0.0113
236 237 0.0093
238 237 0.0017
505 237 0.0025
237 238 0.0017
239 238 0.0023
379 238 0.002
380 238 0.0039
238 239 0.0023
382 239 0.0036
478 239 0.001
383 240 0.0211
386 240 0.0025
493 240 0.0034
504 240 0.0027
505 240 0.006
228 241 0.0134
236 241 0.0113
504 241 0.0013
31 242 0.005
38 242 0.0074
243 242 0.0018
242 243 0.0018
31 244 0.0016
42 245 0.0024
372 245 0.0041
373 245 0.0077
42 246 0.0048
44 247 0.0028
248 247 0.0209
250 247 0.0078
43 248 0.001
227 248 0.0045
247 248 0.0209
249 248 0.0057
228 249 0.0042
248 249 0.0057
250 249 0.0105
247 250 0.0078
249 250 0.0105
374 250 0.0039
84 251 0.0212
252 251 0.0328
263 251 0.0024
251 252 0.0328
253 252 0.0014
628 252 0.0007
252 253 0.0014
254 253 0.008
267 253 0.0294
268 253 0.0035
253 254 0.008
255 254 0.0031
260 254 0.0018
254 255 0.0031
256 255 0.0005
257 255 0.0009
255 256 0.0005
258 256 0.0015
260 256 0.0027
255 257 0.0009
258 257 0.0038
259 257 0.0037
256 258 0.0015
257 258 0.0038
598 258 0.0008
257 259 0.0037
254 260 0.0018
256 260 0.0027
261 260 0.006
601 260 0.0009
260 261 0.006
262 261 0.0027
609 261 0.0018
614 261 0.0026
261 262 0.0027
606 262 0.0011
610 262 0.0049
251 263 0.0024
264 263 0.0006
266 263 0.0104
263 264 0.0006
265 264 0.0054
266 264 0.0043
264 265 0.0054
263 266 0.0104
264 266 0.0043
267 266 0.0171
253 267 0.0294
266 267 0.0171
268 267 0.0015
253 268 0.0035
267 268 0.0015
269 268 0.0064
268 269 0.0064
270 269 0.0125
272 269 0.0057
269 270 0.0125
271 270 0.0043
274 270 0.0032
270 271 0.0043
269 272 0.0057
273 272 0.0036
275 272 0.0083
272 273 0.0036
592 273 0.0049
594 273 0.0043
598 273 0.0019
270 274 0.0032
278 274 0.0026
577 274 0.0025
272 275 0.0083
276 275 0.0137
582 275 0.0013
275 276 0.0137
277 276 0.0136
592 276 0.0049
276 277 0.0136
582 277 0.0027
588 277 0.0034
274 278 0.0026
84 279 0.0007
86 280 0.0014
281 280 0.0039
630 280 0.0016
280 281 0.0039
86 282 0.001
98 283 0.0013
284 283 0.0039
287 283 0.0032
283 284 0.0039
101 285 0.0011
100 286 0.0051
283 287 0.0032
96 288 0.005
289 288 0.0048
292 288 0.0123
288 289 0.0048
290 289 0.001
291 289 0.0008
289 290 0.001
289 291 0.0008
288 292 0.0123
293 292 0.0016
296 292 0.0007
292 293 0.0016
294 293 0.01
562 293 0.0013
293 294 0.01
295 294 0.003
629 294 0.0008
294 295 0.003
570 295 0.0011
571 295 0.0022
292 296 0.0007
297 296 0.0033
302 296 0.0065
296 297 0.0033
564 297 0.0033
569 297 0.0032
96 298 0.0019
299 298 0.0037
302 298 0.0011
298 299 0.0037
300 299 0.0031
301 299 0.0031
299 300 0.0031
299 301 0.0031
296 302 0.0065
298 302 0.0011
560 302 0.0071
94 303 0.0091
304 303 0.0505
311 303 0.0012
303 304 0.0505
305 304 0.0079
309 304 0.0008
304 305 0.0079
306 305 0.0028
307 305 0.0098
310 305 0.001
305 306 0.0028
307 306 0.0034
560 306 0.0036
305 307 0.0098
306 307 0.0034
308 307 0.0048
307 308 0.0048
304 309 0.0008
310 309 0.0019
313 309 0.0019
314 309 0.006
305 310 0.001
309 310 0.0019
313 310 0.0034
558 310 0.0018
92 311 0.0011
303 311 0.0012
317 311 0.0015
89 312 0.0011
318 312 0.0029
557 312 0.0008
309 313 0.0019
310 313 0.0034
558 313 0.0029
309 314 0.006
315 314 0.0075
316 314 0.005
314 315 0.0075
314 316 0.005
311 317 0.0015
312 318 0.0029
319 318 0.0035
323 318 0.0017
318 319 0.0035
320 319 0.0025
325 319 0.0021
552 319 0.0024
319 320 0.0025
321 320 0.012
552 320 0.0059
320 321 0.012
322 321 0.0037
555 321 0.0056
321 322 0.0037
318 323 0.0017
13 324 0.003
13 325 0.0028
319 325 0.0021
326 325 0.0133
325 326 0.0133
327 326 0.0045
334 326 0.0037
335 326 0.0029
326 327 0.0045
334 327 0.0022
335 327 0.0073
554 327 0.0205
13 328 0.0027
13 329 0.0021
330 329 0.0048
331 329 0.0048
329 330 0.0048
329 331 0.0048
332 331 0.0038
333 331 0.0022
331 332 0.0038
333 332 0.0031
334 332 0.0145
331 333 0.0022
332 333 0.0031
341 333 0.0024
326 334 0.0037
327 334 0.0022
332 334 0.0145
340 334 0.001
326 335 0.0029
327 335 0.0073
552 335 0.0051
337 336 0.0127
553 336 0.0037
554 336 0.0308
336 337 0.0127
338 337 0.0034
339 337 0.003
337 338 0.0034
337 339 0.003
334 340 0.001
341 340 0.0012
549 340 0.0019
333 341 0.0024
340 341 0.0012
342 341 0.0092
341 342 0.0092
523 343 0.0032
36 344 0.0016
345 344 0.0021
346 344 0.001
344 345 0.0021
346 345 0.0088
347 345 0.0069
344 346 0.001
345 346 0.0088
531 346 0.0033
345 347 0.0069
32 348 0.0013
350 349 0.0147
517 349 0.0018
533 349 0.0006
349 350 0.0147
44 351 0.0023
352 351 0.0128
372 351 0.0019
351 352 0.0128
353 352 0.0037
355 352 0.0019
352 353 0.0037
354 353 0.0078
356 353 0.0013
353 354 0.0078
355 354 0.0144
361 354 0.0024
352 355 0.0019
354 355 0.0144
366 355 0.0017
372 355 0.0022
353 356 0.0013
357 356 0.0034
358 356 0.0107
356 357 0.0034
356 358 0.0107
359 358 0.0031
360 358 0.0046
358 359 0.0031
358 360 0.0046
354 361 0.0024
362 361 0.0034
363 361 0.0133
365 361 0.0037
361 362 0.0034
361 363 0.0133
364 363 0.0024
498 363 0.0007
363 364 0.0024
361 365 0.0037
506 365 0.0113
509 365 0.0072
355 366 0.0017
367 366 0.0036
368 366 0.0013
366 367 0.0036
366 368 0.0013
370 368 0.0045
510 368 0.0042
511 368 0.0031
39 369 0.0077
371 369 0.004
518 369 0.006
520 369 0.0013
368 370 0.0045
510 370 0.0142
520 370 0.002
521 370 0.0041
37 371 0.0074
39 371 0.0083
369 371 0.004
245 372 0.0041
351 372 0.0019
355 372 0.0022
245 373 0.0077
250 374 0.0039
375 374 0.0014
377 374 0.001
493 374 0.0016
504 374 0.0045
374 375 0.0014
376 375 0.0012
494 375 0.0034
375 376 0.0012
495 376 0.0017
496 376 0.0097
374 377 0.001
234 378 0.0019
465 378 0.0007
467 378 0.002
707 378 0.0039
238 379 0.002
381 379 0.0015
472 379 0.0005
238 380 0.0039
381 380 0.0026
481 380 0.0009
379 381 0.0015
380 381 0.0026
473 381 0.0033
239 382 0.0036
478 382 0.0015
479 382 0.0135
240 383 0.0211
384 383 0.0059
385 383 0.017
387 383 0.0022
383 384 0.0059
383 385 0.017
386 385 0.0042
491 385 0.0023
240 386 0.0025
385 386 0.0042
487 386 0.0004
495 386 0.0009
383 387 0.0022
388 387 0.0105
389 387 0.0087
479 387 0.0302
491 387 0.0018
387 388 0.0105
485 388 0.0014
487 388 0.0117
387 389 0.0087
119 390 0.0
391 390 0.004
392 390 0.001
393 390 0.0005
390 391 0.004
390 392 0.001
120 393 0.0
390 393 0.0005
394 393 0.0027
393 394 0.0027
395 394 0.0006
397 394 0.0016
394 395 0.0006
121 396 0.0004
397 396 0.0088
399 396 0.0034
394 397 0.0016
396 397 0.0088
398 397 0.0003
397 398 0.0003
396 399 0.0034
400 399 0.0009
401 399 0.0003
399 400 0.0009
399 401 0.0003
402 401 0.0001
403 401 0.0007
401 402 0.0001
401 403 0.0007
404 403 0.0043
405 403 0.0001
403 404 0.0043
171 405 0.0051
403 405 0.0001
406 405 0.0013
405 406 0.0013
138 407 0.0004
147 407 0.0045
171 407 0.0016
171 408 0.0006
636 408 0.0013
641 408 0.0035
172 409 0.0028
410 409 0.0002
411 409 0.0012
409 410 0.0002
647 410 0.0015
649 410 0.0013
409 411 0.0012
412 411 0.0005
413 411 0.0018
172 412 0.0019
411 412 0.0005
416 412 0.0012
411 413 0.0018
414 413 0.0008
415 413 0.0004
413 414 0.0008
413 415 0.0004
412 416 0.0012
417 416 0.0148
418 416 0.0062
416 417 0.0148
418 417 0.0055
420 417 0.0016
416 418 0.0062
417 418 0.0055
419 418 0.0009
649 418 0.0015
418 419 0.0009
173 420 0.0034
417 420 0.0016
421 420 0.0003
420 421 0.0003
176 422 0.001
184 422 0.0077
426 422 0.0024
176 423 0.0018
424 423 0.0043
426 423 0.003
173 424 0.0069
423 424 0.0043
425 424 0.0012
424 425 0.0012
422 426 0.0024
423 426 0.003
427 426 0.0079
426 427 0.0079
428 427 0.0165
430 427 0.0038
427 428 0.0165
429 428 0.0036
660 428 0.0013
184 429 0.0041
428 429 0.0036
431 429 0.0048
427 430 0.0038
429 431 0.0048
432 431 0.0018
433 431 0.002
431 432 0.0018
431 433 0.002
667 433 0.0025
669 433 0.0016
183 434 0.0018
435 434 0.0149
669 434 0.0003
434 435 0.0149
436 435 0.0012
437 435 0.0034
435 436 0.0012
435 437 0.0034
438 437 0.0024
671 437 0.0029
437 438 0.0024
185 439 0.0031
185 440 0.0005
180 441 0.0009
442 441 0.0011
443 441 0.0023
441 442 0.0011
181 443 0.0025
441 443 0.0023
444 443 0.0045
443 444 0.0045
445 444 0.0057
448 444 0.0104
444 445 0.0057
446 445 0.0012
447 445 0.0013
445 446 0.0012
445 447 0.0013
444 448 0.0104
449 448 0.0062
672 448 0.0027
448 449 0.0062
181 450 0.0022
451 450 0.0022
452 450 0.0039
676 450 0.0034
450 451 0.0022
450 452 0.0039
181 453 0.0006
454 453 0.0028
455 453 0.0007
453 454 0.0028
190 455 0.001
194 455 0.0027
453 455 0.0007
194 456 0.0016
457 456 0.0018
458 456 0.0032
178 457 0.0001
456 457 0.0018
458 457 0.002
462 457 0.0017
456 458 0.0032
457 458 0.002
459 458 0.0032
458 459 0.0032
460 459 0.0025
461 459 0.0024
459 460 0.0025
459 461 0.0024
457 462 0.0017
463 462 0.0047
464 462 0.0058
462 463 0.0047
462 464 0.0058
378 465 0.0007
466 465 0.0013
678 465 0.0023
465 466 0.0013
378 467 0.002
468 467 0.0018
469 467 0.0011
467 468 0.0018
467 469 0.0011
470 469 0.0043
471 469 0.0035
469 470 0.0043
678 470 0.004
680 470 0.0127
469 471 0.0035
379 472 0.0005
381 473 0.0033
474 473 0.0018
477 473 0.0009
473 474 0.0018
475 474 0.0031
476 474 0.0024
474 475 0.0031
474 476 0.0024
473 477 0.0009
239 478 0.001
382 478 0.0015
480 478 0.0036
382 479 0.0135
387 479 0.0302
480 479 0.0045
478 480 0.0036
479 480 0.0045
481 480 0.0215
485 480 0.0062
380 481 0.0009
480 481 0.0215
482 481 0.0037
484 481 0.0041
481 482 0.0037
483 482 0.0155
698 482 0.0016
482 483 0.0155
481 484 0.0041
388 485 0.0014
480 485 0.0062
486 485 0.0019
701 485 0.0012
485 486 0.0019
386 487 0.0004
388 487 0.0117
488 487 0.0021
487 488 0.0021
489 488 0.0055
490 488 0.0003
488 489 0.0055
488 490 0.0003
385 491 0.0023
387 491 0.0018
492 491 0.0011
491 492 0.0011
240 493 0.0034
374 493 0.0016
494 493 0.0024
375 494 0.0034
493 494 0.0024
495 494 0.0021
376 495 0.0017
386 495 0.0009
494 495 0.0021
376 496 0.0097
497 496 0.0042
502 496 0.0036
496 497 0.0042
498 497 0.003
499 497 0.0061
502 497 0.007
363 498 0.0007
497 498 0.003
499 498 0.0114
500 498 0.0083
497 499 0.0061
498 499 0.0114
500 499 0.0044
498 500 0.0083
499 500 0.0044
501 500 0.0035
500 501 0.0035
502 501 0.0076
503 501 0.0011
496 502 0.0036
497 502 0.007
501 502 0.0076
501 503 0.0011
240 504 0.0027
241 504 0.0013
374 504 0.0045
505 504 0.0053
237 505 0.0025
240 505 0.006
504 505 0.0053
365 506 0.0113
507 506 0.0046
508 506 0.0103
506 507 0.0046
506 508 0.0103
365 509 0.0072
368 510 0.0042
370 510 0.0142
511 510 0.0157
513 510 0.0014
533 510 0.0014
368 511 0.0031
510 511 0.0157
512 511 0.01
511 512 0.01
510 513 0.0014
514 513 0.0139
533 513 0.0097
513 514 0.0139
515 514 0.0055
516 514 0.0078
514 515 0.0055
514 516 0.0078
37 517 0.0062
349 517 0.0018
518 517 0.0077
369 518 0.006
517 518 0.0077
519 518 0.0031
518 519 0.0031
520 519 0.0051
535 519 0.0022
369 520 0.0013
370 520 0.002
519 520 0.0051
370 521 0.0041
534 521 0.0031
535 521 0.0067
26 522 0.0014
523 522 0.0026
527 522 0.0047
343 523 0.0032
522 523 0.0026
524 523 0.0039
528 523 0.0027
523 524 0.0039
525 524 0.0036
538 524 0.0046
524 525 0.0036
526 525 0.0087
527 525 0.0067
525 526 0.0087
527 526 0.0087
536 526 0.0032
522 527 0.0047
525 527 0.0067
526 527 0.0087
523 528 0.0027
538 528 0.0037
540 528 0.003
20 529 0.005
530 529 0.0104
540 529 0.0011
529 530 0.0104
29 531 0.0011
346 531 0.0033
532 531 0.0023
536 531 0.0025
531 532 0.0023
349 533 0.0006
510 533 0.0014
513 533 0.0097
534 533 0.0013
521 534 0.0031
533 534 0.0013
535 534 0.0011
519 535 0.0022
521 535 0.0067
534 535 0.0011
526 536 0.0032
531 536 0.0025
537 536 0.0067
536 537 0.0067
524 538 0.0046
528 538 0.0037
539 538 0.0047
702 538 0.0016
538 539 0.0047
703 539 0.0067
704 539 0.0061
528 540 0.003
529 540 0.0011
541 540 0.0022
540 541 0.0022
542 541 0.0058
543 541 0.0046
541 542 0.0058
541 543 0.0046
16 544 0.0006
17 544 0.0006
545 544 0.0102
547 544 0.0014
544 545 0.0102
546 545 0.0061
547 545 0.0032
545 546 0.0061
547 546 0.0062
548 546 0.0016
544 547 0.0014
545 547 0.0032
546 547 0.0062
546 548 0.0016
340 549 0.0019
550 549 0.0029
551 549 0.0025
549 550 0.0029
549 551 0.0025
319 552 0.0024
320 552 0.0059
335 552 0.0051
553 552 0.013
555 552 0.0069
336 553 0.0037
552 553 0.013
554 553 0.0084
555 553 0.0111
327 554 0.0205
336 554 0.0308
553 554 0.0084
321 555 0.0056
552 555 0.0069
553 555 0.0111
556 555 0.0245
555 556 0.0245
312 557 0.0008
310 558 0.0018
313 558 0.0029
559 558 0.0025
558 559 0.0025
302 560 0.0071
306 560 0.0036
561 560 0.0012
560 561 0.0012
293 562 0.0013
563 562 0.0043
569 562 0.0027
562 563 0.0043
297 564 0.0033
565 564 0.0041
567 564 0.0035
568 564 0.0086
564 565 0.0041
566 565 0.0025
569 565 0.0027
565 566 0.0025
564 567 0.0035
564 568 0.0086
297 569 0.0032
562 569 0.0027
565 569 0.0027
295 570 0.0011
295 571 0.0022
572 571 0.0047
575 571 0.0052
571 572 0.0047
573 572 0.0027
574 572 0.003
572 573 0.0027
572 574 0.003
571 575 0.0052
576 575 0.0034
577 575 0.0011
575 576 0.0034
274 577 0.0025
575 577 0.0011
578 577 0.0096
577 578 0.0096
579 578 0.0017
580 578 0.0035
581 578 0.0019
578 579 0.0017
578 580 0.0035
578 581 0.0019
275 582 0.0013
277 582 0.0027
583 582 0.0014
584 582 0.0031
585 582 0.0025
588 582 0.0004
582 583 0.0014
582 584 0.0031
585 584 0.0041
588 584 0.0059
582 585 0.0025
584 585 0.0041
586 585 0.0044
587 585 0.0037
585 586 0.0044
585 587 0.0037
277 588 0.0034
582 588 0.0004
584 588 0.0059
589 588 0.0062
635 588 0.0008
588 589 0.0062
591 589 0.0028
631 589 0.0053
631 590 0.0083
589 591 0.0028
273 592 0.0049
276 592 0.0049
593 592 0.0006
594 592 0.013
592 593 0.0006
273 594 0.0043
592 594 0.013
595 594 0.001
594 595 0.001
596 595 0.0041
597 595 0.0028
595 596 0.0041
595 597 0.0028
258 598 0.0008
273 598 0.0019
599 598 0.0004
598 599 0.0004
600 599 0.0011
602 599 0.0022
599 600 0.0011
260 601 0.0009
599 602 0.0022
603 602 0.0018
609 602 0.004
602 603 0.0018
604 603 0.0009
605 603 0.0008
603 604 0.0009
603 605 0.0008
262 606 0.0011
607 606 0.0046
608 606 0.0036
609 606 0.0007
606 607 0.0046
606 608 0.0036
261 609 0.0018
602 609 0.004
606 609 0.0007
262 610 0.0049
611 610 0.0042
615 610 0.0002
610 611 0.0042
612 611 0.0005
613 611 0.0009
611 612 0.0005
611 613 0.0009
261 614 0.0026
615 614 0.0025
618 614 0.0007
610 615 0.0002
614 615 0.0025
616 615 0.0009
617 615 0.001
615 616 0.0009
615 617 0.001
614 618 0.0007
112 619 0.0003
112 620 0.0002
110 621 0.0004
622 621 0.0015
625 621 0.0009
621 622 0.0015
623 622 0.0
624 622 0.0001
622 623 0.0
622 624 0.0001
621 625 0.0009
626 625 0.0001
627 625 0.0002
625 626 0.0001
625 627 0.0002
252 628 0.0007
294 629 0.0008
280 630 0.0016
589 631 0.0053
590 631 0.0083
632 631 0.0073
631 632 0.0073
633 632 0.0008
634 632 0.016
632 633 0.0008
632 634 0.016
588 635 0.0008
408 636 0.0013
637 636 0.0009
640 636 0.0003
636 637 0.0009
638 637 0.0011
639 637 0.0004
637 638 0.0011
637 639 0.0004
636 640 0.0003
408 641 0.0035
642 641 0.0023
647 641 0.0014
641 642 0.0023
643 642 0.0004
644 642 0.0003
642 643 0.0004
642 644 0.0003
645 644 0.0014
646 644 0.0012
644 645 0.0014
644 646 0.0012
410 647 0.0015
641 647 0.0014
648 647 0.0007
649 647 0.001
647 648 0.0007
650 648 0.0016
651 648 0.0008
652 648 0.0012
653 648 0.0
410 649 0.0013
418 649 0.0015
647 649 0.001
650 649 0.0045
657 649 0.0005
648 650 0.0016
649 650 0.0045
651 650 0.0022
648 651 0.0008
650 651 0.0022
652 651 0.0007
648 652 0.0012
651 652 0.0007
653 652 0.0086
648 653 0.0
652 653 0.0086
654 653 0.002
656 653 0.0012
653 654 0.002
655 654 0.0033
657 654 0.0049
654 655 0.0033
653 656 0.0012
649 657 0.0005
654 657 0.0049
658 657 0.001
657 658 0.001
659 658 0.008
662 658 0.0011
658 659 0.008
661 659 0.0051
663 659 0.0011
428 660 0.0013
661 660 0.0009
667 660 0.0032
659 661 0.0051
660 661 0.0009
664 661 0.0022
665 661 0.0016
666 661 0.001
658 662 0.0011
659 663 0.0011
661 664 0.0022
661 665 0.0016
661 666 0.001
433 667 0.0025
660 667 0.0032
668 667 0.0011
667 668 0.0011
433 669 0.0016
434 669 0.0003
670 669 0.0026
669 670 0.0026
437 671 0.0029
448 672 0.0027
673 672 0.0025
674 672 0.0047
675 672 0.0042
672 673 0.0025
672 674 0.0047
672 675 0.0042
450 676 0.0034
677 676 0.0093
690 676 0.0048
676 677 0.0093
678 677 0.0033
681 677 0.0138
465 678 0.0023
470 678 0.004
677 678 0.0033
679 678 0.009
678 679 0.009
680 679 0.0034
681 679 0.0274
470 680 0.0127
679 680 0.0034
682 680 0.015
677 681 0.0138
679 681 0.0274
692 681 0.015
680 682 0.015
683 682 0.0027
686 682 0.0032
682 683 0.0027
684 683 0.0023
685 683 0.0029
683 684 0.0023
683 685 0.0029
682 686 0.0032
687 686 0.0057
688 686 0.0021
689 686 0.0041
686 687 0.0057
686 688 0.0021
686 689 0.0041
676 690 0.0048
691 690 0.0028
692 690 0.043
690 691 0.0028
681 692 0.015
690 692 0.043
693 692 0.0024
696 692 0.0023
697 692 0.0023
692 693 0.0024
694 693 0.0046
695 693 0.0037
693 694 0.0046
693 695 0.0037
692 696 0.0023
692 697 0.0023
482 698 0.0016
699 698 0.0058
701 698 0.0024
698 699 0.0058
700 699 0.0148
701 699 0.0028
699 700 0.0148
485 701 0.0012
698 701 0.0024
699 701 0.0028
538 702 0.0016
539 703 0.0067
539 704 0.0061
148 705 0.002
161 705 0.0034
162 705 0.0023
170 705 0.0047
209 706 0.0059
211 706 0.0079
231 706 0.0142
212 707 0.0024
235 707 0.0009
378 707 0.0039
708 707 0.0019
211 708 0.004
212 708 0.0039
707 708 0.0019
