2 1 0.0147
58 1 0.0026
59 1 0.0019
71 1 0.009
92 1 0.0018
93 1 0.0046
168 1 0.0081
169 1 0.0064
179 1 0.0157
180 1 0.002
207 1 0.0138
247 1 0.0134
346 1 0.0037
348 1 0.0119
352 1 0.0038
355 1 0.0079
381 1 0.0103
387 1 0.0028
389 1 0.0019
394 1 0.0151
399 1 0.0021
400 1 0.0019
426 1 0.0024
432 1 0.0041
479 1 0.007
594 1 0.0126
613 1 0.0011
614 1 0.0131
617 1 0.0022
619 1 0.001
672 1 0.0115
679 1 0.0045
693 1 0.005
696 1 0.0054
702 1 0.0062
703 1 0.0145
738 1 0.014
788 1 0.006
789 1 0.0125
790 1 0.0123
1258 1 0.0129
1259 1 0.0089
1261 1 0.0105
1 2 0.0147
3 2 0.0091
419 2 0.0217
2 3 0.0091
4 3 0.0381
421 3 0.0034
3 4 0.0381
5 4 0.0444
401 4 0.0057
4 5 0.0444
6 5 0.0138
29 5 0.0225
5 6 0.0138
7 6 0.0437
17 6 0.0349
558 6 0.0065
6 7 0.0437
8 7 0.0018
425 7 0.0167
566 7 0.019
7 8 0.0018
9 8 0.0061
150 8 0.0023
158 8 0.0041
8 9 0.0061
10 9 0.0028
11 9 0.0064
9 10 0.0028
9 11 0.0064
162 12 0.002
558 12 0.0943
560 12 0.1206
564 13 0.0646
767 13 0.0016
768 13 0.0354
838 13 0.0053
152 14 0.0152
768 14 0.037
769 14 0.0082
1315 14 0.0296
16 15 0.0315
868 15 0.0016
1315 15 0.0497
15 16 0.0315
854 16 0.0036
862 16 0.0078
6 17 0.0349
18 17 0.0053
412 17 0.0027
17 18 0.0053
19 18 0.0013
22 18 0.0043
18 19 0.0013
20 19 0.0047
21 19 0.0054
19 20 0.0047
19 21 0.0054
18 22 0.0043
23 22 0.0025
26 22 0.0024
22 23 0.0025
24 23 0.0068
26 23 0.0032
23 24 0.0068
25 24 0.0052
28 24 0.0033
24 25 0.0052
22 26 0.0024
23 26 0.0032
27 26 0.0251
26 27 0.0251
28 27 0.0188
882 27 0.0022
24 28 0.0033
27 28 0.0188
884 28 0.0057
5 29 0.0225
30 29 0.0037
403 29 0.0062
29 30 0.0037
31 30 0.0097
802 30 0.0057
30 31 0.0097
32 31 0.0224
126 31 0.0067
409 31 0.0555
31 32 0.0224
38 32 0.007
837 32 0.0012
34 33 0.0077
38 33 0.102
42 33 0.0039
33 34 0.0077
35 34 0.0206
124 34 0.0051
34 35 0.0206
36 35 0.0416
42 35 0.0029
35 36 0.0416
37 36 0.0195
924 36 0.0024
36 37 0.0195
930 37 0.0025
935 37 0.0018
32 38 0.007
33 38 0.102
39 38 0.004
123 38 0.0038
38 39 0.004
40 39 0.0029
835 39 0.0101
39 40 0.0029
41 40 0.0056
42 40 0.0094
40 41 0.0056
919 41 0.0014
921 41 0.0015
33 42 0.0039
35 42 0.0029
40 42 0.0094
43 42 0.0415
42 43 0.0415
889 43 0.0083
925 43 0.0324
924 44 0.0057
925 44 0.007
926 44 0.014
46 45 0.0227
58 45 0.0036
116 45 0.0296
389 45 0.0079
45 46 0.0227
47 46 0.0469
388 46 0.0105
46 47 0.0469
48 47 0.0163
388 47 0.0034
47 48 0.0163
49 48 0.0258
580 48 0.007
48 49 0.0258
50 49 0.0021
766 49 0.0028
49 50 0.0021
51 50 0.0034
759 50 0.0715
50 51 0.0034
52 51 0.0194
471 51 0.0012
51 52 0.0194
53 52 0.0144
468 52 0.0218
52 53 0.0144
54 53 0.0184
467 53 0.002
53 54 0.0184
55 54 0.0206
466 54 0.0029
54 55 0.0206
56 55 0.004
466 55 0.0199
55 56 0.004
57 56 0.0182
972 56 0.0016
56 57 0.0182
957 57 0.0093
961 57 0.0212
972 57 0.0025
1 58 0.0026
45 58 0.0036
801 58 0.0058
1 59 0.0019
60 59 0.0018
800 59 0.0018
59 60 0.0018
61 60 0.0018
383 60 0.0029
60 61 0.0018
62 61 0.0024
92 61 0.002
61 62 0.0024
63 62 0.0168
121 62 0.0021
753 62 0.0339
62 63 0.0168
64 63 0.0148
110 63 0.005
63 64 0.0148
103 64 0.0048
435 64 0.0131
67 65 0.0023
435 65 0.0496
1369 65 0.0018
1369 66 0.001
65 67 0.0023
68 67 0.0013
1369 67 0.0037
67 68 0.0013
69 68 0.0024
975 68 0.002
68 69 0.0024
70 69 0.0003
974 69 0.0002
69 70 0.0003
1 71 0.009
72 71 0.0219
1252 71 0.0166
71 72 0.0219
378 72 0.0889
379 72 0.0693
381 72 0.0115
74 73 0.0045
345 73 0.0127
377 73 0.0477
378 73 0.0907
73 74 0.0045
75 74 0.0178
588 74 0.0029
74 75 0.0178
76 75 0.0342
89 75 0.0035
833 75 0.0048
75 76 0.0342
77 76 0.003
834 76 0.0035
76 77 0.003
78 77 0.0128
115 77 0.008
77 78 0.0128
367 78 0.0259
792 78 0.0042
367 79 0.0123
445 79 0.0003
457 79 0.0052
81 80 0.0083
457 80 0.0219
1370 80 0.0005
80 81 0.0083
82 81 0.0082
449 81 0.0008
459 81 0.001
81 82 0.0082
83 82 0.0158
446 82 0.0025
82 83 0.0158
84 83 0.0147
445 83 0.0021
460 83 0.0049
83 84 0.0147
452 84 0.0018
462 84 0.038
86 85 0.0064
88 85 0.0025
464 85 0.0077
85 86 0.0064
87 86 0.007
976 86 0.0022
86 87 0.007
85 88 0.0025
75 89 0.0035
363 89 0.0091
588 89 0.0028
91 90 0.0008
101 90 0.0111
363 90 0.0068
90 91 0.0008
1 92 0.0018
61 92 0.002
584 92 0.0018
1 93 0.0046
94 93 0.0468
380 93 0.0438
93 94 0.0468
95 94 0.1148
587 94 0.0085
94 95 0.1148
96 95 0.0034
377 95 0.0376
95 96 0.0034
97 96 0.0017
382 96 0.0023
96 97 0.0017
98 97 0.0066
750 97 0.0011
97 98 0.0066
99 98 0.0128
371 98 0.0022
375 98 0.0054
98 99 0.0128
100 99 0.0029
374 99 0.0043
99 100 0.0029
101 100 0.0034
365 100 0.004
371 100 0.0024
90 101 0.0111
100 101 0.0034
102 101 0.0005
369 101 0.0055
101 102 0.0005
64 103 0.0048
104 103 0.0017
106 103 0.0013
110 103 0.0039
103 104 0.0017
105 104 0.0025
108 104 0.0037
104 105 0.0025
103 106 0.0013
107 106 0.0111
108 106 0.0004
106 107 0.0111
1011 107 0.0083
1012 107 0.0063
104 108 0.0037
106 108 0.0004
1369 108 0.0033
110 109 0.0116
111 109 0.0009
752 109 0.0137
753 109 0.0023
63 110 0.005
103 110 0.0039
109 110 0.0116
109 111 0.0009
113 112 0.0278
345 112 0.024
357 112 0.0014
1255 112 0.0199
112 113 0.0278
114 113 0.0113
131 113 0.0077
345 113 0.0046
832 113 0.0069
113 114 0.0113
115 114 0.0321
141 114 0.0018
77 115 0.008
114 115 0.0321
829 115 0.0375
45 116 0.0296
117 116 0.0003
1317 116 0.0015
116 117 0.0003
757 117 0.0083
798 117 0.0024
119 118 0.001
120 118 0.0009
794 118 0.005
1317 118 0.0048
118 119 0.001
122 119 0.0019
435 119 0.0011
118 120 0.0009
62 121 0.0021
119 122 0.0019
38 123 0.0038
124 123 0.0038
580 123 0.0018
34 124 0.0051
123 124 0.0038
125 124 0.0019
124 125 0.0019
31 126 0.0067
127 126 0.0012
128 126 0.0043
126 127 0.0012
126 128 0.0043
129 128 0.0041
836 128 0.0095
128 129 0.0041
1368 130 0.0014
113 131 0.0077
137 131 0.0074
1631 131 0.0014
133 132 0.0058
360 132 0.015
747 132 0.004
132 133 0.0058
134 133 0.0018
136 133 0.0049
133 134 0.0018
135 134 0.0099
985 134 0.008
134 135 0.0099
986 135 0.0033
990 135 0.0012
133 136 0.0049
745 136 0.0021
1005 136 0.0049
1008 136 0.0265
131 137 0.0074
138 137 0.0023
361 137 0.0039
137 138 0.0023
453 138 0.002
828 138 0.0063
140 139 0.0026
828 139 0.0043
1003 139 0.0011
139 140 0.0026
980 140 0.022
992 140 0.001
114 141 0.0018
142 141 0.0017
361 141 0.0054
141 142 0.0017
143 142 0.0028
144 142 0.0022
142 143 0.0028
144 143 0.0016
145 143 0.0029
142 144 0.0022
143 144 0.0016
792 144 0.0147
143 145 0.0029
147 146 0.0299
157 146 0.0057
677 146 0.0364
684 146 0.0042
146 147 0.0299
675 147 0.0306
705 147 0.0213
149 148 0.0072
311 148 0.0021
706 148 0.0039
148 149 0.0072
150 149 0.0057
153 149 0.0032
777 149 0.0152
8 150 0.0023
149 150 0.0057
1316 150 0.0287
162 151 0.0096
838 151 0.0114
1212 151 0.0418
1316 151 0.0083
14 152 0.0152
1212 152 0.0136
1213 152 0.0513
1215 152 0.0042
149 153 0.0032
154 153 0.0032
313 153 0.0056
153 154 0.0032
155 154 0.0024
1316 154 0.0112
154 155 0.0024
156 155 0.0092
1214 155 0.0032
155 156 0.0092
1208 156 0.1084
1251 156 0.0504
146 157 0.0057
158 157 0.0011
159 157 0.0025
8 158 0.0041
157 158 0.0011
571 158 0.0018
157 159 0.0025
160 159 0.0072
775 159 0.0022
159 160 0.0072
163 160 0.0035
573 160 0.0263
574 160 0.0196
574 161 0.0331
773 161 0.0151
774 161 0.013
12 162 0.002
151 162 0.0096
838 162 0.0205
160 163 0.0035
683 163 0.0026
684 163 0.0041
310 164 0.0035
544 164 0.0026
708 164 0.0666
544 165 0.0209
548 165 0.0082
1201 165 0.0008
167 166 0.015
307 166 0.1679
551 166 0.0861
552 166 0.0083
166 167 0.015
552 167 0.0178
1535 167 0.0197
1538 167 0.009
1 168 0.0081
169 168 0.0033
170 168 0.0043
1 169 0.0064
168 169 0.0033
170 169 0.0119
168 170 0.0043
169 170 0.0119
497 170 0.0036
521 170 0.0099
1629 170 0.0079
172 171 0.0007
526 171 0.001
528 171 0.0045
171 172 0.0007
174 173 0.0049
505 173 0.0006
524 173 0.0139
173 174 0.0049
178 174 0.0012
513 174 0.0493
176 175 0.0049
516 175 0.0024
1032 175 0.0088
175 176 0.0049
177 176 0.001
519 176 0.0021
176 177 0.001
174 178 0.0012
1023 178 0.0026
1024 178 0.0023
1 179 0.0157
180 179 0.0072
191 179 0.0019
1 180 0.002
179 180 0.0072
191 180 0.003
589 180 0.0422
182 181 0.0066
188 181 0.0012
590 181 0.0046
181 182 0.0066
183 182 0.0083
502 182 0.0071
182 183 0.0083
184 183 0.0012
185 183 0.0078
495 183 0.0015
503 183 0.0037
183 184 0.0012
1035 184 0.0006
1037 184 0.0013
183 185 0.0078
186 185 0.0045
1028 185 0.0018
185 186 0.0045
1027 186 0.0039
1029 186 0.0016
825 187 0.0024
1027 187 0.0035
1031 187 0.0006
181 188 0.0012
189 188 0.0017
1034 188 0.0011
188 189 0.0017
190 189 0.0021
822 189 0.0059
189 190 0.0021
193 190 0.0064
194 190 0.0078
1036 190 0.0225
179 191 0.0019
180 191 0.003
198 191 0.0011
202 191 0.0234
491 191 0.0037
193 192 0.0015
202 192 0.0045
589 192 0.0045
190 193 0.0064
192 193 0.0015
194 193 0.0065
196 193 0.0018
190 194 0.0078
193 194 0.0065
195 194 0.0011
1371 194 0.0044
194 195 0.0011
1038 195 0.0017
1047 195 0.0008
193 196 0.0018
197 196 0.0088
728 196 0.0027
1046 196 0.0007
196 197 0.0088
728 197 0.0047
1042 197 0.0029
191 198 0.0011
277 198 0.0049
817 198 0.0067
818 198 0.0086
206 199 0.0042
273 199 0.0147
277 199 0.0199
817 199 0.0193
201 200 0.007
734 200 0.0077
1372 200 0.0146
200 201 0.007
730 201 0.0044
731 201 0.023
1052 201 0.0024
1373 201 0.0025
191 202 0.0234
192 202 0.0045
203 202 0.0045
202 203 0.0045
205 204 0.0015
204 205 0.0015
206 205 0.0022
816 205 0.0019
199 206 0.0042
205 206 0.0022
728 206 0.0101
1 207 0.0138
248 207 0.0298
1261 207 0.0497
209 208 0.0529
250 208 0.0263
713 208 0.0091
1261 208 0.0239
208 209 0.0529
602 209 0.1124
711 209 0.0256
1261 209 0.0248
211 210 0.0019
235 210 0.0048
597 210 0.0167
603 210 0.0198
210 211 0.0019
212 211 0.0064
229 211 0.0005
718 211 0.0011
839 211 0.0039
211 212 0.0064
213 212 0.0011
718 212 0.0083
212 213 0.0011
214 213 0.0018
720 213 0.0041
213 214 0.0018
231 214 0.0012
234 214 0.0006
216 215 0.0491
598 215 0.114
615 215 0.0771
215 216 0.0491
222 216 0.0219
599 216 0.0806
609 216 0.0184
278 217 0.003
611 217 0.0342
783 217 0.0458
219 218 0.0219
275 218 0.062
784 218 0.0539
218 219 0.0219
268 219 0.0071
820 219 0.0099
821 219 0.0273
221 220 0.0128
814 220 0.0024
821 220 0.0097
220 221 0.0128
260 221 0.0333
266 221 0.002
735 221 0.0739
216 222 0.0219
600 222 0.023
601 222 0.0109
224 223 0.0076
718 223 0.0007
839 223 0.0062
223 224 0.0076
225 224 0.0052
279 224 0.0032
224 225 0.0052
226 225 0.0031
228 225 0.0012
225 226 0.0031
227 226 0.0006
721 226 0.0046
226 227 0.0006
1065 227 0.007
1088 227 0.002
1091 227 0.0008
225 228 0.0012
211 229 0.0005
230 229 0.0011
722 229 0.0045
229 230 0.0011
214 231 0.0012
232 231 0.0014
233 231 0.0025
231 232 0.0014
1119 232 0.0061
1123 232 0.0093
231 233 0.0025
1086 233 0.0027
1092 233 0.0009
214 234 0.0006
808 234 0.0059
1152 234 0.0004
210 235 0.0048
236 235 0.0016
318 235 0.0043
235 236 0.0016
240 236 0.001
1155 236 0.0003
238 237 0.0045
1155 237 0.0038
1156 237 0.0098
237 238 0.0045
239 238 0.0037
243 238 0.0011
238 239 0.0037
244 239 0.0038
1154 239 0.0027
1161 239 0.0034
1442 239 0.0019
236 240 0.001
715 240 0.0052
810 240 0.0121
811 240 0.007
242 241 0.001
328 241 0.0013
813 241 0.0025
241 242 0.001
243 242 0.0023
809 242 0.0065
238 243 0.0011
242 243 0.0023
244 243 0.0021
804 243 0.0101
239 244 0.0038
243 244 0.0021
245 244 0.0031
244 245 0.0031
246 245 0.0069
333 245 0.0042
806 245 0.0226
245 246 0.0069
333 246 0.0037
805 246 0.007
1 247 0.0134
248 247 0.0419
254 247 0.0188
207 248 0.0298
247 248 0.0419
1263 248 0.047
250 249 0.0996
605 249 0.0226
1262 249 0.0275
208 250 0.0263
249 250 0.0996
251 250 0.0131
713 250 0.0743
250 251 0.0131
252 251 0.0028
608 251 0.0007
714 251 0.1634
251 252 0.0028
253 252 0.0034
1256 252 0.003
252 253 0.0034
280 253 0.001
651 253 0.0036
654 253 0.0013
247 254 0.0188
255 254 0.0081
667 254 0.0042
254 255 0.0081
256 255 0.0019
667 255 0.0511
255 256 0.0019
486 256 0.0039
666 256 0.0035
1256 256 0.0067
258 257 0.0053
257 258 0.0053
259 258 0.0105
634 258 0.0024
258 259 0.0105
634 259 0.0021
648 259 0.011
221 260 0.0333
261 260 0.0118
266 260 0.0035
260 261 0.0118
262 261 0.0029
1058 261 0.0031
261 262 0.0029
263 262 0.0028
264 262 0.0015
732 262 0.0044
262 263 0.0028
1063 263 0.0017
1066 263 0.0014
262 264 0.0015
265 264 0.0018
1065 264 0.0002
264 265 0.0018
1078 265 0.0006
1085 265 0.001
221 266 0.002
260 266 0.0035
267 266 0.0006
266 267 0.0006
219 268 0.0071
269 268 0.005
725 268 0.0024
268 269 0.005
270 269 0.003
272 269 0.0028
269 270 0.003
271 270 0.0178
273 270 0.0017
726 270 0.0031
270 271 0.0178
269 272 0.0028
199 273 0.0147
270 273 0.0017
274 273 0.0074
273 274 0.0074
727 274 0.0083
1372 274 0.0014
218 275 0.062
276 275 0.013
493 275 0.0015
275 276 0.013
277 276 0.0018
815 276 0.0062
198 277 0.0049
199 277 0.0199
276 277 0.0018
817 277 0.0103
217 278 0.003
279 278 0.0012
787 278 0.0079
224 279 0.0032
278 279 0.0012
1159 279 0.0206
253 280 0.001
281 280 0.0043
848 280 0.0013
280 281 0.0043
282 281 0.0111
331 281 0.0536
281 282 0.0111
283 282 0.0326
333 282 0.0082
282 283 0.0326
334 283 0.0316
336 283 0.0055
285 284 0.0314
336 284 0.0019
807 284 0.0077
284 285 0.0314
286 285 0.089
1173 285 0.0714
285 286 0.089
1172 286 0.0077
1183 286 0.0136
288 287 0.011
658 287 0.0087
840 287 0.1437
843 287 0.0024
849 287 0.09
287 288 0.011
844 288 0.0024
1483 288 0.0234
290 289 0.0174
292 289 0.0121
1479 289 0.0041
1483 289 0.0637
289 290 0.0174
291 290 0.0064
852 290 0.0072
290 291 0.0064
289 292 0.0121
293 292 0.0045
295 292 0.003
292 293 0.0045
294 293 0.0615
1484 293 0.0135
1635 293 0.022
293 294 0.0615
1492 294 0.0118
1633 294 0.0135
292 295 0.003
1475 295 0.0444
1632 295 0.006
297 296 0.0209
473 296 0.0011
474 296 0.0448
695 296 0.0207
296 297 0.0209
298 297 0.0052
1264 297 0.0625
297 298 0.0052
299 298 0.0029
542 298 0.005
1264 298 0.0205
298 299 0.0029
301 300 0.0175
543 300 0.0012
624 300 0.0258
300 301 0.0175
302 301 0.0369
304 301 0.0037
301 302 0.0369
344 302 0.0062
626 302 0.0116
555 303 0.0019
556 303 0.0098
626 303 0.0049
301 304 0.0037
305 304 0.0063
308 304 0.0162
344 304 0.0045
304 305 0.0063
306 305 0.0034
344 305 0.0025
1193 305 0.0057
305 306 0.0034
307 306 0.0068
1195 306 0.0106
166 307 0.1679
306 307 0.0068
309 307 0.0283
304 308 0.0162
309 308 0.0085
310 308 0.001
307 309 0.0283
308 309 0.0085
548 309 0.013
164 310 0.0035
308 310 0.001
709 310 0.0342
148 311 0.0021
312 311 0.0019
313 311 0.0013
311 312 0.0019
153 313 0.0056
311 313 0.0013
545 313 0.0036
315 314 0.0244
316 314 0.007
317 314 0.0312
556 314 0.0154
314 315 0.0244
1186 315 0.0655
1194 315 0.0127
314 316 0.007
314 317 0.0312
1189 317 0.0084
1190 317 0.024
235 318 0.0043
320 319 0.0007
319 320 0.0007
321 320 0.0026
670 320 0.0031
717 320 0.0023
320 321 0.0026
322 321 0.0037
324 321 0.0116
321 322 0.0037
323 322 0.0113
1160 322 0.0133
322 323 0.0113
321 324 0.0116
325 324 0.0015
670 324 0.0039
324 325 0.0015
326 325 0.0039
328 325 0.0024
329 325 0.0066
325 326 0.0039
327 326 0.004
328 326 0.0034
330 326 0.007
326 327 0.004
241 328 0.0013
325 328 0.0024
326 328 0.0034
325 329 0.0066
326 330 0.007
281 331 0.0536
332 331 0.0024
847 331 0.0016
331 332 0.0024
245 333 0.0042
246 333 0.0037
282 333 0.0082
283 334 0.0316
335 334 0.0028
338 334 0.0196
334 335 0.0028
283 336 0.0055
284 336 0.0019
337 336 0.0055
336 337 0.0055
338 337 0.05
340 337 0.0168
334 338 0.0196
337 338 0.05
339 338 0.0069
338 339 0.0069
1161 339 0.0017
1171 339 0.0021
337 340 0.0168
341 340 0.0042
343 340 0.0126
340 341 0.0042
342 341 0.0739
807 341 0.0118
341 342 0.0739
343 342 0.0461
1164 342 0.0195
340 343 0.0126
342 343 0.0461
1170 343 0.0041
302 344 0.0062
304 344 0.0045
305 344 0.0025
73 345 0.0127
112 345 0.024
113 345 0.0046
1 346 0.0037
347 346 0.0023
528 346 0.0009
346 347 0.0023
1 348 0.0119
349 348 0.0036
353 348 0.0026
348 349 0.0036
350 349 0.0042
392 349 0.0199
349 350 0.0042
746 350 0.004
747 350 0.0493
353 351 0.0035
355 351 0.0024
356 351 0.0054
358 351 0.0009
1 352 0.0038
348 353 0.0026
351 353 0.0035
354 353 0.0403
353 354 0.0403
1 355 0.0079
351 355 0.0024
396 355 0.0068
351 356 0.0054
391 356 0.0058
1257 356 0.0035
112 357 0.0014
358 357 0.013
395 357 0.0009
351 358 0.0009
357 358 0.013
390 358 0.0052
391 359 0.0015
132 360 0.015
137 361 0.0039
141 361 0.0054
362 361 0.0056
361 362 0.0056
89 363 0.0091
90 363 0.0068
364 363 0.033
365 363 0.0172
363 364 0.033
100 365 0.004
363 365 0.0172
374 365 0.0041
367 366 0.0115
368 366 0.0013
791 366 0.0021
78 367 0.0259
79 367 0.0123
366 367 0.0115
366 368 0.0013
101 369 0.0055
370 369 0.0021
749 369 0.0021
369 370 0.0021
98 371 0.0022
100 371 0.0024
372 371 0.002
371 372 0.002
373 372 0.0019
756 372 0.0023
372 373 0.0019
99 374 0.0043
365 374 0.0041
375 374 0.0144
98 375 0.0054
374 375 0.0144
376 375 0.0074
375 376 0.0074
377 376 0.003
588 376 0.003
73 377 0.0477
95 377 0.0376
376 377 0.003
379 377 0.0163
380 377 0.0144
72 378 0.0889
73 378 0.0907
379 378 0.1474
72 379 0.0693
377 379 0.0163
378 379 0.1474
380 379 0.0234
93 380 0.0438
377 380 0.0144
379 380 0.0234
381 380 0.0434
1 381 0.0103
72 381 0.0115
380 381 0.0434
96 382 0.0023
60 383 0.0029
384 383 0.0021
386 383 0.0017
383 384 0.0021
385 384 0.0031
398 384 0.0013
384 385 0.0031
383 386 0.0017
1317 386 0.0019
1318 386 0.0027
1 387 0.0028
388 387 0.0046
763 387 0.001
46 388 0.0105
47 388 0.0034
387 388 0.0046
389 388 0.0022
578 388 0.0026
1 389 0.0019
45 389 0.0079
388 389 0.0022
358 390 0.0052
356 391 0.0058
359 391 0.0015
392 391 0.0022
349 392 0.0199
391 392 0.0022
393 392 0.0031
392 393 0.0031
1 394 0.0151
1254 394 0.0158
1258 394 0.0696
357 395 0.0009
396 395 0.0049
1258 395 0.0651
355 396 0.0068
395 396 0.0049
397 396 0.0037
396 397 0.0037
384 398 0.0013
1 399 0.0021
400 399 0.059
583 399 0.0059
1 400 0.0019
399 400 0.059
401 400 0.0372
4 401 0.0057
400 401 0.0372
402 401 0.007
404 401 0.0056
1259 401 0.001
401 402 0.007
403 402 0.0262
763 402 0.0053
29 403 0.0062
402 403 0.0262
405 403 0.0717
802 403 0.0219
401 404 0.0056
403 405 0.0717
406 405 0.0292
765 405 0.0071
405 406 0.0292
407 406 0.004
409 406 0.0155
406 407 0.004
408 407 0.0088
411 407 0.0021
407 408 0.0088
31 409 0.0555
406 409 0.0155
410 409 0.0033
409 410 0.0033
407 411 0.0021
17 412 0.0027
413 412 0.0137
417 412 0.0185
412 413 0.0137
414 413 0.0033
415 413 0.0033
413 414 0.0033
413 415 0.0033
417 416 0.0075
412 417 0.0185
416 417 0.0075
418 417 0.0041
417 418 0.0041
2 419 0.0217
420 419 0.017
703 419 0.0302
419 420 0.017
421 420 0.0075
703 420 0.0085
3 421 0.0034
420 421 0.0075
422 421 0.0084
421 422 0.0084
423 422 0.0131
704 422 0.0135
422 423 0.0131
424 423 0.0231
575 423 0.0095
423 424 0.0231
425 424 0.0637
577 424 0.0117
7 425 0.0167
424 425 0.0637
569 425 0.1395
1 426 0.0024
427 426 0.0017
678 426 0.0014
426 427 0.0017
428 427 0.0069
433 427 0.0035
427 428 0.0069
429 428 0.0089
430 428 0.0033
682 428 0.0083
428 429 0.0089
573 429 0.0021
688 429 0.0068
428 430 0.0033
434 430 0.132
572 430 0.0012
575 430 0.0512
432 431 0.0504
434 431 0.0524
704 431 0.0179
1 432 0.0041
431 432 0.0504
433 432 0.0172
427 433 0.0035
432 433 0.0172
434 433 0.0017
430 434 0.132
431 434 0.0524
433 434 0.0017
64 435 0.0131
65 435 0.0496
119 435 0.0011
436 435 0.0036
435 436 0.0036
437 436 0.025
1368 436 0.0019
436 437 0.025
438 437 0.0131
444 437 0.0014
437 438 0.0131
439 438 0.004
440 438 0.008
1368 438 0.0044
438 439 0.004
443 439 0.004
966 439 0.0011
438 440 0.008
441 440 0.0046
972 440 0.0008
440 441 0.0046
442 441 0.006
963 441 0.0004
441 442 0.006
965 442 0.0015
971 442 0.0008
439 443 0.004
437 444 0.0014
79 445 0.0003
83 445 0.0021
461 445 0.0031
82 446 0.0025
447 446 0.0037
448 446 0.0027
446 447 0.0037
446 448 0.0027
81 449 0.0008
450 449 0.0035
451 449 0.0059
449 450 0.0035
449 451 0.0059
84 452 0.0018
138 453 0.002
454 453 0.0015
827 453 0.0036
828 453 0.0038
453 454 0.0015
455 454 0.0102
456 454 0.0053
454 455 0.0102
977 455 0.0006
978 455 0.0007
979 455 0.0006
454 456 0.0053
79 457 0.0052
80 457 0.0219
458 457 0.074
457 458 0.074
81 459 0.001
83 460 0.0049
445 461 0.0031
84 462 0.038
463 462 0.0016
464 462 0.0256
462 463 0.0016
85 464 0.0077
462 464 0.0256
465 464 0.0024
464 465 0.0024
54 466 0.0029
55 466 0.0199
467 466 0.0044
53 467 0.002
466 467 0.0044
940 467 0.0022
52 468 0.0218
469 468 0.0018
937 468 0.001
468 469 0.0018
470 469 0.0022
951 469 0.0006
469 470 0.0022
51 471 0.0012
472 471 0.0036
937 471 0.0032
471 472 0.0036
296 473 0.0011
296 474 0.0448
475 474 0.003
1264 474 0.0132
474 475 0.003
631 475 0.0012
632 475 0.0217
477 476 0.0081
478 476 0.0026
632 476 0.003
641 476 0.0024
476 477 0.0081
476 478 0.0026
1 479 0.007
480 479 0.0011
484 479 0.0138
479 480 0.0011
481 480 0.0019
487 480 0.0025
480 481 0.0019
482 481 0.0072
483 481 0.023
481 482 0.0072
481 483 0.023
479 484 0.0138
485 484 0.0048
667 484 0.0065
484 485 0.0048
486 485 0.0054
667 485 0.0219
256 486 0.0039
485 486 0.0054
487 486 0.0106
480 487 0.0025
486 487 0.0106
488 487 0.0023
487 488 0.0023
779 489 0.0144
780 489 0.0033
781 489 0.0087
611 490 0.0026
191 491 0.0037
492 491 0.0011
788 491 0.0023
491 492 0.0011
493 492 0.0033
494 492 0.025
275 493 0.0015
492 493 0.0033
494 493 0.0034
492 494 0.025
493 494 0.0034
1628 494 0.011
183 495 0.0015
496 495 0.003
1034 495 0.0166
495 496 0.003
170 497 0.0036
498 497 0.0026
500 497 0.0028
497 498 0.0026
499 498 0.001
506 498 0.0026
498 499 0.001
497 500 0.0028
501 500 0.0141
507 500 0.0028
1629 500 0.0068
500 501 0.0141
502 501 0.0031
504 501 0.0096
593 501 0.0021
182 502 0.0071
501 502 0.0031
503 502 0.0175
504 502 0.0033
183 503 0.0037
502 503 0.0175
511 503 0.0046
501 504 0.0096
502 504 0.0033
505 504 0.0071
173 505 0.0006
504 505 0.0071
507 505 0.0076
510 505 0.0009
498 506 0.0026
507 506 0.0147
509 506 0.0026
500 507 0.0028
505 507 0.0076
506 507 0.0147
508 507 0.0019
507 508 0.0019
506 509 0.0026
505 510 0.0009
503 511 0.0046
512 511 0.0042
515 511 0.002
511 512 0.0042
824 512 0.0046
825 512 0.0043
174 513 0.0493
514 513 0.0047
1032 513 0.0055
513 514 0.0047
511 515 0.002
175 516 0.0024
517 516 0.004
518 516 0.003
516 517 0.004
516 518 0.003
176 519 0.0021
520 519 0.0004
1026 519 0.0003
519 520 0.0004
170 521 0.0099
522 521 0.0442
527 521 0.0046
521 522 0.0442
524 523 0.0269
527 523 0.0085
739 523 0.005
173 524 0.0139
523 524 0.0269
525 524 0.0092
524 525 0.0092
171 526 0.001
521 527 0.0046
523 527 0.0085
528 527 0.0119
171 528 0.0045
346 528 0.0009
527 528 0.0119
529 528 0.0034
528 529 0.0034
530 529 0.007
536 529 0.0032
529 530 0.007
531 530 0.0049
743 530 0.0012
530 531 0.0049
532 531 0.0067
538 531 0.0093
531 532 0.0067
533 532 0.0058
743 532 0.0033
532 533 0.0058
534 533 0.0066
535 533 0.0026
533 534 0.0066
535 534 0.0063
740 534 0.0164
533 535 0.0026
534 535 0.0063
1025 535 0.0021
529 536 0.0032
537 536 0.0016
538 536 0.0072
536 537 0.0016
531 538 0.0093
536 538 0.0072
539 538 0.0103
538 539 0.0103
541 540 0.071
540 541 0.071
298 542 0.005
543 542 0.0144
674 542 0.0145
300 543 0.0012
542 543 0.0144
674 543 0.0101
164 544 0.0026
165 544 0.0209
545 544 0.0034
313 545 0.0036
544 545 0.0034
546 545 0.0022
545 546 0.0022
547 546 0.005
1201 546 0.0023
546 547 0.005
165 548 0.0082
309 548 0.013
549 548 0.0071
548 549 0.0071
550 549 0.0023
551 549 0.0228
549 550 0.0023
166 551 0.0861
549 551 0.0228
554 551 0.0032
1200 551 0.0027
166 552 0.0083
167 552 0.0178
553 552 0.0355
552 553 0.0355
1197 553 0.017
1506 553 0.0057
551 554 0.0032
1198 554 0.0118
1204 554 0.022
1207 554 0.0029
303 555 0.0019
303 556 0.0098
314 556 0.0154
557 556 0.0029
556 557 0.0029
6 558 0.0065
12 558 0.0943
559 558 0.0031
558 559 0.0031
12 560 0.1206
561 560 0.0017
562 560 0.0312
560 561 0.0017
560 562 0.0312
563 562 0.0039
564 562 0.1173
562 563 0.0039
13 564 0.0646
562 564 0.1173
565 564 0.0034
564 565 0.0034
7 566 0.019
567 566 0.0024
568 566 0.0057
566 567 0.0024
566 568 0.0057
425 569 0.1395
570 569 0.0168
772 569 0.0095
569 570 0.0168
772 570 0.0048
773 570 0.006
774 570 0.0061
158 571 0.0018
430 572 0.0012
573 572 0.0055
574 572 0.0039
160 573 0.0263
429 573 0.0021
572 573 0.0055
160 574 0.0196
161 574 0.0331
572 574 0.0039
423 575 0.0095
430 575 0.0512
576 575 0.0627
575 576 0.0627
577 576 0.0328
773 576 0.0012
424 577 0.0117
576 577 0.0328
772 577 0.0049
388 578 0.0026
579 578 0.0061
582 578 0.002
578 579 0.0061
580 579 0.0028
581 579 0.0046
48 580 0.007
123 580 0.0018
579 580 0.0028
579 581 0.0046
578 582 0.002
399 583 0.0059
92 584 0.0018
585 584 0.0051
586 584 0.0041
584 585 0.0051
584 586 0.0041
94 587 0.0085
74 588 0.0029
89 588 0.0028
376 588 0.003
180 589 0.0422
192 589 0.0045
590 589 0.0514
181 590 0.0046
589 590 0.0514
591 590 0.0063
590 591 0.0063
592 591 0.0012
593 591 0.007
1630 591 0.0161
591 592 0.0012
501 593 0.0021
591 593 0.007
1630 593 0.0119
1 594 0.0126
595 594 0.1279
598 594 0.0395
594 595 0.1279
596 595 0.0131
711 595 0.0792
595 596 0.0131
597 596 0.0134
712 596 0.0251
210 597 0.0167
596 597 0.0134
598 597 0.0137
215 598 0.114
594 598 0.0395
597 598 0.0137
599 598 0.025
615 598 0.0924
216 599 0.0806
598 599 0.025
600 599 0.0867
222 600 0.023
599 600 0.0867
601 600 0.016
222 601 0.0109
600 601 0.016
778 601 0.0239
209 602 0.1124
603 602 0.0875
712 602 0.0615
714 602 0.0816
210 603 0.0198
602 603 0.0875
604 603 0.0031
712 603 0.0551
603 604 0.0031
668 604 0.0023
669 604 0.0029
249 605 0.0226
606 605 0.004
607 605 0.004
605 606 0.004
605 607 0.004
1256 607 0.0013
1263 607 0.0019
251 608 0.0007
216 609 0.0184
610 609 0.0064
611 609 0.053
609 610 0.0064
217 611 0.0342
490 611 0.0026
609 611 0.053
612 611 0.0014
611 612 0.0014
1 613 0.0011
1 614 0.0131
615 614 0.064
616 614 0.0115
215 615 0.0771
598 615 0.0924
614 615 0.064
614 616 0.0115
1 617 0.0022
618 617 0.0039
788 617 0.006
617 618 0.0039
785 618 0.0009
1628 618 0.0011
1 619 0.001
621 620 0.0189
620 621 0.0189
628 621 0.0126
630 621 0.0098
628 622 0.0018
629 623 0.0975
300 624 0.0258
625 624 0.0047
629 624 0.0127
624 625 0.0047
302 626 0.0116
303 626 0.0049
627 626 0.0091
626 627 0.0091
621 628 0.0126
622 628 0.0018
629 628 0.0137
623 629 0.0975
624 629 0.0127
628 629 0.0137
621 630 0.0098
475 631 0.0012
645 631 0.0016
647 631 0.0029
475 632 0.0217
476 632 0.003
633 632 0.0024
632 633 0.0024
258 634 0.0024
259 634 0.0021
635 634 0.0014
638 634 0.0054
634 635 0.0014
636 635 0.0015
660 635 0.0014
635 636 0.0015
637 636 0.0042
663 636 0.0033
636 637 0.0042
634 638 0.0054
639 638 0.0262
641 638 0.013
638 639 0.0262
640 639 0.0027
641 639 0.0135
642 639 0.0041
639 640 0.0027
476 641 0.0024
638 641 0.013
639 641 0.0135
639 642 0.0041
643 642 0.0027
645 642 0.005
642 643 0.0027
644 643 0.0028
1196 643 0.0035
643 644 0.0028
631 645 0.0016
642 645 0.005
646 645 0.0037
645 646 0.0037
631 647 0.0029
259 648 0.011
649 648 0.0022
650 648 0.0047
648 649 0.0022
648 650 0.0047
253 651 0.0036
652 651 0.0078
853 651 0.032
651 652 0.0078
653 652 0.0019
655 652 0.0051
656 652 0.0171
652 653 0.0019
253 654 0.0013
652 655 0.0051
652 656 0.0171
657 656 0.0037
658 656 0.0047
656 657 0.0037
287 658 0.0087
656 658 0.0047
659 658 0.0024
840 658 0.0917
658 659 0.0024
661 659 0.0083
665 659 0.005
635 660 0.0014
659 661 0.0083
663 661 0.0018
665 661 0.0094
665 662 0.003
636 663 0.0033
661 663 0.0018
664 663 0.0116
663 664 0.0116
659 665 0.005
661 665 0.0094
662 665 0.003
256 666 0.0035
254 667 0.0042
255 667 0.0511
484 667 0.0065
485 667 0.0219
604 668 0.0023
604 669 0.0029
320 670 0.0031
324 670 0.0039
671 670 0.0041
670 671 0.0041
1 672 0.0115
675 672 0.0054
689 672 0.0112
674 673 0.0136
689 673 0.0021
692 673 0.0082
542 674 0.0145
543 674 0.0101
673 674 0.0136
692 674 0.0051
147 675 0.0306
672 675 0.0054
677 675 0.0223
677 676 0.0021
146 677 0.0364
675 677 0.0223
676 677 0.0021
678 677 0.0054
679 677 0.0127
426 678 0.0014
677 678 0.0054
681 678 0.0032
1 679 0.0045
677 679 0.0127
680 679 0.0166
679 680 0.0166
678 681 0.0032
428 682 0.0083
683 682 0.0113
685 682 0.0027
686 682 0.0117
687 682 0.0107
163 683 0.0026
682 683 0.0113
684 683 0.0028
146 684 0.0042
163 684 0.0041
683 684 0.0028
682 685 0.0027
682 686 0.0117
682 687 0.0107
429 688 0.0068
672 689 0.0112
673 689 0.0021
690 689 0.0066
689 690 0.0066
691 690 0.0051
694 690 0.015
690 691 0.0051
692 691 0.0045
694 691 0.0059
673 692 0.0082
674 692 0.0051
691 692 0.0045
1 693 0.005
694 693 0.0047
695 693 0.0178
690 694 0.015
691 694 0.0059
693 694 0.0047
296 695 0.0207
693 695 0.0178
696 695 0.1313
702 695 0.0359
1 696 0.0054
695 696 0.1313
697 696 0.0032
702 696 0.0504
696 697 0.0032
698 697 0.0069
699 697 0.0143
697 698 0.0069
697 699 0.0143
700 699 0.0024
701 699 0.006
699 700 0.0024
699 701 0.006
1 702 0.0062
695 702 0.0359
696 702 0.0504
1 703 0.0145
419 703 0.0302
420 703 0.0085
704 703 0.0005
422 704 0.0135
431 704 0.0179
703 704 0.0005
147 705 0.0213
706 705 0.0565
708 705 0.0556
148 706 0.0039
705 706 0.0565
707 706 0.0012
706 707 0.0012
164 708 0.0666
705 708 0.0556
709 708 0.004
310 709 0.0342
708 709 0.004
710 709 0.0134
709 710 0.0134
209 711 0.0256
595 711 0.0792
712 711 0.0119
596 712 0.0251
602 712 0.0615
603 712 0.0551
711 712 0.0119
208 713 0.0091
250 713 0.0743
714 713 0.2993
251 714 0.1634
602 714 0.0816
713 714 0.2993
240 715 0.0052
716 715 0.0032
813 715 0.0068
715 716 0.0032
320 717 0.0023
211 718 0.0011
212 718 0.0083
223 718 0.0007
719 718 0.0037
718 719 0.0037
213 720 0.0041
226 721 0.0046
229 722 0.0045
723 722 0.0016
724 722 0.0028
722 723 0.0016
722 724 0.0028
268 725 0.0024
270 726 0.0031
274 727 0.0083
196 728 0.0027
197 728 0.0047
206 728 0.0101
730 729 0.0058
1058 729 0.018
1373 729 0.0039
201 730 0.0044
729 730 0.0058
1059 730 0.0115
1373 730 0.0092
201 731 0.023
734 731 0.0025
1050 731 0.0065
1053 731 0.003
262 732 0.0044
733 732 0.0035
1054 732 0.0041
1059 732 0.0012
732 733 0.0035
200 734 0.0077
731 734 0.0025
1049 734 0.0041
221 735 0.0739
736 735 0.0105
737 735 0.0074
735 736 0.0105
735 737 0.0074
1 738 0.014
523 739 0.005
534 740 0.0164
741 740 0.0136
742 740 0.0032
740 741 0.0136
740 742 0.0032
530 743 0.0012
532 743 0.0033
744 743 0.0026
743 744 0.0026
136 745 0.0021
350 746 0.004
132 747 0.004
350 747 0.0493
748 747 0.0046
747 748 0.0046
369 749 0.0021
97 750 0.0011
751 750 0.0168
754 750 0.0063
750 751 0.0168
752 751 0.0081
755 751 0.0052
109 752 0.0137
751 752 0.0081
753 752 0.0033
62 753 0.0339
109 753 0.0023
752 753 0.0033
750 754 0.0063
751 755 0.0052
372 756 0.0023
117 757 0.0083
758 757 0.0013
759 757 0.0113
757 758 0.0013
50 759 0.0715
757 759 0.0113
760 759 0.0013
759 760 0.0013
762 761 0.0036
761 762 0.0036
387 763 0.001
402 763 0.0053
764 763 0.0033
763 764 0.0033
405 765 0.0071
49 766 0.0028
13 767 0.0016
13 768 0.0354
14 768 0.037
769 768 0.003
14 769 0.0082
768 769 0.003
770 769 0.0101
769 770 0.0101
771 770 0.0047
883 770 0.0047
770 771 0.0047
876 771 0.0015
1315 771 0.0028
569 772 0.0095
570 772 0.0048
577 772 0.0049
161 773 0.0151
570 773 0.006
576 773 0.0012
161 774 0.013
570 774 0.0061
775 774 0.004
159 775 0.0022
774 775 0.004
776 775 0.0051
775 776 0.0051
149 777 0.0152
601 778 0.0239
779 778 0.0108
839 778 0.0048
489 779 0.0144
778 779 0.0108
782 779 0.0278
489 780 0.0033
489 781 0.0087
779 782 0.0278
217 783 0.0458
784 783 0.1235
785 783 0.0011
218 784 0.0539
783 784 0.1235
786 784 0.0013
618 785 0.0009
783 785 0.0011
1628 785 0.0091
784 786 0.0013
278 787 0.0079
1 788 0.006
491 788 0.0023
617 788 0.006
1 789 0.0125
1 790 0.0123
366 791 0.0021
78 792 0.0042
144 792 0.0147
793 792 0.0023
792 793 0.0023
118 794 0.005
795 794 0.0008
797 794 0.0045
794 795 0.0008
796 795 0.0033
798 795 0.0013
795 796 0.0033
794 797 0.0045
117 798 0.0024
795 798 0.0013
799 798 0.0012
798 799 0.0012
59 800 0.0018
58 801 0.0058
30 802 0.0057
403 802 0.0219
803 802 0.0036
802 803 0.0036
243 804 0.0101
246 805 0.007
245 806 0.0226
284 807 0.0077
341 807 0.0118
1164 807 0.0117
1173 807 0.0363
1176 807 0.0022
234 808 0.0059
242 809 0.0065
240 810 0.0121
240 811 0.007
812 811 0.0077
813 811 0.0107
811 812 0.0077
241 813 0.0025
715 813 0.0068
811 813 0.0107
220 814 0.0024
276 815 0.0062
205 816 0.0019
818 816 0.0021
819 816 0.0028
198 817 0.0067
199 817 0.0193
277 817 0.0103
818 817 0.007
198 818 0.0086
816 818 0.0021
817 818 0.007
816 819 0.0028
219 820 0.0099
219 821 0.0273
220 821 0.0097
1158 821 0.001
189 822 0.0059
1035 823 0.0042
512 824 0.0046
187 825 0.0024
512 825 0.0043
826 825 0.0051
825 826 0.0051
453 827 0.0036
138 828 0.0063
139 828 0.0043
453 828 0.0038
115 829 0.0375
830 829 0.0185
831 829 0.0056
829 830 0.0185
829 831 0.0056
113 832 0.0069
833 832 0.0058
834 832 0.0038
75 833 0.0048
832 833 0.0058
834 833 0.0077
76 834 0.0035
832 834 0.0038
833 834 0.0077
39 835 0.0101
128 836 0.0095
32 837 0.0012
13 838 0.0053
151 838 0.0114
162 838 0.0205
1212 838 0.009
211 839 0.0039
223 839 0.0062
778 839 0.0048
287 840 0.1437
658 840 0.0917
841 840 0.0048
842 840 0.0056
840 841 0.0048
840 842 0.0056
287 843 0.0024
288 844 0.0024
845 844 0.0051
846 844 0.0061
844 845 0.0051
844 846 0.0061
331 847 0.0016
280 848 0.0013
287 849 0.09
850 849 0.0019
851 849 0.0025
849 850 0.0019
849 851 0.0025
290 852 0.0072
651 853 0.032
16 854 0.0036
855 854 0.0033
858 854 0.0221
859 854 0.0041
854 855 0.0033
856 855 0.0016
1331 855 0.0004
855 856 0.0016
857 856 0.0023
1336 856 0.0048
856 857 0.0023
1352 857 0.023
1354 857 0.0031
854 858 0.0221
859 858 0.0306
871 858 0.0034
854 859 0.0041
858 859 0.0306
860 859 0.0014
859 860 0.0014
861 860 0.0023
1325 860 0.0008
860 861 0.0023
1319 861 0.0053
1322 861 0.0131
16 862 0.0078
863 862 0.0265
1228 862 0.0008
862 863 0.0265
1216 863 0.0078
1225 863 0.0064
1228 863 0.0029
865 864 0.0025
867 864 0.0039
1228 864 0.0039
864 865 0.0025
866 865 0.011
867 865 0.0057
1308 865 0.0009
865 866 0.011
1300 866 0.0115
1302 866 0.0011
864 867 0.0039
865 867 0.0057
1314 867 0.0582
15 868 0.0016
869 868 0.0152
870 868 0.0058
868 869 0.0152
868 870 0.0058
858 871 0.0034
872 871 0.0024
875 871 0.0058
871 872 0.0024
873 872 0.0026
874 872 0.0057
872 873 0.0026
1312 873 0.0022
1319 873 0.0012
872 874 0.0057
871 875 0.0058
771 876 0.0015
877 876 0.004
879 876 0.0106
876 877 0.004
878 877 0.005
879 877 0.0074
877 878 0.005
880 878 0.0008
884 878 0.0007
876 879 0.0106
877 879 0.0074
880 879 0.0146
878 880 0.0008
879 880 0.0146
881 880 0.0041
880 881 0.0041
27 882 0.0022
770 883 0.0047
28 884 0.0057
878 884 0.0007
885 884 0.003
887 884 0.0025
884 885 0.003
886 885 0.0039
920 885 0.0045
885 886 0.0039
884 887 0.0025
1351 888 0.0051
43 889 0.0083
890 889 0.0248
901 889 0.0982
889 890 0.0248
891 890 0.0166
898 890 0.0087
890 891 0.0166
892 891 0.0676
923 891 0.0039
891 892 0.0676
893 892 0.0381
923 892 0.0035
892 893 0.0381
894 893 0.0118
896 893 0.0025
893 894 0.0118
896 894 0.0029
920 894 0.0037
1351 894 0.024
1347 895 0.0048
1349 895 0.0073
1351 895 0.0038
1352 895 0.0103
893 896 0.0025
894 896 0.0029
897 896 0.0041
896 897 0.0041
890 898 0.0087
899 898 0.0027
904 898 0.0023
898 899 0.0027
900 899 0.0046
1358 899 0.0097
899 900 0.0046
889 901 0.0982
902 901 0.0166
911 901 0.011
927 901 0.0028
901 902 0.0166
903 902 0.0042
910 902 0.0026
902 903 0.0042
904 903 0.0184
906 903 0.0008
907 903 0.0024
898 904 0.0023
903 904 0.0184
905 904 0.0016
904 905 0.0016
909 905 0.0088
1361 905 0.0007
903 906 0.0008
903 907 0.0024
908 907 0.0011
910 907 0.0387
915 907 0.0011
907 908 0.0011
909 908 0.0039
915 908 0.0023
905 909 0.0088
908 909 0.0039
955 909 0.0027
902 910 0.0026
907 910 0.0387
911 910 0.0089
901 911 0.011
910 911 0.0089
912 911 0.0111
911 912 0.0111
914 912 0.011
916 912 0.0084
915 913 0.0021
948 913 0.0035
949 913 0.0177
954 913 0.0065
912 914 0.011
915 914 0.0008
950 914 0.0019
907 915 0.0011
908 915 0.0023
913 915 0.0021
914 915 0.0008
912 916 0.0084
917 916 0.0024
928 916 0.0037
916 917 0.0024
946 918 0.0037
41 919 0.0014
920 919 0.0024
922 919 0.0176
923 919 0.0036
885 920 0.0045
894 920 0.0037
919 920 0.0024
41 921 0.0015
919 922 0.0176
891 923 0.0039
892 923 0.0035
919 923 0.0036
36 924 0.0024
44 924 0.0057
925 924 0.0068
43 925 0.0324
44 925 0.007
924 925 0.0068
44 926 0.014
927 926 0.0013
929 926 0.0037
901 927 0.0028
926 927 0.0013
928 927 0.0117
916 928 0.0037
927 928 0.0117
930 928 0.0019
926 929 0.0037
37 930 0.0025
928 930 0.0019
931 930 0.012
930 931 0.012
932 931 0.0012
933 931 0.0014
934 931 0.0034
931 932 0.0012
931 933 0.0014
931 934 0.0034
37 935 0.0018
936 935 0.0034
938 935 0.0127
935 936 0.0034
468 937 0.001
471 937 0.0032
938 937 0.002
935 938 0.0127
937 938 0.002
939 938 0.0083
938 939 0.0083
467 940 0.0022
941 940 0.0009
942 940 0.013
951 940 0.0044
940 941 0.0009
945 941 0.0042
1512 941 0.0015
940 942 0.013
943 942 0.076
952 942 0.0445
942 943 0.076
944 943 0.0104
954 943 0.0026
943 944 0.0104
945 944 0.0015
1365 944 0.0004
941 945 0.0042
944 945 0.0015
1367 945 0.0006
918 946 0.0037
947 946 0.0045
950 946 0.0014
951 946 0.0051
946 947 0.0045
948 947 0.0176
949 947 0.0029
913 948 0.0035
947 948 0.0176
953 948 0.0054
913 949 0.0177
947 949 0.0029
950 949 0.0059
914 950 0.0019
946 950 0.0014
949 950 0.0059
469 951 0.0006
940 951 0.0044
946 951 0.0051
952 951 0.0071
942 952 0.0445
951 952 0.0071
953 952 0.0039
948 953 0.0054
952 953 0.0039
954 953 0.0026
913 954 0.0065
943 954 0.0026
953 954 0.0026
955 954 0.0028
909 955 0.0027
954 955 0.0028
956 955 0.0234
955 956 0.0234
57 957 0.0093
958 957 0.0423
1510 957 0.0023
957 958 0.0423
959 958 0.01
1508 958 0.0025
958 959 0.01
960 959 0.0082
1507 959 0.0074
959 960 0.0082
57 961 0.0212
962 961 0.0047
965 961 0.0023
961 962 0.0047
963 962 0.038
965 962 0.0173
973 962 0.0003
441 963 0.0004
962 963 0.038
964 963 0.0002
963 964 0.0002
442 965 0.0015
961 965 0.0023
962 965 0.0173
439 966 0.0011
967 966 0.0081
970 966 0.0011
966 967 0.0081
968 967 0.0008
969 967 0.0011
967 968 0.0008
967 969 0.0011
966 970 0.0011
442 971 0.0008
56 972 0.0016
57 972 0.0025
440 972 0.0008
962 973 0.0003
69 974 0.0002
68 975 0.002
86 976 0.0022
455 977 0.0006
455 978 0.0007
455 979 0.0006
140 980 0.022
981 980 0.0165
993 980 0.0004
980 981 0.0165
982 981 0.0013
994 981 0.0013
981 982 0.0013
983 982 0.0028
995 982 0.0032
982 983 0.0028
984 983 0.0028
985 983 0.0005
995 983 0.0078
983 984 0.0028
988 984 0.0041
997 984 0.0174
134 985 0.008
983 985 0.0005
986 985 0.0065
1003 985 0.0018
135 986 0.0033
985 986 0.0065
987 986 0.0061
986 987 0.0061
988 987 0.0189
989 987 0.0005
984 988 0.0041
987 988 0.0189
1000 988 0.0011
987 989 0.0005
135 990 0.0012
991 990 0.0001
1013 990 0.0005
990 991 0.0001
140 992 0.001
980 993 0.0004
981 994 0.0013
982 995 0.0032
983 995 0.0078
996 995 0.0079
995 996 0.0079
984 997 0.0174
998 997 0.0009
999 997 0.0015
997 998 0.0009
997 999 0.0015
988 1000 0.0011
1001 1000 0.0003
1002 1000 0.0016
1000 1001 0.0003
1000 1002 0.0016
139 1003 0.0011
985 1003 0.0018
1004 1003 0.0005
1003 1004 0.0005
136 1005 0.0049
1006 1005 0.0078
1007 1005 0.0038
1005 1006 0.0078
1005 1007 0.0038
136 1008 0.0265
1009 1008 0.0008
1010 1008 0.005
1014 1008 0.0021
1008 1009 0.0008
1008 1010 0.005
107 1011 0.0083
107 1012 0.0063
990 1013 0.0005
1008 1014 0.0021
1015 1014 0.0075
1020 1014 0.0056
1014 1015 0.0075
1016 1015 0.0039
1018 1015 0.0014
1015 1016 0.0039
1017 1016 0.0025
1022 1016 0.0002
1016 1017 0.0025
1015 1018 0.0014
1019 1018 0.0004
1021 1018 0.003
1018 1019 0.0004
1014 1020 0.0056
1018 1021 0.003
1016 1022 0.0002
178 1023 0.0026
178 1024 0.0023
535 1025 0.0021
519 1026 0.0003
186 1027 0.0039
187 1027 0.0035
1030 1027 0.0011
185 1028 0.0018
186 1029 0.0016
1027 1030 0.0011
187 1031 0.0006
175 1032 0.0088
513 1032 0.0055
1033 1032 0.0067
1032 1033 0.0067
188 1034 0.0011
495 1034 0.0166
1035 1034 0.0104
184 1035 0.0006
823 1035 0.0042
1034 1035 0.0104
190 1036 0.0225
184 1037 0.0013
195 1038 0.0017
1039 1038 0.0
1048 1038 0.003
1038 1039 0.0
1040 1039 0.0028
1045 1039 0.0033
1039 1040 0.0028
1041 1040 0.005
1045 1040 0.007
1040 1041 0.005
1053 1041 0.0012
1056 1041 0.0009
197 1042 0.0029
1043 1042 0.0046
1046 1042 0.0045
1049 1042 0.0034
1042 1043 0.0046
1046 1043 0.0145
1049 1043 0.0146
1045 1044 0.0008
1050 1044 0.0056
1051 1044 0.0029
1039 1045 0.0033
1040 1045 0.007
1044 1045 0.0008
196 1046 0.0007
1042 1046 0.0045
1043 1046 0.0145
195 1047 0.0008
1038 1048 0.003
734 1049 0.0041
1042 1049 0.0034
1043 1049 0.0146
1050 1049 0.0025
731 1050 0.0065
1044 1050 0.0056
1049 1050 0.0025
1044 1051 0.0029
201 1052 0.0024
1053 1052 0.0026
1599 1052 0.0017
731 1053 0.003
1041 1053 0.0012
1052 1053 0.0026
1057 1053 0.0018
732 1054 0.0041
1055 1054 0.0098
1598 1054 0.0012
1599 1054 0.0027
