2 1 0.0247
3 1 0.014
12 1 0.0108
15 1 0.0123
20 1 0.0136
26 1 0.0037
28 1 0.0096
32 1 0.0128
33 1 0.0116
44 1 0.0062
45 1 0.0076
49 1 0.0041
52 1 0.0068
55 1 0.0129
64 1 0.012
81 1 0.0131
83 1 0.0181
90 1 0.0154
100 1 0.012
106 1 0.0085
122 1 0.0108
130 1 0.0014
133 1 0.0016
136 1 0.0021
141 1 0.0048
145 1 0.0109
1079 1 0.0114
1558 1 0.0096
1 2 0.0247
3 2 0.0316
205 2 0.1547
1 3 0.014
2 3 0.0316
4 3 0.017
204 3 0.0089
207 3 0.0826
1556 3 0.104
3 4 0.017
5 4 0.0069
204 4 0.0161
205 4 0.0245
4 5 0.0069
6 5 0.0181
1552 5 0.0229
5 6 0.0181
7 6 0.0182
204 6 0.0321
6 7 0.0182
8 7 0.0448
195 7 0.0214
7 8 0.0448
9 8 0.0474
32 8 0.0416
1555 8 0.0632
8 9 0.0474
10 9 0.0361
209 9 0.0179
1557 9 0.0498
9 10 0.0361
11 10 0.0146
188 10 0.0153
10 11 0.0146
211 11 0.0089
213 11 0.0071
1 12 0.0108
13 12 0.0339
16 12 0.1051
20 12 0.0422
12 13 0.0339
14 13 0.0259
17 13 0.0271
180 13 0.0069
345 13 0.0274
13 14 0.0259
172 14 0.0397
181 14 0.0236
182 14 0.01
337 14 0.0253
345 14 0.0494
1 15 0.0123
16 15 0.0334
158 15 0.0181
340 15 0.0327
12 16 0.1051
15 16 0.0334
17 16 0.0441
340 16 0.2067
13 17 0.0271
16 17 0.0441
18 17 0.142
17 18 0.142
19 18 0.0338
340 18 0.0184
346 18 0.0676
419 18 0.0112
18 19 0.0338
166 19 0.0317
346 19 0.0712
1 20 0.0136
12 20 0.0422
21 20 0.0264
206 20 0.0139
20 21 0.0264
22 21 0.0204
179 21 0.0092
21 22 0.0204
23 22 0.0749
187 22 0.0147
22 23 0.0749
24 23 0.0795
206 23 0.0599
23 24 0.0795
187 24 0.0349
1551 24 0.0399
187 25 0.0151
200 25 0.1398
1551 25 0.0692
1553 25 0.0262
1 26 0.0037
27 26 0.0244
1011 26 0.0064
26 27 0.0244
978 27 0.013
979 27 0.0062
1 28 0.0096
29 28 0.006
31 28 0.0058
1013 28 0.0062
28 29 0.006
30 29 0.0171
1013 29 0.0036
29 30 0.0171
31 30 0.0058
1014 30 0.0141
28 31 0.0058
30 31 0.0058
1015 31 0.0129
1017 31 0.0631
1557 31 0.0403
1 32 0.0128
8 32 0.0416
1555 32 0.0197
1557 32 0.0077
1 33 0.0116
34 33 0.0657
39 33 0.0072
33 34 0.0657
35 34 0.0304
36 34 0.0073
34 35 0.0304
36 35 0.0044
39 35 0.0449
34 36 0.0073
35 36 0.0044
37 36 0.0027
38 36 0.0058
36 37 0.0027
36 38 0.0058
33 39 0.0072
35 39 0.0449
40 39 0.0136
42 39 0.0255
39 40 0.0136
41 40 0.0166
1083 40 0.0092
40 41 0.0166
951 41 0.0057
952 41 0.0102
957 41 0.0041
39 42 0.0255
43 42 0.0183
958 42 0.0104
42 43 0.0183
963 43 0.0158
980 43 0.0182
1 44 0.0062
1 45 0.0076
46 45 0.0161
48 45 0.0256
45 46 0.0161
47 46 0.0282
1084 46 0.0051
46 47 0.0282
45 48 0.0256
1 49 0.0041
50 49 0.0179
950 49 0.0038
49 50 0.0179
51 50 0.0247
52 50 0.0039
918 50 0.0036
50 51 0.0247
919 51 0.004
921 51 0.0325
1 52 0.0068
50 52 0.0039
53 52 0.0457
56 52 0.0041
918 52 0.0083
52 53 0.0457
54 53 0.0264
58 53 0.0116
1299 53 0.0039
53 54 0.0264
882 54 0.0212
924 54 0.0035
1 55 0.0129
56 55 0.0154
59 55 0.0112
63 55 0.0197
1078 55 0.0162
52 56 0.0041
55 56 0.0154
57 56 0.011
56 57 0.011
58 57 0.0022
861 57 0.0027
865 57 0.0026
1078 57 0.0125
53 58 0.0116
57 58 0.0022
865 58 0.0424
872 58 0.008
55 59 0.0112
60 59 0.0052
61 59 0.01
1078 59 0.0253
59 60 0.0052
824 60 0.0438
868 60 0.0022
59 61 0.01
62 61 0.01
63 61 0.0104
849 61 0.024
61 62 0.01
804 62 0.0414
845 62 0.0116
55 63 0.0197
61 63 0.0104
1068 63 0.0028
1079 63 0.012
1 64 0.012
65 64 0.0078
67 64 0.0488
69 64 0.1009
64 65 0.0078
66 65 0.0203
1065 65 0.0089
65 66 0.0203
64 67 0.0488
68 67 0.0064
72 67 0.0289
67 68 0.0064
793 68 0.0062
1066 68 0.0071
64 69 0.1009
70 69 0.0095
78 69 0.0105
69 70 0.0095
71 70 0.0339
79 70 0.0047
1075 70 0.0049
70 71 0.0339
75 71 0.0127
723 71 0.0108
733 71 0.1608
67 72 0.0289
73 72 0.0109
77 72 0.0066
1066 72 0.0029
72 73 0.0109
74 73 0.0271
778 73 0.0181
73 74 0.0271
75 74 0.0463
777 74 0.0155
71 75 0.0127
74 75 0.0463
76 75 0.0403
777 75 0.0179
75 76 0.0403
733 76 0.0282
772 76 0.0544
72 77 0.0066
774 77 0.0063
777 77 0.0021
788 77 0.0056
69 78 0.0105
79 78 0.0086
80 78 0.0061
70 79 0.0047
78 79 0.0086
713 79 0.0228
78 80 0.0061
1 81 0.0131
82 81 0.0109
105 81 0.0085
81 82 0.0109
86 82 0.0317
88 82 0.0099
105 82 0.0263
703 82 0.0327
1 83 0.0181
84 83 0.0305
86 83 0.0127
83 84 0.0305
85 84 0.0137
91 84 0.0568
94 84 0.0081
687 84 0.055
84 85 0.0137
96 85 0.0378
688 85 0.0701
690 85 0.0288
82 86 0.0317
83 86 0.0127
87 86 0.0094
105 86 0.0324
86 87 0.0094
687 87 0.0166
688 87 0.0249
689 87 0.026
82 88 0.0099
89 88 0.056
689 88 0.0318
703 88 0.0048
88 89 0.056
689 89 0.0162
690 89 0.0257
1077 89 0.0169
1 90 0.0154
91 90 0.0179
92 90 0.0071
84 91 0.0568
90 91 0.0179
92 91 0.0168
90 92 0.0071
91 92 0.0168
93 92 0.0371
92 93 0.0371
94 93 0.0312
97 93 0.026
84 94 0.0081
93 94 0.0312
95 94 0.0178
99 94 0.0087
94 95 0.0178
96 95 0.0141
642 95 0.0155
643 95 0.0047
85 96 0.0378
95 96 0.0141
644 96 0.0042
649 96 0.0278
93 97 0.026
98 97 0.0104
99 97 0.0071
101 97 0.0293
1558 97 0.0299
97 98 0.0104
629 98 0.0217
630 98 0.015
94 99 0.0087
97 99 0.0071
642 99 0.012
1 100 0.012
101 100 0.0324
1558 100 0.0323
97 101 0.0293
100 101 0.0324
102 101 0.016
101 102 0.016
103 102 0.0038
606 102 0.0088
610 102 0.005
102 103 0.0038
104 103 0.0077
629 103 0.0062
103 104 0.0077
612 104 0.0084
629 104 0.0286
81 105 0.0085
82 105 0.0263
86 105 0.0324
1 106 0.0085
107 106 0.0163
112 106 0.0151
106 107 0.0163
108 107 0.0128
109 107 0.0047
111 107 0.0026
107 108 0.0128
607 108 0.0021
608 108 0.0118
610 108 0.007
107 109 0.0047
110 109 0.0078
602 109 0.0021
109 110 0.0078
107 111 0.0026
599 111 0.004
605 111 0.0047
106 112 0.0151
113 112 0.0452
117 112 0.0038
112 113 0.0452
542 113 0.0048
604 113 0.0689
543 114 0.007
544 114 0.0056
604 114 0.0234
605 114 0.0376
116 115 0.0298
589 115 0.0064
605 115 0.0718
115 116 0.0298
575 116 0.0009
576 116 0.0231
594 116 0.0151
595 116 0.0022
112 117 0.0038
118 117 0.0059
120 117 0.0036
117 118 0.0059
119 118 0.0056
542 118 0.0052
118 119 0.0056
546 119 0.0012
571 119 0.0091
117 120 0.0036
121 120 0.0042
124 120 0.0038
120 121 0.0042
125 121 0.0086
571 121 0.0046
1 122 0.0108
123 122 0.005
124 122 0.0048
535 122 0.002
122 123 0.005
124 123 0.0142
539 123 0.0375
120 124 0.0038
122 124 0.0048
123 124 0.0142
125 124 0.0205
536 124 0.0031
121 125 0.0086
124 125 0.0205
126 125 0.008
128 125 0.0135
536 125 0.0025
537 125 0.0019
125 126 0.008
128 126 0.0174
565 126 0.0122
570 126 0.0038
548 127 0.0205
556 127 0.0138
561 127 0.0044
565 127 0.0384
125 128 0.0135
126 128 0.0174
129 128 0.0058
128 129 0.0058
558 129 0.0019
563 129 0.0029
575 129 0.0022
1 130 0.0014
131 130 0.0055
133 130 0.0049
130 131 0.0055
132 131 0.0166
135 131 0.0086
131 132 0.0166
135 132 0.0211
500 132 0.0338
533 132 0.0153
1 133 0.0016
130 133 0.0049
134 133 0.0097
133 134 0.0097
131 135 0.0086
132 135 0.0211
137 135 0.0056
1 136 0.0021
137 136 0.0136
457 136 0.0035
463 136 0.0193
492 136 0.0025
135 137 0.0056
136 137 0.0136
138 137 0.0165
499 137 0.0103
137 138 0.0165
139 138 0.0156
140 138 0.0046
499 138 0.0244
138 139 0.0156
140 139 0.0162
498 139 0.0248
508 139 0.011
138 140 0.0046
139 140 0.0162
500 140 0.0087
518 140 0.0024
1 141 0.0048
142 141 0.0044
457 141 0.0048
141 142 0.0044
143 142 0.006
454 142 0.0029
456 142 0.0022
458 142 0.0036
142 143 0.006
144 143 0.0141
145 143 0.0004
147 143 0.0041
143 144 0.0141
152 144 0.0105
442 144 0.0077
1 145 0.0109
143 145 0.0004
146 145 0.0073
145 146 0.0073
147 146 0.0104
160 146 0.0035
143 147 0.0041
146 147 0.0104
148 147 0.0322
152 147 0.0039
147 148 0.0322
149 148 0.0079
160 148 0.0075
433 148 0.025
148 149 0.0079
150 149 0.0101
152 149 0.0053
1561 149 0.0103
149 150 0.0101
151 150 0.0083
443 150 0.0122
150 151 0.0083
443 151 0.0052
1561 151 0.0079
144 152 0.0105
147 152 0.0039
149 152 0.0053
442 152 0.0103
154 153 0.0372
161 153 0.0955
340 153 0.0538
153 154 0.0372
155 154 0.0589
425 154 0.0034
154 155 0.0589
156 155 0.0211
410 155 0.0201
155 156 0.0211
157 156 0.0225
410 156 0.0088
411 156 0.0061
412 156 0.0118
156 157 0.0225
374 157 0.0226
401 157 0.002
15 158 0.0181
159 158 0.0066
435 158 0.051
158 159 0.0066
160 159 0.0085
439 159 0.0046
146 160 0.0035
148 160 0.0075
159 160 0.0085
433 160 0.0054
153 161 0.0955
162 161 0.0224
379 161 0.0156
161 162 0.0224
163 162 0.0154
410 162 0.0162
162 163 0.0154
164 163 0.113
413 163 0.005
163 164 0.113
165 164 0.0329
399 164 0.0737
164 165 0.0329
385 165 0.0133
427 165 0.0094
19 166 0.0317
167 166 0.0145
339 166 0.0207
166 167 0.0145
168 167 0.0389
370 167 0.0097
167 168 0.0389
169 168 0.0133
368 168 0.0088
168 169 0.0133
170 169 0.0084
373 169 0.0141
169 170 0.0084
171 170 0.0184
369 170 0.0139
170 171 0.0184
14 172 0.0397
173 172 0.0332
184 172 0.0066
341 172 0.0038
1550 172 0.0299
172 173 0.0332
174 173 0.0344
185 173 0.0072
289 173 0.0164
173 174 0.0344
175 174 0.0298
328 174 0.0038
329 174 0.0572
174 175 0.0298
176 175 0.0036
178 175 0.0065
297 175 0.0416
175 176 0.0036
177 176 0.0063
178 176 0.0067
323 176 0.0422
176 177 0.0063
334 177 0.0088
335 177 0.0126
1155 177 0.0029
175 178 0.0065
176 178 0.0067
328 178 0.0017
332 178 0.0007
21 179 0.0092
180 179 0.0134
187 179 0.0548
13 180 0.0069
179 180 0.0134
181 180 0.0327
14 181 0.0236
180 181 0.0327
182 181 0.027
14 182 0.01
181 182 0.027
183 182 0.0123
201 182 0.0539
1550 182 0.0076
182 183 0.0123
184 183 0.0176
201 183 0.0225
1550 183 0.0739
172 184 0.0066
183 184 0.0176
185 184 0.0165
173 185 0.0072
184 185 0.0165
186 185 0.0097
185 186 0.0097
22 187 0.0147
24 187 0.0349
25 187 0.0151
179 187 0.0548
10 188 0.0153
189 188 0.0487
195 188 0.0111
188 189 0.0487
190 189 0.0283
196 189 0.0229
197 189 0.0451
189 190 0.0283
191 190 0.0659
198 190 0.0787
190 191 0.0659
192 191 0.03
193 191 0.0112
191 192 0.03
193 192 0.0261
199 192 0.009
191 193 0.0112
192 193 0.0261
194 193 0.0177
219 193 0.023
230 193 0.0492
193 194 0.0177
199 194 0.0058
229 194 0.0106
7 195 0.0214
188 195 0.0111
196 195 0.0153
189 196 0.0229
195 196 0.0153
197 196 0.0141
189 197 0.0451
196 197 0.0141
198 197 0.0218
190 198 0.0787
197 198 0.0218
1553 198 0.0076
192 199 0.009
194 199 0.0058
202 199 0.0189
25 200 0.1398
201 200 0.0691
202 200 0.0047
182 201 0.0539
183 201 0.0225
200 201 0.0691
199 202 0.0189
200 202 0.0047
203 202 0.0105
202 203 0.0105
289 203 0.0023
295 203 0.0045
3 204 0.0089
4 204 0.0161
6 204 0.0321
2 205 0.1547
4 205 0.0245
206 205 0.1014
20 206 0.0139
23 206 0.0599
205 206 0.1014
3 207 0.0826
208 207 0.0449
1556 207 0.0797
207 208 0.0449
9 209 0.0179
210 209 0.1371
1032 209 0.0068
209 210 0.1371
211 210 0.0409
1031 210 0.0026
11 211 0.0089
210 211 0.0409
212 211 0.0558
211 212 0.0558
213 212 0.0606
1030 212 0.0063
11 213 0.0071
212 213 0.0606
214 213 0.0234
215 213 0.0162
1029 213 0.0049
213 214 0.0234
223 214 0.0518
1029 214 0.0426
213 215 0.0162
216 215 0.0427
226 215 0.0358
215 216 0.0427
217 216 0.0525
226 216 0.1215
216 217 0.0525
218 217 0.0205
246 217 0.0053
1549 217 0.0074
217 218 0.0205
220 218 0.0286
245 218 0.0421
1549 218 0.0179
193 219 0.023
220 219 0.016
1549 219 0.0403
218 220 0.0286
219 220 0.016
221 220 0.0146
245 220 0.0971
248 220 0.0088
1345 220 0.0018
220 221 0.0146
222 221 0.0183
235 221 0.0102
221 222 0.0183
228 222 0.0059
239 222 0.0183
242 222 0.0137
243 222 0.0074
214 223 0.0518
224 223 0.0256
1029 223 0.0013
223 224 0.0256
225 224 0.0241
263 224 0.0015
224 225 0.0241
226 225 0.0035
251 225 0.0195
256 225 0.0076
261 225 0.0749
215 226 0.0358
216 226 0.1215
225 226 0.0035
227 226 0.0088
226 227 0.0088
251 227 0.0221
1344 227 0.0098
222 228 0.0059
242 228 0.0068
244 228 0.0038
271 228 0.0014
1344 228 0.0418
194 229 0.0106
230 229 0.0424
276 229 0.0244
295 229 0.0096
193 230 0.0492
229 230 0.0424
231 230 0.0208
230 231 0.0208
232 231 0.0034
272 231 0.003
231 232 0.0034
233 232 0.0045
272 232 0.0035
232 233 0.0045
234 233 0.0019
274 233 0.0033
1345 233 0.006
233 234 0.0019
221 235 0.0102
236 235 0.013
237 235 0.0056
235 236 0.013
1132 236 0.0106
1345 236 0.0065
235 237 0.0056
238 237 0.0046
1130 237 0.0021
1131 237 0.0024
237 238 0.0046
222 239 0.0183
240 239 0.0223
241 239 0.0193
239 240 0.0223
1128 240 0.0519
1131 240 0.0048
239 241 0.0193
1126 241 0.0094
1127 241 0.0122
222 242 0.0137
228 242 0.0068
1124 242 0.0047
222 243 0.0074
228 244 0.0038
1123 244 0.0077
1332 244 0.0024
218 245 0.0421
220 245 0.0971
246 245 0.0105
217 246 0.0053
245 246 0.0105
247 246 0.005
1344 246 0.0029
246 247 0.005
220 248 0.0088
249 248 0.0017
250 248 0.0043
248 249 0.0017
248 250 0.0043
225 251 0.0195
227 251 0.0221
252 251 0.0053
256 251 0.0073
271 251 0.0047
251 252 0.0053
253 252 0.0059
258 252 0.0047
1343 252 0.0076
252 253 0.0059
254 253 0.0085
260 253 0.0071
253 254 0.0085
255 254 0.0171
1123 254 0.0053
254 255 0.0171
225 256 0.0076
251 256 0.0073
257 256 0.0021
1342 256 0.0117
256 257 0.0021
252 258 0.0047
259 258 0.008
1121 258 0.0073
1327 258 0.0033
1343 258 0.0127
258 259 0.008
1120 259 0.0073
1342 259 0.0041
253 260 0.0071
225 261 0.0749
262 261 0.0033
268 261 0.003
261 262 0.0033
263 262 0.0035
265 262 0.0031
224 263 0.0015
262 263 0.0035
264 263 0.0047
263 264 0.0047
262 265 0.0031
266 265 0.0045
267 265 0.0043
265 266 0.0045
265 267 0.0043
261 268 0.003
269 268 0.0018
270 268 0.0038
268 269 0.0018
268 270 0.0038
228 271 0.0014
251 271 0.0047
1344 271 0.0079
231 272 0.003
232 272 0.0035
273 272 0.0086
1141 272 0.002
272 273 0.0086
274 273 0.0071
275 273 0.0034
233 274 0.0033
273 274 0.0071
1346 274 0.0061
1347 274 0.0095
273 275 0.0034
1133 275 0.0129
1347 275 0.0265
229 276 0.0244
277 276 0.0181
293 276 0.0031
276 277 0.0181
278 277 0.0339
284 277 0.0124
277 278 0.0339
279 278 0.0367
1141 278 0.0054
278 279 0.0367
280 279 0.0071
286 279 0.0522
279 280 0.0071
281 280 0.0257
283 280 0.019
286 280 0.0102
1141 280 0.0093
280 281 0.0257
282 281 0.0724
283 281 0.033
281 282 0.0724
283 282 0.0323
1134 282 0.0636
1352 282 0.0137
280 283 0.019
281 283 0.033
282 283 0.0323
1133 283 0.0096
277 284 0.0124
285 284 0.0121
293 284 0.0083
284 285 0.0121
423 285 0.0109
1354 285 0.0123
279 286 0.0522
280 286 0.0102
287 286 0.0112
288 286 0.0156
1138 286 0.0054
1354 286 0.0169
1355 286 0.006
286 287 0.0112
1135 287 0.0203
1353 287 0.0024
286 288 0.0156
173 289 0.0164
203 289 0.0023
290 289 0.0647
289 290 0.0647
291 290 0.0158
294 290 0.009
300 290 0.0147
290 291 0.0158
292 291 0.0217
296 291 0.0063
300 291 0.0362
291 292 0.0217
293 292 0.011
296 292 0.006
276 293 0.0031
284 293 0.0083
292 293 0.011
423 293 0.0068
290 294 0.009
203 295 0.0045
229 295 0.0096
296 295 0.0028
291 296 0.0063
292 296 0.006
295 296 0.0028
175 297 0.0416
298 297 0.0313
300 297 0.0182
297 298 0.0313
299 298 0.0855
322 298 0.0867
423 298 0.0054
298 299 0.0855
301 299 0.1578
306 299 0.0168
290 300 0.0147
291 300 0.0362
297 300 0.0182
299 301 0.1578
302 301 0.0122
311 301 0.0079
422 301 0.0547
301 302 0.0122
303 302 0.0458
305 302 0.0093
302 303 0.0458
304 303 0.026
1145 303 0.021
303 304 0.026
1140 304 0.0075
1143 304 0.0663
302 305 0.0093
1139 305 0.0167
1140 305 0.0044
1363 305 0.0084
299 306 0.0168
307 306 0.0175
423 306 0.0042
306 307 0.0175
308 307 0.0069
309 307 0.0093
310 307 0.0108
1354 307 0.0455
307 308 0.0069
307 309 0.0093
307 310 0.0108
301 311 0.0079
312 311 0.0153
319 311 0.0062
311 312 0.0153
313 312 0.0128
314 312 0.0064
312 313 0.0128
312 314 0.0064
316 315 0.054
421 315 0.0812
422 315 0.0842
315 316 0.054
317 316 0.0322
319 316 0.0102
420 316 0.0102
316 317 0.0322
318 317 0.0262
1148 317 0.0076
317 318 0.0262
1149 318 0.0295
1152 318 0.0222
311 319 0.0062
316 319 0.0102
320 319 0.01
319 320 0.01
321 320 0.0334
1147 320 0.0116
320 321 0.0334
298 322 0.0867
323 322 0.0022
325 322 0.0025
176 323 0.0422
322 323 0.0022
324 323 0.0064
323 324 0.0064
325 324 0.0054
327 324 0.003
322 325 0.0025
324 325 0.0054
326 325 0.008
325 326 0.008
324 327 0.003
422 327 0.0148
1155 327 0.0022
174 328 0.0038
178 328 0.0017
329 328 0.0031
330 328 0.0047
174 329 0.0572
328 329 0.0031
330 329 0.0075
328 330 0.0047
329 330 0.0075
331 330 0.0206
330 331 0.0206
332 331 0.0079
333 331 0.0065
178 332 0.0007
331 332 0.0079
334 332 0.0127
365 332 0.0132
331 333 0.0065
350 333 0.022
365 333 0.0083
177 334 0.0088
332 334 0.0127
335 334 0.0042
177 335 0.0126
334 335 0.0042
336 335 0.0127
335 336 0.0127
14 337 0.0253
338 337 0.0219
339 337 0.0316
337 338 0.0219
166 339 0.0207
337 339 0.0316
345 339 0.0058
347 339 0.0468
15 340 0.0327
16 340 0.2067
18 340 0.0184
153 340 0.0538
172 341 0.0038
342 341 0.0058
343 341 0.0057
344 341 0.0054
341 342 0.0058
341 343 0.0057
341 344 0.0054
13 345 0.0274
14 345 0.0494
339 345 0.0058
346 345 0.0303
18 346 0.0676
19 346 0.0712
345 346 0.0303
339 347 0.0468
348 347 0.0867
366 347 0.0043
347 348 0.0867
349 348 0.0222
355 348 0.0176
348 349 0.0222
350 349 0.1121
355 349 0.0037
333 350 0.022
349 350 0.1121
351 350 0.0096
354 350 0.003
362 350 0.033
350 351 0.0096
352 351 0.0076
354 351 0.0115
351 352 0.0076
353 352 0.027
354 352 0.0099
361 352 0.0107
352 353 0.027
1162 353 0.0208
1173 353 0.0236
350 354 0.003
351 354 0.0115
352 354 0.0099
358 354 0.004
348 355 0.0176
349 355 0.0037
356 355 0.0251
367 355 0.0337
355 356 0.0251
357 356 0.0082
358 356 0.0092
367 356 0.0966
356 357 0.0082
375 357 0.0037
1163 357 0.0056
354 358 0.004
356 358 0.0092
359 358 0.0057
358 359 0.0057
360 359 0.021
361 359 0.018
359 360 0.021
361 360 0.0407
1173 360 0.0231
352 361 0.0107
359 361 0.018
360 361 0.0407
350 362 0.033
363 362 0.015
365 362 0.0437
362 363 0.015
364 363 0.0463
1162 363 0.0302
363 364 0.0463
1155 364 0.0438
1157 364 0.0399
332 365 0.0132
333 365 0.0083
362 365 0.0437
347 366 0.0043
367 366 0.0087
368 366 0.0104
355 367 0.0337
356 367 0.0966
366 367 0.0087
369 367 0.0097
168 368 0.0088
366 368 0.0104
369 368 0.0174
170 369 0.0139
367 369 0.0097
368 369 0.0174
167 370 0.0097
371 370 0.0083
372 370 0.0093
370 371 0.0083
370 372 0.0093
169 373 0.0141
157 374 0.0226
375 374 0.0134
376 374 0.0438
409 374 0.0037
357 375 0.0037
374 375 0.0134
378 375 0.0033
1174 375 0.0247
374 376 0.0438
377 376 0.0489
1566 376 0.0167
376 377 0.0489
378 377 0.0088
407 377 0.0336
375 378 0.0033
377 378 0.0088
1564 378 0.0066
161 379 0.0156
380 379 0.0645
441 379 0.0512
379 380 0.0645
381 380 0.1095
386 380 0.0134
380 381 0.1095
382 381 0.0225
427 381 0.0036
381 382 0.0225
383 382 0.0165
428 382 0.0402
382 383 0.0165
384 383 0.0093
388 383 0.0804
383 384 0.0093
385 384 0.0253
427 384 0.0123
165 385 0.0133
384 385 0.0253
403 385 0.0056
426 385 0.0097
380 386 0.0134
387 386 0.004
441 386 0.0125
386 387 0.004
383 388 0.0804
389 388 0.051
449 388 0.0142
388 389 0.051
390 389 0.0213
397 389 0.0258
389 390 0.0213
391 390 0.016
452 390 0.0194
390 391 0.016
392 391 0.0486
451 391 0.0147
452 391 0.0175
391 392 0.0486
393 392 0.0115
394 392 0.0417
392 393 0.0115
392 394 0.0417
395 394 0.0116
396 394 0.0426
394 395 0.0116
394 396 0.0426
397 396 0.0172
1563 396 0.021
389 397 0.0258
396 397 0.0172
398 397 0.0128
1070 397 0.0142
397 398 0.0128
1182 398 0.1309
1184 398 0.0473
164 399 0.0737
400 399 0.0347
402 399 0.0248
399 400 0.0347
401 400 0.0107
415 400 0.0113
157 401 0.002
400 401 0.0107
409 401 0.003
399 402 0.0248
403 402 0.0371
409 402 0.0045
385 403 0.0056
402 403 0.0371
404 403 0.0588
403 404 0.0588
405 404 0.032
424 404 0.0014
404 405 0.032
406 405 0.0211
1420 405 0.0211
405 406 0.0211
1179 406 0.0139
1188 406 0.0078
1420 406 0.0397
377 407 0.0336
408 407 0.0203
1566 407 0.0437
407 408 0.0203
1176 408 0.0527
1415 408 0.0124
1420 408 0.0287
374 409 0.0037
401 409 0.003
402 409 0.0045
1566 409 0.0148
155 410 0.0201
156 410 0.0088
162 410 0.0162
411 410 0.0057
156 411 0.0061
410 411 0.0057
412 411 0.0085
414 411 0.0029
156 412 0.0118
411 412 0.0085
417 412 0.006
163 413 0.005
411 414 0.0029
415 414 0.006
417 414 0.0031
400 415 0.0113
414 415 0.006
416 415 0.0044
415 416 0.0044
412 417 0.006
414 417 0.0031
418 417 0.051
417 418 0.051
18 419 0.0112
316 420 0.0102
421 420 0.0028
1152 420 0.0048
315 421 0.0812
420 421 0.0028
422 421 0.032
301 422 0.0547
315 422 0.0842
327 422 0.0148
421 422 0.032
285 423 0.0109
293 423 0.0068
298 423 0.0054
306 423 0.0042
404 424 0.0014
426 424 0.0036
1188 424 0.0112
154 425 0.0034
385 426 0.0097
424 426 0.0036
1069 426 0.0137
165 427 0.0094
381 427 0.0036
384 427 0.0123
382 428 0.0402
429 428 0.0112
444 428 0.0071
428 429 0.0112
430 429 0.0298
1559 429 0.0079
1561 429 0.0097
429 430 0.0298
431 430 0.009
432 430 0.0033
430 431 0.009
430 432 0.0033
148 433 0.025
160 433 0.0054
434 433 0.007
433 434 0.007
158 435 0.051
436 435 0.0118
441 435 0.0048
435 436 0.0118
437 436 0.005
440 436 0.0036
436 437 0.005
438 437 0.0047
460 437 0.0134
437 438 0.0047
159 439 0.0046
436 440 0.0036
379 441 0.0512
386 441 0.0125
435 441 0.0048
144 442 0.0077
152 442 0.0103
443 442 0.0166
456 442 0.006
150 443 0.0122
151 443 0.0052
442 443 0.0166
456 443 0.0034
490 443 0.0069
428 444 0.0071
445 444 0.0147
450 444 0.0145
444 445 0.0147
446 445 0.0166
447 445 0.0037
448 445 0.0045
445 446 0.0166
447 446 0.0082
485 446 0.0174
1560 446 0.0084
445 447 0.0037
446 447 0.0082
483 447 0.017
484 447 0.0133
485 447 0.0219
445 448 0.0045
451 448 0.0084
1192 448 0.0291
1563 448 0.0105
388 449 0.0142
450 449 0.0083
452 449 0.0062
444 450 0.0145
449 450 0.0083
451 450 0.0124
391 451 0.0147
448 451 0.0084
450 451 0.0124
453 451 0.0091
390 452 0.0194
391 452 0.0175
449 452 0.0062
451 453 0.0091
142 454 0.0029
455 454 0.0128
458 454 0.0058
459 454 0.008
454 455 0.0128
142 456 0.0022
442 456 0.006
443 456 0.0034
459 456 0.0113
491 456 0.0054
136 457 0.0035
141 457 0.0048
458 457 0.0017
459 457 0.0018
142 458 0.0036
454 458 0.0058
457 458 0.0017
454 459 0.008
456 459 0.0113
457 459 0.0018
437 460 0.0134
461 460 0.0088
462 460 0.0048
460 461 0.0088
460 462 0.0048
136 463 0.0193
464 463 0.0122
476 463 0.0059
463 464 0.0122
465 464 0.0039
476 464 0.0198
464 465 0.0039
466 465 0.0113
467 465 0.0036
499 465 0.0081
465 466 0.0113
467 466 0.0082
498 466 0.0019
465 467 0.0036
466 467 0.0082
468 467 0.0527
477 467 0.0065
467 468 0.0527
469 468 0.0071
493 468 0.0132
494 468 0.0097
468 469 0.0071
470 469 0.012
473 469 0.0062
498 469 0.0032
469 470 0.012
471 470 0.0154
527 470 0.0159
470 471 0.0154
472 471 0.0129
473 471 0.005
475 471 0.0307
1203 471 0.0063
471 472 0.0129
1201 472 0.0289
1202 472 0.0574
1461 472 0.0078
469 473 0.0062
471 473 0.005
474 473 0.0059
473 474 0.0059
471 475 0.0307
1197 475 0.0227
1198 475 0.0276
463 476 0.0059
464 476 0.0198
477 476 0.0143
491 476 0.0081
467 477 0.0065
476 477 0.0143
478 477 0.0105
491 477 0.0196
477 478 0.0105
479 478 0.0072
486 478 0.0078
490 478 0.0038
491 478 0.0289
478 479 0.0072
480 479 0.0153
493 479 0.0064
479 480 0.0153
481 480 0.0051
1559 480 0.0035
480 481 0.0051
482 481 0.0116
493 481 0.0218
1189 481 0.0078
1562 481 0.0125
481 482 0.0116
483 482 0.0207
485 482 0.0243
1560 482 0.0235
447 483 0.017
482 483 0.0207
484 483 0.012
447 484 0.0133
483 484 0.012
1190 484 0.0246
446 485 0.0174
447 485 0.0219
482 485 0.0243
1560 485 0.0213
478 486 0.0078
487 486 0.0157
488 486 0.0036
486 487 0.0157
489 487 0.0061
1559 487 0.0071
486 488 0.0036
487 489 0.0061
443 490 0.0069
478 490 0.0038
491 490 0.0032
456 491 0.0054
476 491 0.0081
477 491 0.0196
478 491 0.0289
490 491 0.0032
136 492 0.0025
468 493 0.0132
479 493 0.0064
481 493 0.0218
468 494 0.0097
495 494 0.0072
496 494 0.006
494 495 0.0072
496 495 0.0219
1192 495 0.0059
1193 495 0.0084
494 496 0.006
495 496 0.0219
497 496 0.0031
496 497 0.0031
139 498 0.0248
466 498 0.0019
469 498 0.0032
137 499 0.0103
138 499 0.0244
465 499 0.0081
132 500 0.0338
140 500 0.0087
501 500 0.0146
500 501 0.0146
502 501 0.0141
518 501 0.059
547 501 0.0029
501 502 0.0141
503 502 0.0126
568 502 0.0112
502 503 0.0126
504 503 0.0069
523 503 0.0431
524 503 0.0068
503 504 0.0069
505 504 0.0039
562 504 0.0037
504 505 0.0039
506 505 0.0143
524 505 0.0035
505 506 0.0143
507 506 0.0053
551 506 0.0046
506 507 0.0053
139 508 0.011
509 508 0.0033
518 508 0.0015
508 509 0.0033
510 509 0.0113
531 509 0.0042
509 510 0.0113
511 510 0.0119
527 510 0.0045
532 510 0.0087
510 511 0.0119
512 511 0.0441
513 511 0.0194
514 511 0.0078
511 512 0.0441
515 512 0.0221
1207 512 0.0093
511 513 0.0194
516 513 0.0207
517 513 0.0126
511 514 0.0078
515 514 0.0172
1212 514 0.0152
1214 514 0.0252
512 515 0.0221
514 515 0.0172
1212 515 0.0047
513 516 0.0207
1199 516 0.0639
1204 516 0.0279
513 517 0.0126
140 518 0.0024
501 518 0.059
508 518 0.0015
519 518 0.0046
518 519 0.0046
520 519 0.0266
523 519 0.0106
519 520 0.0266
521 520 0.0097
531 520 0.0309
520 521 0.0097
522 521 0.008
525 521 0.0069
531 521 0.0146
521 522 0.008
503 523 0.0431
519 523 0.0106
525 523 0.0047
503 524 0.0068
505 524 0.0035
569 524 0.0032
521 525 0.0069
523 525 0.0047
526 525 0.0517
1214 525 0.0086
525 526 0.0517
470 527 0.0159
510 527 0.0045
528 527 0.0554
527 528 0.0554
529 528 0.0221
530 528 0.0213
528 529 0.0221
528 530 0.0213
509 531 0.0042
520 531 0.0309
521 531 0.0146
510 532 0.0087
132 533 0.0153
534 533 0.0038
547 533 0.0013
533 534 0.0038
122 535 0.002
536 535 0.0088
537 535 0.0053
124 536 0.0031
125 536 0.0025
535 536 0.0088
125 537 0.0019
535 537 0.0053
538 537 0.0024
537 538 0.0024
123 539 0.0375
540 539 0.014
541 539 0.0059
539 540 0.014
539 541 0.0059
113 542 0.0048
118 542 0.0052
543 542 0.0054
114 543 0.007
542 543 0.0054
604 543 0.0028
114 544 0.0056
545 544 0.0104
546 544 0.0033
544 545 0.0104
546 545 0.0024
571 545 0.0013
572 545 0.016
119 546 0.0012
544 546 0.0033
545 546 0.0024
501 547 0.0029
533 547 0.0013
568 547 0.0044
127 548 0.0205
549 548 0.0059
553 548 0.0115
548 549 0.0059
550 549 0.0085
551 549 0.0064
1225 549 0.0027
549 550 0.0085
1216 550 0.0178
1217 550 0.0166
1219 550 0.0255
506 551 0.0046
549 551 0.0064
552 551 0.0031
551 552 0.0031
548 553 0.0115
554 553 0.0537
1222 553 0.0062
1226 553 0.0073
553 554 0.0537
555 554 0.0111
1227 554 0.0033
554 555 0.0111
556 555 0.0035
1228 555 0.0286
1482 555 0.0108
127 556 0.0138
555 556 0.0035
557 556 0.0033
1229 556 0.0022
556 557 0.0033
129 558 0.0019
559 558 0.0042
560 558 0.0031
563 558 0.001
558 559 0.0042
558 560 0.0031
127 561 0.0044
562 561 0.0016
565 561 0.0035
504 562 0.0037
561 562 0.0016
566 562 0.0022
129 563 0.0029
558 563 0.001
564 563 0.0037
563 564 0.0037
126 565 0.0122
127 565 0.0384
561 565 0.0035
566 565 0.0014
562 566 0.0022
565 566 0.0014
567 566 0.0054
568 566 0.0046
566 567 0.0054
502 568 0.0112
547 568 0.0044
566 568 0.0046
524 569 0.0032
126 570 0.0038
119 571 0.0091
121 571 0.0046
545 571 0.0013
545 572 0.016
573 572 0.0011
574 572 0.0034
572 573 0.0011
572 574 0.0034
116 575 0.0009
129 575 0.0022
587 575 0.0012
116 576 0.0231
577 576 0.0398
592 576 0.0146
576 577 0.0398
578 577 0.018
586 577 0.0115
577 578 0.018
580 578 0.028
581 578 0.0083
590 578 0.0133
580 579 0.0064
1233 579 0.012
1236 579 0.0102
578 580 0.028
579 580 0.0064
1236 580 0.0023
578 581 0.0083
582 581 0.0015
584 581 0.0025
581 582 0.0015
583 582 0.0042
586 582 0.0018
582 583 0.0042
586 583 0.0012
1231 583 0.0017
581 584 0.0025
585 584 0.009
1231 584 0.0034
584 585 0.009
577 586 0.0115
582 586 0.0018
583 586 0.0012
587 586 0.0059
1230 586 0.0011
575 587 0.0012
586 587 0.0059
588 587 0.0027
587 588 0.0027
115 589 0.0064
578 590 0.0133
591 590 0.004
592 590 0.003
1239 590 0.0095
1240 590 0.0083
590 591 0.004
593 591 0.0017
1241 591 0.0033
576 592 0.0146
590 592 0.003
593 592 0.0033
596 592 0.0033
591 593 0.0017
592 593 0.0033
1241 593 0.0052
116 594 0.0151
602 594 0.0006
627 594 0.0006
116 595 0.0022
592 596 0.0033
597 596 0.0027
598 596 0.0026
596 597 0.0027
1243 597 0.0087
1244 597 0.0053
1508 597 0.0033
596 598 0.0026
111 599 0.004
600 599 0.0055
601 599 0.0026
599 600 0.0055
599 601 0.0026
109 602 0.0021
594 602 0.0006
603 602 0.0018
602 603 0.0018
113 604 0.0689
114 604 0.0234
543 604 0.0028
111 605 0.0047
114 605 0.0376
115 605 0.0718
102 606 0.0088
108 607 0.0021
108 608 0.0118
609 608 0.0059
610 608 0.0055
611 608 0.0036
608 609 0.0059
102 610 0.005
108 610 0.007
608 610 0.0055
608 611 0.0036
104 612 0.0084
613 612 0.0315
630 612 0.0007
612 613 0.0315
614 613 0.0051
615 613 0.02
621 613 0.0063
613 614 0.0051
613 615 0.02
616 615 0.0186
621 615 0.0059
615 616 0.0186
617 616 0.0185
623 616 0.0009
627 616 0.0028
616 617 0.0185
618 617 0.0179
620 617 0.0009
621 617 0.0029
617 618 0.0179
619 618 0.0093
624 618 0.115
1246 618 0.0075
1247 618 0.0046
618 619 0.0093
1245 619 0.0207
1246 619 0.002
1508 619 0.0199
617 620 0.0009
613 621 0.0063
615 621 0.0059
617 621 0.0029
622 621 0.0023
621 622 0.0023
636 622 0.0007
1045 622 0.0044
1249 622 0.0027
616 623 0.0009
618 624 0.115
625 624 0.0017
626 624 0.0013
624 625 0.0017
624 626 0.0013
594 627 0.0006
616 627 0.0028
628 627 0.0029
627 628 0.0029
98 629 0.0217
103 629 0.0062
104 629 0.0286
98 630 0.015
612 630 0.0007
631 630 0.0517
630 631 0.0517
632 631 0.0274
640 631 0.0089
643 631 0.0016
631 632 0.0274
633 632 0.0277
646 632 0.0215
632 633 0.0277
634 633 0.0089
636 633 0.0026
633 634 0.0089
635 634 0.0085
1046 634 0.0163
634 635 0.0085
1040 635 0.0034
1041 635 0.0043
622 636 0.0007
633 636 0.0026
637 636 0.0017
638 636 0.0014
639 636 0.0027
640 636 0.005
636 637 0.0017
636 638 0.0014
636 639 0.0027
631 640 0.0089
636 640 0.005
641 640 0.0011
640 641 0.0011
95 642 0.0155
99 642 0.012
643 642 0.0253
686 642 0.0026
95 643 0.0047
631 643 0.0016
642 643 0.0253
644 643 0.0372
96 644 0.0042
643 644 0.0372
645 644 0.0153
656 644 0.0123
644 645 0.0153
646 645 0.0061
702 645 0.0025
632 646 0.0215
645 646 0.0061
647 646 0.0499
646 647 0.0499
648 647 0.0156
702 647 0.0083
647 648 0.0156
656 648 0.004
663 648 0.0151
702 648 0.0065
96 649 0.0278
650 649 0.0144
652 649 0.0296
690 649 0.0016
701 649 0.0052
649 650 0.0144
651 650 0.0089
701 650 0.0063
650 651 0.0089
660 651 0.0209
676 651 0.0061
649 652 0.0296
653 652 0.0329
692 652 0.0028
693 652 0.0023
652 653 0.0329
654 653 0.0282
693 653 0.0023
653 654 0.0282
655 654 0.0301
694 654 0.0036
654 655 0.0301
678 655 0.0492
681 655 0.0047
644 656 0.0123
648 656 0.004
657 656 0.0081
666 656 0.0078
676 656 0.0021
677 656 0.0028
656 657 0.0081
658 657 0.0328
663 657 0.0048
657 658 0.0328
668 658 0.0015
1262 658 0.0309
669 659 0.0162
670 659 0.0123
1262 659 0.0164
651 660 0.0209
661 660 0.0154
677 660 0.0019
682 660 0.0027
660 661 0.0154
662 661 0.011
675 661 0.0018
684 661 0.0022
661 662 0.011
673 662 0.0097
1071 662 0.0024
648 663 0.0151
657 663 0.0048
664 663 0.0128
665 663 0.0033
1035 663 0.0043
1038 663 0.0077
1262 663 0.0176
663 664 0.0128
665 664 0.0211
1257 664 0.001
663 665 0.0033
664 665 0.0211
1033 665 0.0149
1256 665 0.0057
1257 665 0.0043
656 666 0.0078
667 666 0.004
675 666 0.0013
666 667 0.004
668 667 0.0046
675 667 0.0018
658 668 0.0015
667 668 0.0046
669 668 0.0061
659 669 0.0162
668 669 0.0061
670 669 0.0085
672 669 0.0106
659 670 0.0123
669 670 0.0085
671 670 0.0543
670 671 0.0543
1257 671 0.0063
1516 671 0.0083
669 672 0.0106
662 673 0.0097
674 673 0.0116
1263 673 0.0125
673 674 0.0116
661 675 0.0018
666 675 0.0013
667 675 0.0018
651 676 0.0061
656 676 0.0021
677 676 0.0031
656 677 0.0028
660 677 0.0019
676 677 0.0031
655 678 0.0492
679 678 0.051
698 678 0.0018
678 679 0.051
680 679 0.0015
699 679 0.0023
700 679 0.0114
679 680 0.0015
655 681 0.0047
660 682 0.0027
683 682 0.0027
684 682 0.0034
682 683 0.0027
661 684 0.0022
682 684 0.0034
685 684 0.0022
684 685 0.0022
642 686 0.0026
84 687 0.055
87 687 0.0166
688 687 0.0463
85 688 0.0701
87 688 0.0249
687 688 0.0463
87 689 0.026
88 689 0.0318
89 689 0.0162
85 690 0.0288
89 690 0.0257
649 690 0.0016
691 690 0.008
690 691 0.008
692 691 0.0023
1077 691 0.0812
652 692 0.0028
691 692 0.0023
693 692 0.0034
652 693 0.0023
653 693 0.0023
692 693 0.0034
654 694 0.0036
695 694 0.0053
708 694 0.0033
694 695 0.0053
696 695 0.0054
708 695 0.0035
695 696 0.0054
697 696 0.0013
698 696 0.0044
707 696 0.003
696 697 0.0013
678 698 0.0018
696 698 0.0044
710 698 0.0005
679 699 0.0023
679 700 0.0114
649 701 0.0052
650 701 0.0063
1261 701 0.0039
645 702 0.0025
647 702 0.0083
648 702 0.0065
82 703 0.0327
88 703 0.0048
704 703 0.0303
1076 703 0.0091
703 704 0.0303
705 704 0.044
1076 704 0.0061
704 705 0.044
706 705 0.0069
709 705 0.0158
705 706 0.0069
707 706 0.0082
708 706 0.0049
712 706 0.0032
696 707 0.003
706 707 0.0082
712 707 0.0037
694 708 0.0033
695 708 0.0035
706 708 0.0049
705 709 0.0158
710 709 0.0033
712 709 0.0029
721 709 0.0252
698 710 0.0005
709 710 0.0033
711 710 0.0016
710 711 0.0016
706 712 0.0032
707 712 0.0037
709 712 0.0029
1050 712 0.004
79 713 0.0228
714 713 0.0192
715 713 0.0107
1074 713 0.0054
713 714 0.0192
715 714 0.0376
720 714 0.0066
713 715 0.0107
714 715 0.0376
716 715 0.0138
737 715 0.0029
715 716 0.0138
717 716 0.0175
723 716 0.004
716 717 0.0175
718 717 0.0262
736 717 0.0086
1051 717 0.0023
1523 717 0.0107
717 718 0.0262
719 718 0.0078
1052 718 0.0036
718 719 0.0078
731 719 0.0042
732 719 0.0174
741 719 0.0012
714 720 0.0066
721 720 0.0273
737 720 0.0079
709 721 0.0252
720 721 0.0273
722 721 0.0369
736 721 0.0054
721 722 0.0369
724 722 0.0063
726 722 0.0142
729 722 0.0117
71 723 0.0108
716 723 0.004
1523 723 0.0047
722 724 0.0063
725 724 0.0028
1049 724 0.0026
724 725 0.0028
722 726 0.0142
727 726 0.0234
730 726 0.0012
726 727 0.0234
728 727 0.017
1267 727 0.0015
727 728 0.017
743 728 0.0025
1264 728 0.0016
722 729 0.0117
730 729 0.0011
731 729 0.0019
732 729 0.0018
726 730 0.0012
729 730 0.0011
731 730 0.0016
719 731 0.0042
729 731 0.0019
730 731 0.0016
732 731 0.0041
719 732 0.0174
729 732 0.0018
731 732 0.0041
71 733 0.1608
76 733 0.0282
734 733 0.0151
733 734 0.0151
735 734 0.0092
784 734 0.0082
1072 734 0.0012
734 735 0.0092
738 735 0.0114
748 735 0.0103
750 735 0.0115
796 735 0.0033
1073 735 0.0075
717 736 0.0086
721 736 0.0054
737 736 0.0036
715 737 0.0029
720 737 0.0079
736 737 0.0036
735 738 0.0114
739 738 0.0185
1073 738 0.0081
738 739 0.0185
740 739 0.0147
748 739 0.0078
1072 739 0.0024
739 740 0.0147
741 740 0.0218
1051 740 0.0025
719 741 0.0012
740 741 0.0218
742 741 0.0041
746 741 0.0196
747 741 0.026
749 741 0.0418
741 742 0.0041
743 742 0.0029
746 742 0.0043
728 743 0.0025
742 743 0.0029
744 743 0.005
743 744 0.005
745 744 0.0041
1266 744 0.0015
744 745 0.0041
746 745 0.0259
747 745 0.0245
755 745 0.0145
1054 745 0.0051
1268 745 0.0036
741 746 0.0196
742 746 0.0043
745 746 0.0259
741 747 0.026
745 747 0.0245
1053 747 0.0014
735 748 0.0103
739 748 0.0078
749 748 0.0171
741 749 0.0418
748 749 0.0171
751 749 0.0013
735 750 0.0115
751 750 0.0305
753 750 0.0162
769 750 0.0049
1055 750 0.0049
749 751 0.0013
750 751 0.0305
752 751 0.0081
753 751 0.0171
751 752 0.0081
753 752 0.0026
757 752 0.0373
759 752 0.0151
1528 752 0.0023
750 753 0.0162
751 753 0.0171
752 753 0.0026
754 753 0.0112
757 753 0.0022
753 754 0.0112
758 754 0.0017
763 754 0.0089
768 754 0.0027
745 755 0.0145
756 755 0.0035
1528 755 0.004
755 756 0.0035
760 756 0.0269
1271 756 0.0045
1272 756 0.0112
752 757 0.0373
753 757 0.0022
758 757 0.0107
762 757 0.0057
1277 757 0.0035
754 758 0.0017
757 758 0.0107
767 758 0.0025
1277 758 0.0069
752 759 0.0151
760 759 0.0054
761 759 0.0029
1274 759 0.0031
756 760 0.0269
759 760 0.0054
1272 760 0.0193
1273 760 0.0082
1528 760 0.0011
759 761 0.0029
757 762 0.0057
1274 762 0.023
1277 762 0.0231
1529 762 0.0057
754 763 0.0089
764 763 0.0029
765 763 0.0043
766 763 0.0024
767 763 0.003
1281 763 0.0026
763 764 0.0029
763 765 0.0043
1284 765 0.0073
1288 765 0.0063
763 766 0.0024
758 767 0.0025
763 767 0.003
1279 767 0.0275
754 768 0.0027
750 769 0.0049
770 769 0.0014
771 769 0.0009
769 770 0.0014
769 771 0.0009
76 772 0.0544
773 772 0.1106
781 772 0.034
784 772 0.017
772 773 0.1106
774 773 0.0034
775 773 0.0018
776 773 0.003
77 774 0.0063
773 774 0.0034
788 774 0.0045
773 775 0.0018
773 776 0.003
74 777 0.0155
75 777 0.0179
77 777 0.0021
73 778 0.0181
779 778 0.0046
780 778 0.0044
778 779 0.0046
778 780 0.0044
772 781 0.034
782 781 0.0204
783 781 0.0043
781 782 0.0204
1059 782 0.0067
1060 782 0.01
781 783 0.0043
784 783 0.0146
785 783 0.0156
1059 783 0.0391
734 784 0.0082
772 784 0.017
783 784 0.0146
1056 784 0.0012
783 785 0.0156
786 785 0.0193
787 785 0.0042
785 786 0.0193
787 786 0.0154
789 786 0.0139
790 786 0.0259
785 787 0.0042
786 787 0.0154
1295 787 0.0027
77 788 0.0056
774 788 0.0045
789 788 0.0033
805 788 0.0028
786 789 0.0139
788 789 0.0033
790 789 0.0235
811 789 0.0019
1059 789 0.0051
786 790 0.0259
789 790 0.0235
791 790 0.0466
790 791 0.0466
792 791 0.0099
797 791 0.0045
814 791 0.0103
791 792 0.0099
797 792 0.0021
800 792 0.0226
802 792 0.0109
1058 792 0.0063
1289 792 0.0026
68 793 0.0062
794 793 0.0101
795 793 0.0093
804 793 0.018
793 794 0.0101
793 795 0.0093
735 796 0.0033
791 797 0.0045
792 797 0.0021
798 797 0.0056
797 798 0.0056
799 798 0.0025
1534 798 0.0011
798 799 0.0025
792 800 0.0226
801 800 0.0081
802 800 0.0169
1290 800 0.0021
1534 800 0.0047
800 801 0.0081
1288 801 0.0053
1290 801 0.0062
792 802 0.0109
800 802 0.0169
803 802 0.0023
802 803 0.0023
62 804 0.0414
793 804 0.018
805 804 0.0327
788 805 0.0028
804 805 0.0327
806 805 0.0329
817 805 0.0047
1062 805 0.0097
805 806 0.0329
807 806 0.0138
810 806 0.0041
806 807 0.0138
808 807 0.0043
827 807 0.0023
807 808 0.0043
809 808 0.0046
822 808 0.0129
1058 808 0.0012
808 809 0.0046
818 809 0.0025
823 809 0.0064
1292 809 0.0014
806 810 0.0041
811 810 0.0075
812 810 0.0071
789 811 0.0019
810 811 0.0075
813 811 0.0044
814 811 0.004
817 811 0.0018
810 812 0.0071
811 813 0.0044
791 814 0.0103
811 814 0.004
815 814 0.0024
816 814 0.0014
814 815 0.0024
814 816 0.0014
805 817 0.0047
811 817 0.0018
1061 817 0.0057
809 818 0.0025
819 818 0.0112
823 818 0.0128
1057 818 0.005
1294 818 0.001
818 819 0.0112
820 819 0.0118
1535 819 0.004
819 820 0.0118
821 820 0.0054
1291 820 0.0053
820 821 0.0054
829 821 0.0015
1057 821 0.0043
808 822 0.0129
823 822 0.018
827 822 0.0138
809 823 0.0064
818 823 0.0128
822 823 0.018
60 824 0.0438
825 824 0.0116
854 824 0.0161
1541 824 0.0084
824 825 0.0116
826 825 0.0096
836 825 0.0113
855 825 0.0064
825 826 0.0096
827 826 0.0107
831 826 0.0055
846 826 0.0028
807 827 0.0023
822 827 0.0138
826 827 0.0107
828 827 0.0099
1298 827 0.0004
827 828 0.0099
829 828 0.0072
1057 828 0.0023
821 829 0.0015
828 829 0.0072
830 829 0.004
829 830 0.004
826 831 0.0055
832 831 0.0051
833 831 0.009
831 832 0.0051
831 833 0.009
834 833 0.0011
835 833 0.0008
833 834 0.0011
833 835 0.0008
825 836 0.0113
837 836 0.0044
844 836 0.0005
856 836 0.0046
836 837 0.0044
838 837 0.0017
841 837 0.001
837 838 0.0017
839 838 0.0021
840 838 0.0018
838 839 0.0021
838 840 0.0018
837 841 0.001
842 841 0.0008
843 841 0.0006
841 842 0.0008
841 843 0.0006
836 844 0.0005
62 845 0.0116
846 845 0.0067
848 845 0.0041
850 845 0.0055
826 846 0.0028
845 846 0.0067
847 846 0.0088
846 847 0.0088
845 848 0.0041
61 849 0.024
850 849 0.0053
853 849 0.0063
845 850 0.0055
849 850 0.0053
851 850 0.0161
850 851 0.0161
852 851 0.0029
860 851 0.0028
851 852 0.0029
849 853 0.0063
824 854 0.0161
855 854 0.0154
871 854 0.0063
877 854 0.0006
825 855 0.0064
854 855 0.0154
856 855 0.0053
857 855 0.0013
836 856 0.0046
855 856 0.0053
859 856 0.0009
1537 856 0.0004
855 857 0.0013
858 857 0.002
877 857 0.0024
857 858 0.002
859 858 0.0006
877 858 0.0006
856 859 0.0009
858 859 0.0006
878 859 0.0007
851 860 0.0028
57 861 0.0027
862 861 0.0047
864 861 0.0074
861 862 0.0047
863 862 0.0162
867 862 0.0152
862 863 0.0162
861 864 0.0074
57 865 0.0026
58 865 0.0424
866 865 0.0191
867 865 0.0295
865 866 0.0191
872 866 0.0211
881 866 0.003
862 867 0.0152
865 867 0.0295
868 867 0.0741
60 868 0.0022
867 868 0.0741
1540 868 0.0235
1541 868 0.0119
870 869 0.0045
1539 869 0.0123
1540 869 0.0209
869 870 0.0045
854 871 0.0063
58 872 0.008
866 872 0.0211
873 872 0.0113
904 872 0.0105
1299 872 0.006
872 873 0.0113
874 873 0.0156
876 873 0.0095
873 874 0.0156
875 874 0.0197
876 874 0.027
880 874 0.0004
887 874 0.0073
874 875 0.0197
880 875 0.0004
886 875 0.0035
873 876 0.0095
874 876 0.027
877 876 0.0083
878 876 0.0026
879 876 0.0025
854 877 0.0006
857 877 0.0024
858 877 0.0006
876 877 0.0083
859 878 0.0007
876 878 0.0026
880 878 0.0014
1537 878 0.0004
876 879 0.0025
874 880 0.0004
875 880 0.0004
878 880 0.0014
866 881 0.003
54 882 0.0212
883 882 0.0716
909 882 0.0216
882 883 0.0716
884 883 0.0266
896 883 0.0113
883 884 0.0266
885 884 0.0403
887 884 0.007
1299 884 0.0031
884 885 0.0403
886 885 0.0446
888 885 0.0161
1300 885 0.0137
875 886 0.0035
885 886 0.0446
887 886 0.0076
874 887 0.0073
884 887 0.007
886 887 0.0076
885 888 0.0161
