2 1 0.008
5 1 0.0027
8 1 0.0055
101 1 0.0055
103 1 0.0054
131 1 0.0113
210 1 0.0079
215 1 0.0076
216 1 0.015
257 1 0.0118
264 1 0.0142
305 1 0.0137
421 1 0.0015
422 1 0.0126
423 1 0.0023
454 1 0.0032
466 1 0.0049
467 1 0.003
488 1 0.0062
493 1 0.0074
509 1 0.0089
518 1 0.0091
519 1 0.0107
520 1 0.0055
528 1 0.0141
613 1 0.0134
635 1 0.0072
637 1 0.012
640 1 0.0051
688 1 0.0113
752 1 0.0138
755 1 0.0056
763 1 0.0176
764 1 0.0176
769 1 0.0167
821 1 0.0099
823 1 0.0035
827 1 0.0076
1637 1 0.0055
1 2 0.008
3 2 0.0148
422 2 0.0099
2 3 0.0148
4 3 0.0234
372 3 0.006
3 4 0.0234
9 4 0.0308
10 4 0.0494
372 4 0.0065
1 5 0.0027
6 5 0.0066
314 5 0.0028
421 5 0.0081
5 6 0.0066
7 6 0.0006
83 6 0.04
359 6 0.007
6 7 0.0006
8 7 0.001
82 7 0.0011
354 7 0.0111
1 8 0.0055
7 8 0.001
9 8 0.0005
4 9 0.0308
8 9 0.0005
10 9 0.0115
82 9 0.0013
4 10 0.0494
9 10 0.0115
11 10 0.0353
386 10 0.0087
10 11 0.0353
12 11 0.0704
28 11 0.0304
52 11 0.0637
11 12 0.0704
13 12 0.0167
34 12 0.0053
12 13 0.0167
14 13 0.0048
15 13 0.0324
65 13 0.0008
13 14 0.0048
61 14 0.0084
62 14 0.0022
80 14 0.0024
81 14 0.0025
13 15 0.0324
34 15 0.0018
65 15 0.0085
68 15 0.0299
17 16 0.0875
35 16 0.0009
38 16 0.0625
69 16 0.1303
16 17 0.0875
18 17 0.0854
70 17 0.0004
17 18 0.0854
19 18 0.0133
71 18 0.0009
413 18 0.0028
18 19 0.0133
20 19 0.121
72 19 0.0013
73 19 0.0094
19 20 0.121
21 20 0.0176
25 20 0.011
20 21 0.0176
22 21 0.0155
76 21 0.0007
21 22 0.0155
23 22 0.0103
79 22 0.0018
22 23 0.0103
24 23 0.015
78 23 0.0021
418 23 0.0018
23 24 0.015
1213 24 0.0114
1489 24 0.009
20 25 0.011
26 25 0.0167
412 25 0.0029
1238 25 0.0135
25 26 0.0167
1225 26 0.0004
1230 26 0.0085
1227 27 0.0399
1230 27 0.0732
1239 27 0.0217
11 28 0.0304
29 28 0.0576
34 28 0.0552
28 29 0.0576
30 29 0.0074
368 29 0.0048
29 30 0.0074
31 30 0.0169
351 30 0.0027
352 30 0.0055
30 31 0.0169
32 31 0.0257
349 31 0.0015
31 32 0.0257
33 32 0.0212
346 32 0.0014
32 33 0.0212
345 33 0.0086
346 33 0.0016
419 33 0.004
12 34 0.0053
15 34 0.0018
28 34 0.0552
35 34 0.0042
16 35 0.0009
34 35 0.0042
36 35 0.0039
35 36 0.0039
37 36 0.0037
77 36 0.0016
36 37 0.0037
420 37 0.0253
1213 37 0.0041
16 38 0.0625
39 38 0.0086
47 38 0.024
38 39 0.0086
40 39 0.0198
45 39 0.0023
413 39 0.005
39 40 0.0198
41 40 0.0053
43 40 0.0049
40 41 0.0053
42 41 0.0095
44 41 0.0045
45 41 0.0079
41 42 0.0095
1234 42 0.0211
1481 42 0.0214
40 43 0.0049
44 43 0.0072
1262 43 0.0005
41 44 0.0045
43 44 0.0072
1263 44 0.0056
39 45 0.0023
41 45 0.0079
46 45 0.0104
45 46 0.0104
38 47 0.024
48 47 0.0108
60 47 0.0042
47 48 0.0108
49 48 0.0141
59 48 0.0068
392 48 0.0056
48 49 0.0141
50 49 0.0028
393 49 0.0019
49 50 0.0028
51 50 0.0291
393 50 0.0058
50 51 0.0291
393 51 0.003
1273 51 0.0194
1481 51 0.0083
11 52 0.0637
53 52 0.0263
370 52 0.0138
52 53 0.0263
54 53 0.005
383 53 0.0029
53 54 0.005
55 54 0.0131
384 54 0.0027
54 55 0.0131
56 55 0.0026
373 55 0.0029
55 56 0.0026
57 56 0.0192
387 56 0.0188
56 57 0.0192
58 57 0.0107
61 57 0.0058
388 57 0.0049
57 58 0.0107
59 58 0.0087
60 58 0.0037
61 58 0.0038
48 59 0.0068
58 59 0.0087
60 59 0.0084
47 60 0.0042
58 60 0.0037
59 60 0.0084
14 61 0.0084
57 61 0.0058
58 61 0.0038
14 62 0.0022
63 62 0.0071
66 62 0.0018
62 63 0.0071
64 63 0.0035
67 63 0.0012
63 64 0.0035
13 65 0.0008
15 65 0.0085
66 65 0.0112
62 66 0.0018
65 66 0.0112
67 66 0.0058
68 66 0.0078
63 67 0.0012
66 67 0.0058
69 67 0.0055
15 68 0.0299
66 68 0.0078
69 68 0.0812
16 69 0.1303
67 69 0.0055
68 69 0.0812
17 70 0.0004
18 71 0.0009
19 72 0.0013
19 73 0.0094
74 73 0.0023
75 73 0.0021
73 74 0.0023
73 75 0.0021
21 76 0.0007
36 77 0.0016
78 77 0.0133
79 77 0.0015
23 78 0.0021
77 78 0.0133
79 78 0.0022
22 79 0.0018
77 79 0.0015
78 79 0.0022
14 80 0.0024
14 81 0.0025
7 82 0.0011
9 82 0.0013
358 82 0.0011
6 83 0.04
84 83 0.0075
315 83 0.0312
359 83 0.0313
83 84 0.0075
85 84 0.0819
312 84 0.0118
340 84 0.0038
84 85 0.0819
86 85 0.013
108 85 0.0537
312 85 0.0082
85 86 0.013
87 86 0.0597
107 86 0.0021
86 87 0.0597
110 87 0.0041
114 87 0.0336
115 87 0.0066
337 87 0.0008
89 88 0.0301
90 88 0.0518
111 88 0.0136
114 88 0.015
88 89 0.0301
90 89 0.0157
119 89 0.0488
88 90 0.0518
89 90 0.0157
91 90 0.0239
90 91 0.0239
92 91 0.0079
109 91 0.0071
91 92 0.0079
93 92 0.0239
98 92 0.0071
102 92 0.0126
92 93 0.0239
94 93 0.0151
184 93 0.0013
93 94 0.0151
95 94 0.0061
185 94 0.0045
94 95 0.0061
96 95 0.0123
186 95 0.0046
95 96 0.0123
97 96 0.0057
182 96 0.0111
96 97 0.0057
127 97 0.0254
182 97 0.0118
92 98 0.0071
99 98 0.003
102 98 0.0141
98 99 0.003
100 99 0.002
109 99 0.0048
115 99 0.0033
99 100 0.002
101 100 0.0056
104 100 0.0025
1 101 0.0055
100 101 0.0056
102 101 0.0123
92 102 0.0126
98 102 0.0141
101 102 0.0123
1 103 0.0054
104 103 0.0084
313 103 0.0031
100 104 0.0025
103 104 0.0084
105 104 0.0153
311 104 0.0089
104 105 0.0153
106 105 0.0129
108 105 0.0016
105 106 0.0129
107 106 0.0107
115 106 0.0037
86 107 0.0021
106 107 0.0107
108 107 0.01
85 108 0.0537
105 108 0.0016
107 108 0.01
312 108 0.0033
91 109 0.0071
99 109 0.0048
114 109 0.0013
87 110 0.0041
112 110 0.0076
336 110 0.0013
88 111 0.0136
116 111 0.0085
309 111 0.0041
110 112 0.0076
113 112 0.0157
114 112 0.001
1174 112 0.0011
112 113 0.0157
309 113 0.0039
1640 113 0.0037
87 114 0.0336
88 114 0.015
109 114 0.0013
112 114 0.001
87 115 0.0066
99 115 0.0033
106 115 0.0037
111 116 0.0085
117 116 0.0016
119 116 0.0033
306 116 0.0024
116 117 0.0016
118 117 0.0111
122 117 0.0056
123 117 0.0006
1165 117 0.0181
117 118 0.0111
1155 118 0.0025
1172 118 0.0021
89 119 0.0488
116 119 0.0033
120 119 0.0596
119 120 0.0596
121 120 0.0153
126 120 0.0101
120 121 0.0153
122 121 0.0146
125 121 0.0011
117 122 0.0056
121 122 0.0146
123 122 0.0724
175 122 0.006
117 123 0.0006
122 123 0.0724
124 123 0.0086
175 123 0.0052
123 124 0.0086
180 124 0.0034
1149 124 0.007
121 125 0.0011
120 126 0.0101
127 126 0.0062
128 126 0.0047
130 126 0.0084
97 127 0.0254
126 127 0.0062
128 127 0.0053
181 127 0.002
126 128 0.0047
127 128 0.0053
129 128 0.0162
128 129 0.0162
126 130 0.0084
1 131 0.0113
132 131 0.0484
191 131 0.1201
131 132 0.0484
133 132 0.0456
187 132 0.0032
132 133 0.0456
134 133 0.0192
195 133 0.0009
133 134 0.0192
135 134 0.0108
152 134 0.0313
134 135 0.0108
136 135 0.0092
152 135 0.0047
135 136 0.0092
183 136 0.0055
303 136 0.0177
138 137 0.0367
173 137 0.0034
181 137 0.004
303 137 0.0143
137 138 0.0367
139 138 0.0185
144 138 0.008
173 138 0.0052
175 138 0.0021
138 139 0.0185
140 139 0.0044
176 139 0.002
139 140 0.0044
141 140 0.0131
144 140 0.0016
140 141 0.0131
142 141 0.003
180 141 0.0007
1148 141 0.0018
141 142 0.003
143 142 0.0041
150 142 0.0039
142 143 0.0041
1142 143 0.0002
1143 143 0.0066
138 144 0.008
140 144 0.0016
145 144 0.0318
171 144 0.0013
144 145 0.0318
146 145 0.0249
170 145 0.0042
145 146 0.0249
147 146 0.0205
169 146 0.0013
146 147 0.0205
148 147 0.0173
168 147 0.0051
147 148 0.0173
149 148 0.0135
150 148 0.0077
148 149 0.0135
163 149 0.0013
1133 149 0.0017
142 150 0.0039
148 150 0.0077
151 150 0.0023
150 151 0.0023
134 152 0.0313
135 152 0.0047
153 152 0.0654
172 152 0.0063
152 153 0.0654
154 153 0.0327
174 153 0.0135
153 154 0.0327
155 154 0.024
200 154 0.0293
301 154 0.0028
154 155 0.024
156 155 0.0089
171 155 0.0099
155 156 0.0089
157 156 0.0157
171 156 0.0072
156 157 0.0157
158 157 0.0536
162 157 0.0021
157 158 0.0536
159 158 0.0091
162 158 0.0064
199 158 0.0077
158 159 0.0091
160 159 0.007
163 159 0.0083
217 159 0.0122
159 160 0.007
161 160 0.0014
164 160 0.0207
160 161 0.0014
157 162 0.0021
158 162 0.0064
163 162 0.0014
149 163 0.0013
159 163 0.0083
162 163 0.0014
220 163 0.0002
160 164 0.0207
165 164 0.0031
166 164 0.0016
167 164 0.0014
164 165 0.0031
164 166 0.0016
164 167 0.0014
147 168 0.0051
146 169 0.0013
145 170 0.0042
144 171 0.0013
155 171 0.0099
156 171 0.0072
301 171 0.0054
152 172 0.0063
173 172 0.0058
303 172 0.0042
137 173 0.0034
138 173 0.0052
172 173 0.0058
174 173 0.0246
153 174 0.0135
173 174 0.0246
301 174 0.0031
122 175 0.006
123 175 0.0052
138 175 0.0021
139 176 0.002
177 176 0.0012
178 176 0.0024
176 177 0.0012
176 178 0.0024
179 178 0.0012
180 178 0.0006
178 179 0.0012
124 180 0.0034
141 180 0.0007
178 180 0.0006
127 181 0.002
137 181 0.004
182 181 0.0009
96 182 0.0111
97 182 0.0118
181 182 0.0009
136 183 0.0055
184 183 0.0033
186 183 0.003
304 183 0.0023
93 184 0.0013
183 184 0.0033
185 184 0.0094
188 184 0.0046
94 185 0.0045
184 185 0.0094
186 185 0.0066
95 186 0.0046
183 186 0.003
185 186 0.0066
132 187 0.0032
188 187 0.0061
190 187 0.0255
184 188 0.0046
187 188 0.0061
189 188 0.0019
188 189 0.0019
187 190 0.0255
131 191 0.1201
192 191 0.0107
211 191 0.0335
213 191 0.0246
191 192 0.0107
193 192 0.0017
195 192 0.0009
192 193 0.0017
194 193 0.0006
201 193 0.0005
193 194 0.0006
133 195 0.0009
192 195 0.0009
196 195 0.0017
195 196 0.0017
197 196 0.0362
200 196 0.0015
202 196 0.0088
196 197 0.0362
198 197 0.0226
202 197 0.0164
292 197 0.0043
197 198 0.0226
199 198 0.0382
292 198 0.0104
158 199 0.0077
198 199 0.0382
200 199 0.0265
217 199 0.0222
154 200 0.0293
196 200 0.0015
199 200 0.0265
193 201 0.0005
196 202 0.0088
197 202 0.0164
203 202 0.0211
298 202 0.006
202 203 0.0211
204 203 0.0008
206 203 0.0127
296 203 0.0005
203 204 0.0008
205 204 0.0017
213 204 0.0519
204 205 0.0017
206 205 0.0014
208 205 0.0039
203 206 0.0127
205 206 0.0014
207 206 0.0099
300 206 0.0047
206 207 0.0099
208 207 0.0128
275 207 0.0428
293 207 0.0049
205 208 0.0039
207 208 0.0128
209 208 0.0349
208 209 0.0349
210 209 0.0121
215 209 0.0062
305 209 0.0035
1 210 0.0079
209 210 0.0121
211 210 0.0187
305 210 0.0099
191 211 0.0335
210 211 0.0187
212 211 0.03
211 212 0.03
213 212 0.0416
214 212 0.0098
191 213 0.0246
204 213 0.0519
212 213 0.0416
212 214 0.0098
1 215 0.0076
209 215 0.0062
216 215 0.0196
1 216 0.015
215 216 0.0196
275 216 0.01
159 217 0.0122
199 217 0.0222
218 217 0.0161
280 217 0.001
217 218 0.0161
219 218 0.0083
290 218 0.0054
218 219 0.0083
220 219 0.0106
238 219 0.0041
163 220 0.0002
219 220 0.0106
221 220 0.0722
249 220 0.0133
220 221 0.0722
222 221 0.0084
1137 221 0.0005
221 222 0.0084
223 222 0.0014
1138 222 0.0003
222 223 0.0014
224 223 0.0005
885 223 0.0155
223 224 0.0005
225 224 0.0153
250 224 0.0245
224 225 0.0153
226 225 0.0183
248 225 0.0007
883 225 0.0005
225 226 0.0183
227 226 0.0194
243 226 0.0015
226 227 0.0194
228 227 0.0835
241 227 0.0024
873 227 0.0076
876 227 0.0021
227 228 0.0835
229 228 0.0628
240 228 0.0005
228 229 0.0628
230 229 0.0527
859 229 0.0006
229 230 0.0527
231 230 0.0535
256 230 0.0018
860 230 0.0037
230 231 0.0535
232 231 0.0325
857 231 0.0025
231 232 0.0325
233 232 0.0071
256 232 0.0021
263 232 0.0298
856 232 0.0019
232 233 0.0071
234 233 0.0068
237 233 0.0014
233 234 0.0068
235 234 0.0275
238 234 0.0015
234 235 0.0275
236 235 0.0038
256 235 0.0013
235 236 0.0038
233 237 0.0014
238 237 0.0037
287 237 0.0019
219 238 0.0041
234 238 0.0015
237 238 0.0037
239 238 0.0027
238 239 0.0027
228 240 0.0005
227 241 0.0024
242 241 0.0013
246 241 0.0034
241 242 0.0013
247 242 0.001
884 242 0.0007
226 243 0.0015
244 243 0.0022
245 243 0.002
243 244 0.0022
243 245 0.002
241 246 0.0034
242 247 0.001
225 248 0.0007
220 249 0.0133
1134 249 0.001
1135 249 0.0009
224 250 0.0245
251 250 0.0051
253 250 0.0012
255 250 0.0005
250 251 0.0051
252 251 0.0005
254 251 0.0006
1128 251 0.0003
251 252 0.0005
250 253 0.0012
1119 253 0.0064
1120 253 0.0059
251 254 0.0006
250 255 0.0005
230 256 0.0018
232 256 0.0021
235 256 0.0013
1 257 0.0118
258 257 0.0403
276 257 0.005
257 258 0.0403
259 258 0.0664
828 258 0.004
258 259 0.0664
260 259 0.1006
267 259 0.042
848 259 0.0243
259 260 0.1006
261 260 0.0541
268 260 0.011
851 260 0.0006
260 261 0.0541
262 261 0.0271
852 261 0.0007
261 262 0.0271
263 262 0.0328
286 262 0.0071
854 262 0.001
232 263 0.0298
262 263 0.0328
834 263 0.0013
853 263 0.0131
1 264 0.0142
265 264 0.0359
275 264 0.0168
264 265 0.0359
266 265 0.0443
274 265 0.0083
276 265 0.0917
265 266 0.0443
267 266 0.0299
269 266 0.0225
276 266 0.088
259 267 0.042
266 267 0.0299
268 267 0.0159
276 267 0.0065
260 268 0.011
267 268 0.0159
269 268 0.0212
271 268 0.004
266 269 0.0225
268 269 0.0212
270 269 0.0179
269 270 0.0179
271 270 0.0035
273 270 0.0055
268 271 0.004
270 271 0.0035
272 271 0.0043
271 272 0.0043
273 272 0.0062
277 272 0.0037
286 272 0.0098
296 272 0.0004
270 273 0.0055
272 273 0.0062
274 273 0.0046
295 273 0.0005
265 274 0.0083
273 274 0.0046
293 274 0.0011
207 275 0.0428
216 275 0.01
264 275 0.0168
257 276 0.005
265 276 0.0917
266 276 0.088
267 276 0.0065
272 277 0.0037
278 277 0.0029
285 277 0.0044
277 278 0.0029
279 278 0.0023
296 278 0.0015
278 279 0.0023
297 279 0.0012
299 279 0.0064
217 280 0.001
281 280 0.0011
292 280 0.0008
299 280 0.0029
280 281 0.0011
282 281 0.0362
285 281 0.0106
281 282 0.0362
283 282 0.0048
290 282 0.0039
282 283 0.0048
284 283 0.0028
288 283 0.0026
289 283 0.0026
283 284 0.0028
285 284 0.0039
287 284 0.0035
277 285 0.0044
281 285 0.0106
284 285 0.0039
262 286 0.0071
272 286 0.0098
287 286 0.001
237 287 0.0019
284 287 0.0035
286 287 0.001
283 288 0.0026
283 289 0.0026
218 290 0.0054
282 290 0.0039
291 290 0.0005
290 291 0.0005
197 292 0.0043
198 292 0.0104
280 292 0.0008
207 293 0.0049
274 293 0.0011
294 293 0.0058
293 294 0.0058
273 295 0.0005
203 296 0.0005
272 296 0.0004
278 296 0.0015
297 296 0.0038
279 297 0.0012
296 297 0.0038
298 297 0.0016
202 298 0.006
297 298 0.0016
299 298 0.0012
279 299 0.0064
280 299 0.0029
298 299 0.0012
206 300 0.0047
154 301 0.0028
171 301 0.0054
174 301 0.0031
302 301 0.0038
301 302 0.0038
136 303 0.0177
137 303 0.0143
172 303 0.0042
183 304 0.0023
1 305 0.0137
209 305 0.0035
210 305 0.0099
116 306 0.0024
307 306 0.0006
308 306 0.0008
306 307 0.0006
306 308 0.0008
111 309 0.0041
113 309 0.0039
310 309 0.0008
309 310 0.0008
104 311 0.0089
312 311 0.0045
313 311 0.0038
84 312 0.0118
85 312 0.0082
108 312 0.0033
311 312 0.0045
103 313 0.0031
311 313 0.0038
314 313 0.008
5 314 0.0028
313 314 0.008
421 314 0.0006
83 315 0.0312
316 315 0.0205
322 315 0.0115
315 316 0.0205
317 316 0.0158
360 316 0.0293
316 317 0.0158
318 317 0.0252
337 317 0.0077
317 318 0.0252
319 318 0.0268
333 318 0.013
318 319 0.0268
320 319 0.0142
341 319 0.0011
342 319 0.0007
319 320 0.0142
321 320 0.0166
325 320 0.0126
320 321 0.0166
315 322 0.0115
323 322 0.0227
354 322 0.0025
322 323 0.0227
324 323 0.0068
351 323 0.0033
356 323 0.0371
357 323 0.0464
323 324 0.0068
325 324 0.0083
328 324 0.0249
320 325 0.0126
324 325 0.0083
326 325 0.0641
325 326 0.0641
327 326 0.0348
343 326 0.0157
326 327 0.0348
332 327 0.0029
344 327 0.0011
1174 327 0.0031
1176 327 0.0066
324 328 0.0249
329 328 0.0139
349 328 0.022
328 329 0.0139
330 329 0.0037
331 329 0.0033
332 329 0.0029
350 329 0.0125
1639 329 0.0593
329 330 0.0037
329 331 0.0033
327 332 0.0029
329 332 0.0029
1191 332 0.0063
318 333 0.013
334 333 0.0136
337 333 0.0024
338 333 0.0103
333 334 0.0136
335 334 0.0034
336 334 0.0031
334 335 0.0034
110 336 0.0013
334 336 0.0031
1174 336 0.0033
87 337 0.0008
317 337 0.0077
333 337 0.0024
338 337 0.0016
333 338 0.0103
337 338 0.0016
339 338 0.006
338 339 0.006
84 340 0.0038
319 341 0.0011
319 342 0.0007
326 343 0.0157
327 344 0.0011
33 345 0.0086
1198 345 0.0051
1204 345 0.0034
32 346 0.0014
33 346 0.0016
347 346 0.0027
348 346 0.0083
346 347 0.0027
346 348 0.0083
31 349 0.0015
328 349 0.022
1639 349 0.0952
329 350 0.0125
1638 350 0.0022
1639 350 0.0183
30 351 0.0027
323 351 0.0033
352 351 0.0017
30 352 0.0055
351 352 0.0017
353 352 0.0019
352 353 0.0019
7 354 0.0111
322 354 0.0025
355 354 0.0017
359 354 0.0049
354 355 0.0017
356 355 0.0084
358 355 0.0037
323 356 0.0371
355 356 0.0084
357 356 0.0425
323 357 0.0464
356 357 0.0425
358 357 0.0084
365 357 0.0017
82 358 0.0011
355 358 0.0037
357 358 0.0084
365 358 0.0011
6 359 0.007
83 359 0.0313
354 359 0.0049
316 360 0.0293
361 360 0.0017
362 360 0.0029
360 361 0.0017
360 362 0.0029
363 362 0.0027
364 362 0.0041
362 363 0.0027
362 364 0.0041
357 365 0.0017
358 365 0.0011
366 365 0.0064
365 366 0.0064
367 366 0.001
368 366 0.0075
366 367 0.001
29 368 0.0048
366 368 0.0075
369 368 0.0061
368 369 0.0061
52 370 0.0138
371 370 0.0036
385 370 0.0027
386 370 0.0035
370 371 0.0036
3 372 0.006
4 372 0.0065
380 372 0.0046
382 372 0.0019
385 372 0.007
432 372 0.0068
55 373 0.0029
374 373 0.0017
385 373 0.0165
373 374 0.0017
375 374 0.004
387 374 0.0097
374 375 0.004
376 375 0.0745
396 375 0.1113
375 376 0.0745
377 376 0.027
394 376 0.011
396 376 0.0605
450 376 0.0014
376 377 0.027
378 377 0.0142
451 377 0.037
377 378 0.0142
379 378 0.0423
433 378 0.0178
435 378 0.0668
378 379 0.0423
380 379 0.0082
424 379 0.0007
372 380 0.0046
379 380 0.0082
381 380 0.0019
424 380 0.0017
380 381 0.0019
372 382 0.0019
53 383 0.0029
54 384 0.0027
370 385 0.0027
372 385 0.007
373 385 0.0165
386 385 0.0024
10 386 0.0087
370 386 0.0035
385 386 0.0024
56 387 0.0188
374 387 0.0097
388 387 0.0042
57 388 0.0049
387 388 0.0042
389 388 0.0424
409 388 0.0227
388 389 0.0424
390 389 0.0131
411 389 0.021
389 390 0.0131
391 390 0.011
392 390 0.0046
1265 390 0.024
1266 390 0.0055
390 391 0.011
410 391 0.0236
1271 391 0.0146
48 392 0.0056
390 392 0.0046
393 392 0.0131
49 393 0.0019
50 393 0.0058
51 393 0.003
392 393 0.0131
1272 393 0.0105
376 394 0.011
395 394 0.0093
396 394 0.0124
394 395 0.0093
415 395 0.0049
913 395 0.006
375 396 0.1113
376 396 0.0605
394 396 0.0124
397 396 0.0224
399 396 0.0054
396 397 0.0224
398 397 0.0301
402 397 0.0708
397 398 0.0301
399 398 0.025
401 398 0.0054
396 399 0.0054
398 399 0.025
400 399 0.0039
416 399 0.0047
399 400 0.0039
416 400 0.0081
906 400 0.0068
398 401 0.0054
397 402 0.0708
403 402 0.0402
406 402 0.0091
409 402 0.0045
402 403 0.0402
404 403 0.0144
405 403 0.0126
1267 403 0.0068
1277 403 0.016
1427 403 0.0033
403 404 0.0144
1267 404 0.0271
1268 404 0.0074
1277 404 0.0403
403 405 0.0126
1274 405 0.0103
1275 405 0.0077
1277 405 0.071
402 406 0.0091
407 406 0.002
408 406 0.0014
409 406 0.0035
1267 406 0.0163
406 407 0.002
410 407 0.006
1267 407 0.0109
406 408 0.0014
388 409 0.0227
402 409 0.0045
406 409 0.0035
417 409 0.0073
391 410 0.0236
407 410 0.006
1268 410 0.0074
389 411 0.021
25 412 0.0029
18 413 0.0028
39 413 0.005
414 413 0.0044
413 414 0.0044
395 415 0.0049
416 415 0.0063
913 415 0.0039
1279 415 0.0075
399 416 0.0047
400 416 0.0081
415 416 0.0063
409 417 0.0073
23 418 0.0018
33 419 0.004
1209 419 0.0258
1219 419 0.0582
37 420 0.0253
1211 420 0.0022
1219 420 0.0022
1 421 0.0015
5 421 0.0081
314 421 0.0006
1 422 0.0126
2 422 0.0099
432 422 0.0003
1 423 0.0023
424 423 0.0022
432 423 0.0008
379 424 0.0007
380 424 0.0017
423 424 0.0022
425 424 0.0242
432 424 0.0011
454 424 0.0304
424 425 0.0242
426 425 0.042
454 425 0.0132
457 425 0.0211
425 426 0.042
427 426 0.012
433 426 0.0096
426 427 0.012
428 427 0.0152
449 427 0.0051
427 428 0.0152
429 428 0.0124
436 428 0.0096
449 428 0.046
469 428 0.0179
428 429 0.0124
430 429 0.0106
471 429 0.0045
429 430 0.0106
431 430 0.0028
439 430 0.0185
440 430 0.0181
473 430 0.025
430 431 0.0028
923 431 0.0026
924 431 0.007
372 432 0.0068
422 432 0.0003
423 432 0.0008
424 432 0.0011
378 433 0.0178
426 433 0.0096
434 433 0.0089
449 433 0.0101
433 434 0.0089
378 435 0.0668
428 436 0.0096
437 436 0.0031
439 436 0.0047
449 436 0.0098
436 437 0.0031
438 437 0.0135
451 437 0.0238
437 438 0.0135
430 439 0.0185
436 439 0.0047
453 439 0.0018
430 440 0.0181
441 440 0.041
443 440 0.0045
440 441 0.041
442 441 0.0102
446 441 0.0104
441 442 0.0102
448 442 0.0075
922 442 0.0049
440 443 0.0045
444 443 0.0024
445 443 0.003
443 444 0.0024
443 445 0.003
441 446 0.0104
447 446 0.0097
448 446 0.0033
446 447 0.0097
913 447 0.0094
916 447 0.0051
442 448 0.0075
446 448 0.0033
1480 448 0.005
427 449 0.0051
428 449 0.046
433 449 0.0101
436 449 0.0098
376 450 0.0014
377 451 0.037
437 451 0.0238
452 451 0.0016
451 452 0.0016
439 453 0.0018
1 454 0.0032
424 454 0.0304
425 454 0.0132
455 454 0.0072
466 454 0.0086
454 455 0.0072
467 455 0.0015
1636 455 0.0011
1637 455 0.023
457 456 0.0055
465 456 0.0014
1636 456 0.0012
425 457 0.0211
456 457 0.0055
458 457 0.0007
457 458 0.0007
459 458 0.0047
462 458 0.0081
463 458 0.0126
465 458 0.0115
458 459 0.0047
460 459 0.0172
469 459 0.0107
459 460 0.0172
461 460 0.072
469 460 0.0405
460 461 0.072
462 461 0.0107
464 461 0.0072
483 461 0.0106
458 462 0.0081
461 462 0.0107
463 462 0.016
458 463 0.0126
462 463 0.016
464 463 0.0036
465 463 0.0046
461 464 0.0072
463 464 0.0036
482 464 0.0148
456 465 0.0014
458 465 0.0115
463 465 0.0046
490 465 0.0049
1 466 0.0049
454 466 0.0086
1637 466 0.0196
1 467 0.003
455 467 0.0015
468 467 0.0007
1636 467 0.0013
1637 467 0.0027
467 468 0.0007
428 469 0.0179
459 469 0.0107
460 469 0.0405
471 470 0.0053
472 470 0.0035
486 470 0.0073
429 471 0.0045
470 471 0.0053
486 471 0.0185
470 472 0.0035
473 472 0.0048
484 472 0.0071
485 472 0.0503
430 473 0.025
472 473 0.0048
474 473 0.0223
486 473 0.0199
473 474 0.0223
475 474 0.0223
478 474 0.0046
474 475 0.0223
476 475 0.0186
477 475 0.0058
475 476 0.0186
477 476 0.0047
485 476 0.0377
475 477 0.0058
476 477 0.0047
478 477 0.0033
474 478 0.0046
477 478 0.0033
479 478 0.0193
487 478 0.0058
478 479 0.0193
480 479 0.0052
524 479 0.0082
532 479 0.0104
479 480 0.0052
481 480 0.0053
485 480 0.008
526 480 0.0056
480 481 0.0053
482 481 0.0141
483 481 0.0302
488 481 0.0075
494 481 0.0214
498 481 0.0029
464 482 0.0148
481 482 0.0141
483 482 0.0298
461 483 0.0106
481 483 0.0302
482 483 0.0298
484 483 0.0393
472 484 0.0071
483 484 0.0393
485 484 0.0259
472 485 0.0503
476 485 0.0377
480 485 0.008
484 485 0.0259
470 486 0.0073
471 486 0.0185
473 486 0.0199
478 487 0.0058
1 488 0.0062
481 488 0.0075
489 488 0.0065
488 489 0.0065
490 489 0.0068
491 489 0.0082
465 490 0.0049
489 490 0.0068
491 490 0.0183
489 491 0.0082
490 491 0.0183
492 491 0.0061
491 492 0.0061
1 493 0.0074
494 493 0.0178
496 493 0.0373
520 493 0.0457
481 494 0.0214
493 494 0.0178
495 494 0.004
494 495 0.004
493 496 0.0373
497 496 0.0034
500 496 0.0028
502 496 0.0055
503 496 0.0048
496 497 0.0034
498 497 0.0088
499 497 0.0047
481 498 0.0029
497 498 0.0088
526 498 0.0034
497 499 0.0047
500 499 0.0033
525 499 0.007
496 500 0.0028
499 500 0.0033
501 500 0.0114
500 501 0.0114
502 501 0.004
504 501 0.0072
496 502 0.0055
501 502 0.004
503 502 0.0098
496 503 0.0048
502 503 0.0098
504 503 0.0543
516 503 0.0159
501 504 0.0072
503 504 0.0543
505 504 0.0043
1477 504 0.085
1478 504 0.0555
504 505 0.0043
506 505 0.0028
511 505 0.0124
521 505 0.0034
505 506 0.0028
507 506 0.0184
517 506 0.0861
506 507 0.0184
508 507 0.0308
509 507 0.009
507 508 0.0308
509 508 0.0129
528 508 0.0301
1 509 0.0089
507 509 0.009
508 509 0.0129
510 509 0.066
613 509 0.0181
509 510 0.066
511 510 0.0389
613 510 0.0273
505 511 0.0124
510 511 0.0389
512 511 0.0342
511 512 0.0342
513 512 0.0232
521 512 0.0063
512 513 0.0232
610 513 0.0315
611 513 0.004
1475 513 0.0133
515 514 0.0165
1475 514 0.0187
1479 514 0.0379
514 515 0.0165
529 515 0.0019
532 515 0.001
533 515 0.0269
547 515 0.0024
503 516 0.0159
517 516 0.1661
519 516 0.0582
506 517 0.0861
516 517 0.1661
518 517 0.0226
528 517 0.0066
1 518 0.0091
517 518 0.0226
519 518 0.0765
1 519 0.0107
516 519 0.0582
518 519 0.0765
520 519 0.023
1 520 0.0055
493 520 0.0457
519 520 0.023
505 521 0.0034
512 521 0.0063
522 521 0.0025
521 522 0.0025
1476 522 0.0229
1477 522 0.0919
524 523 0.0018
1478 523 0.0945
1479 523 0.0808
479 524 0.0082
523 524 0.0018
532 524 0.0038
499 525 0.007
480 526 0.0056
498 526 0.0034
527 526 0.0051
526 527 0.0051
1 528 0.0141
508 528 0.0301
517 528 0.0066
515 529 0.0019
530 529 0.0071
534 529 0.0036
529 530 0.0071
531 530 0.003
532 530 0.0223
530 531 0.003
479 532 0.0104
515 532 0.001
524 532 0.0038
530 532 0.0223
515 533 0.0269
534 533 0.0009
536 533 0.0317
548 533 0.0104
529 534 0.0036
533 534 0.0009
535 534 0.0016
924 534 0.0024
534 535 0.0016
533 536 0.0317
537 536 0.0024
541 536 0.0145
549 536 0.0187
536 537 0.0024
538 537 0.002
539 537 0.0064
537 538 0.002
539 538 0.0034
926 538 0.0058
537 539 0.0064
538 539 0.0034
540 539 0.0023
539 540 0.0023
536 541 0.0145
542 541 0.0441
549 541 0.0208
550 541 0.0097
554 541 0.061
912 541 0.0017
541 542 0.0441
543 542 0.0128
546 542 0.0137
542 543 0.0128
544 543 0.024
545 543 0.0093
543 544 0.024
545 544 0.0453
920 544 0.01
543 545 0.0093
544 545 0.0453
905 545 0.0232
909 545 0.1169
914 545 0.0164
542 546 0.0137
918 546 0.0088
1281 546 0.0035
515 547 0.0024
548 547 0.0046
552 547 0.0049
561 547 0.0109
573 547 0.008
533 548 0.0104
547 548 0.0046
549 548 0.0051
536 549 0.0187
541 549 0.0208
548 549 0.0051
550 549 0.0072
541 550 0.0097
549 550 0.0072
551 550 0.0071
550 551 0.0071
552 551 0.0071
559 551 0.0092
547 552 0.0049
551 552 0.0071
553 552 0.0054
552 553 0.0054
541 554 0.061
555 554 0.0066
559 554 0.0041
554 555 0.0066
556 555 0.0129
557 555 0.0125
558 555 0.0145
555 556 0.0129
555 557 0.0125
555 558 0.0145
551 559 0.0092
554 559 0.0041
560 559 0.0182
559 560 0.0182
547 561 0.0109
562 561 0.0069
571 561 0.0053
561 562 0.0069
563 562 0.0093
609 562 0.005
611 562 0.0136
612 562 0.0021
562 563 0.0093
564 563 0.0025
565 563 0.0026
566 563 0.0027
563 564 0.0025
565 564 0.0703
609 564 0.0651
563 565 0.0026
564 565 0.0703
566 565 0.0465
1474 565 0.0054
563 566 0.0027
565 566 0.0465
567 566 0.0233
566 567 0.0233
568 567 0.0146
573 567 0.0006
589 567 0.0171
595 567 0.0077
567 568 0.0146
569 568 0.0248
583 568 0.0302
592 568 0.003
568 569 0.0248
570 569 0.0291
574 569 0.0028
584 569 0.005
887 569 0.0005
889 569 0.0072
1282 569 0.0035
569 570 0.0291
886 570 0.006
890 570 0.0192
892 570 0.0035
561 571 0.0053
572 571 0.0022
573 571 0.0013
571 572 0.0022
547 573 0.008
567 573 0.0006
571 573 0.0013
569 574 0.0028
575 574 0.0045
582 574 0.0032
1282 574 0.0159
574 575 0.0045
576 575 0.0178
579 575 0.0109
1282 575 0.0037
1406 575 0.0052
575 576 0.0178
577 576 0.0287
578 576 0.0188
576 577 0.0287
576 578 0.0188
575 579 0.0109
580 579 0.0097
581 579 0.0117
579 580 0.0097
579 581 0.0117
574 582 0.0032
568 583 0.0302
584 583 0.0088
588 583 0.0031
590 583 0.0014
569 584 0.005
583 584 0.0088
585 584 0.0033
587 584 0.0053
584 585 0.0033
586 585 0.0021
934 585 0.0031
585 586 0.0021
584 587 0.0053
1283 587 0.0004
1284 587 0.0003
583 588 0.0031
567 589 0.0171
590 589 0.004
595 589 0.0098
617 589 0.0098
583 590 0.0014
589 590 0.004
591 590 0.002
621 590 0.0013
590 591 0.002
568 592 0.003
593 592 0.0012
594 592 0.0013
592 593 0.0012
592 594 0.0013
567 595 0.0077
589 595 0.0098
617 595 0.0042
1469 595 0.0295
597 596 0.0055
616 596 0.0068
1468 596 0.015
596 597 0.0055
598 597 0.0038
601 597 0.0022
607 597 0.0043
608 597 0.0097
609 597 0.0033
597 598 0.0038
599 598 0.0187
609 598 0.0227
598 599 0.0187
600 599 0.024
610 599 0.0116
613 599 0.0154
623 599 0.0102
641 599 0.0246
599 600 0.024
601 600 0.0126
602 600 0.0139
597 601 0.0022
600 601 0.0126
602 601 0.0042
600 602 0.0139
601 602 0.0042
603 602 0.0443
626 602 0.0088
602 603 0.0443
604 603 0.0161
614 603 0.0109
603 604 0.0161
605 604 0.0358
615 604 0.0018
604 605 0.0358
606 605 0.0064
620 605 0.0158
605 606 0.0064
674 606 0.0019
1466 606 0.0026
597 607 0.0043
597 608 0.0097
562 609 0.005
564 609 0.0651
597 609 0.0033
598 609 0.0227
513 610 0.0315
599 610 0.0116
611 610 0.0054
513 611 0.004
562 611 0.0136
610 611 0.0054
562 612 0.0021
1 613 0.0134
509 613 0.0181
510 613 0.0273
599 613 0.0154
603 614 0.0109
604 615 0.0018
619 615 0.0065
1470 615 0.0093
596 616 0.0068
589 617 0.0098
595 617 0.0042
618 617 0.0029
617 618 0.0029
615 619 0.0065
605 620 0.0158
621 620 0.0184
1466 620 0.0012
590 621 0.0013
620 621 0.0184
622 621 0.0334
953 621 0.0219
621 622 0.0334
935 622 0.0068
1465 622 0.0009
599 623 0.0102
624 623 0.0075
641 623 0.0072
623 624 0.0075
625 624 0.011
626 624 0.0011
632 624 0.0063
624 625 0.011
628 625 0.0008
629 625 0.0052
602 626 0.0088
624 626 0.0011
627 626 0.0043
626 627 0.0043
625 628 0.0008
629 628 0.0038
673 628 0.0034
625 629 0.0052
628 629 0.0038
630 629 0.0076
629 630 0.0076
631 630 0.0067
665 630 0.0006
671 630 0.0066
674 630 0.0053
630 631 0.0067
632 631 0.0054
658 631 0.0148
624 632 0.0063
631 632 0.0054
633 632 0.0013
634 632 0.0473
632 633 0.0013
632 634 0.0473
635 634 0.0152
636 634 0.0109
1 635 0.0072
634 635 0.0152
641 635 0.0044
634 636 0.0109
637 636 0.0182
638 636 0.0602
1 637 0.012
636 637 0.0182
638 637 0.0142
636 638 0.0602
637 638 0.0142
639 638 0.0278
638 639 0.0278
640 639 0.0096
642 639 0.0141
645 639 0.0392
656 639 0.0013
1 640 0.0051
639 640 0.0096
649 640 0.0144
655 640 0.0054
599 641 0.0246
623 641 0.0072
635 641 0.0044
639 642 0.0141
643 642 0.0324
657 642 0.0008
642 643 0.0324
644 643 0.0117
646 643 0.0464
643 644 0.0117
665 644 0.0034
676 644 0.011
639 645 0.0392
646 645 0.0116
655 645 0.0157
643 646 0.0464
645 646 0.0116
647 646 0.019
646 647 0.019
648 647 0.0049
652 647 0.0051
653 647 0.0033
647 648 0.0049
679 648 0.0016
685 648 0.0059
640 649 0.0144
650 649 0.0059
687 649 0.0026
689 649 0.0032
649 650 0.0059
651 650 0.0098
681 650 0.002
650 651 0.0098
652 651 0.0049
655 651 0.0024
647 652 0.0051
651 652 0.0049
653 652 0.0152
647 653 0.0033
652 653 0.0152
654 653 0.0033
685 653 0.004
653 654 0.0033
640 655 0.0054
645 655 0.0157
651 655 0.0024
639 656 0.0013
642 657 0.0008
631 658 0.0148
659 658 0.0021
662 658 0.0024
658 659 0.0021
660 659 0.0024
661 659 0.002
659 660 0.0024
659 661 0.002
658 662 0.0024
663 662 0.0026
664 662 0.0029
662 663 0.0026
662 664 0.0029
630 665 0.0006
644 665 0.0034
666 665 0.0069
964 665 0.0008
665 666 0.0069
667 666 0.0035
672 666 0.0011
666 667 0.0035
668 667 0.0017
963 667 0.0034
667 668 0.0017
669 668 0.002
672 668 0.0062
961 668 0.0049
668 669 0.002
670 669 0.002
671 669 0.0023
669 670 0.002
954 670 0.0127
1467 670 0.0016
630 671 0.0066
669 671 0.0023
672 671 0.0123
666 672 0.0011
668 672 0.0062
671 672 0.0123
628 673 0.0034
606 674 0.0019
630 674 0.0053
1467 674 0.014
953 675 0.0172
1467 675 0.0026
1473 675 0.0036
644 676 0.011
680 676 0.0008
682 676 0.0576
678 677 0.013
682 677 0.0088
967 677 0.0004
982 677 0.0019
984 677 0.0041
677 678 0.013
970 678 0.0053
994 678 0.0075
648 679 0.0016
676 680 0.0008
650 681 0.002
684 681 0.0002
696 681 0.0055
717 681 0.0035
676 682 0.0576
677 682 0.0088
683 682 0.0003
682 683 0.0003
681 684 0.0002
648 685 0.0059
653 685 0.004
686 685 0.0069
685 686 0.0069
649 687 0.0026
1 688 0.0113
689 688 0.0135
743 688 0.0041
649 689 0.0032
688 689 0.0135
690 689 0.0345
689 690 0.0345
691 690 0.0107
697 690 0.0191
690 691 0.0107
692 691 0.0276
712 691 0.002
691 692 0.0276
693 692 0.0167
705 692 0.0009
692 693 0.0167
694 693 0.0264
704 693 0.0028
693 694 0.0264
715 694 0.0011
1561 694 0.0297
696 695 0.0437
1021 695 0.0015
1041 695 0.006
1561 695 0.063
681 696 0.0055
695 696 0.0437
716 696 0.0056
717 696 0.0241
690 697 0.0191
698 697 0.0449
750 697 0.0102
697 698 0.0449
699 698 0.0245
713 698 0.0012
746 698 0.0017
1560 698 0.0017
698 699 0.0245
700 699 0.0109
710 699 0.0033
739 699 0.0016
699 700 0.0109
701 700 0.0218
706 700 0.0216
710 700 0.0017
700 701 0.0218
702 701 0.0124
778 701 0.0007
701 702 0.0124
703 702 0.0144
737 702 0.0016
702 703 0.0144
727 703 0.0362
738 703 0.0012
899 703 0.0142
904 703 0.0056
693 704 0.0028
705 704 0.0018
1734 704 0.0011
692 705 0.0009
704 705 0.0018
709 705 0.0007
700 706 0.0216
707 706 0.0027
708 706 0.0017
706 707 0.0027
706 708 0.0017
709 708 0.0018
723 708 0.0023
705 709 0.0007
708 709 0.0018
1022 709 0.001
699 710 0.0033
700 710 0.0017
711 710 0.0023
710 711 0.0023
691 712 0.002
698 713 0.0012
1021 714 0.0207
1023 714 0.0075
1036 714 0.0035
694 715 0.0011
696 716 0.0056
681 717 0.0035
696 717 0.0241
718 717 0.0146
722 717 0.0081
717 718 0.0146
719 718 0.0513
721 718 0.0125
718 719 0.0513
720 719 0.0128
997 719 0.0156
719 720 0.0128
982 720 0.0067
995 720 0.0009
718 721 0.0125
1000 721 0.0071
1002 721 0.0034
1003 721 0.0049
717 722 0.0081
1003 722 0.0107
1005 722 0.0039
708 723 0.0023
724 723 0.0022
725 723 0.0033
723 724 0.0022
723 725 0.0033
726 725 0.0031
904 725 0.0089
725 726 0.0031
1022 726 0.0043
1045 726 0.0013
703 727 0.0362
728 727 0.0077
733 727 0.002
735 727 0.0028
899 727 0.0027
727 728 0.0077
729 728 0.0017
898 728 0.0005
728 729 0.0017
730 729 0.0024
894 729 0.001
1049 729 0.0004
729 730 0.0024
731 730 0.0007
732 730 0.0005
894 730 0.0005
730 731 0.0007
730 732 0.0005
727 733 0.002
734 733 0.0011
1029 733 0.0014
733 734 0.0011
727 735 0.0028
736 735 0.0006
893 735 0.0021
735 736 0.0006
896 736 0.0004
897 736 0.0009
702 737 0.0016
703 738 0.0012
699 739 0.0016
740 739 0.0073
761 739 0.0036
778 739 0.034
791 739 0.0037
739 740 0.0073
741 740 0.0053
754 740 0.0049
740 741 0.0053
742 741 0.0077
749 741 0.0097
751 741 0.0028
741 742 0.0077
743 742 0.0011
751 742 0.004
688 743 0.0041
742 743 0.0011
744 743 0.0025
743 744 0.0025
745 744 0.0014
749 744 0.0032
744 745 0.0014
746 745 0.0033
747 745 0.0026
748 745 0.0021
698 746 0.0017
745 746 0.0033
747 746 0.0051
745 747 0.0026
746 747 0.0051
748 747 0.0057
745 748 0.0021
747 748 0.0057
749 748 0.002
741 749 0.0097
744 749 0.0032
748 749 0.002
697 750 0.0102
741 751 0.0028
742 751 0.004
752 751 0.0013
1 752 0.0138
751 752 0.0013
753 752 0.0012
752 753 0.0012
754 753 0.0145
757 753 0.001
740 754 0.0049
753 754 0.0145
757 754 0.005
762 754 0.0036
776 754 0.0052
1 755 0.0056
756 755 0.0023
758 755 0.0013
763 755 0.0071
755 756 0.0023
757 756 0.005
775 756 0.0023
753 757 0.001
754 757 0.005
756 757 0.005
755 758 0.0013
759 758 0.0139
767 758 0.0278
758 759 0.0139
760 759 0.0196
762 759 0.0099
768 759 0.0046
776 759 0.0007
759 760 0.0196
761 760 0.0111
783 760 0.0368
793 760 0.0009
739 761 0.0036
760 761 0.0111
762 761 0.0073
790 761 0.0042
754 762 0.0036
759 762 0.0099
761 762 0.0073
1 763 0.0176
755 763 0.0071
765 763 0.0047
1 764 0.0176
765 764 0.0043
773 764 0.0092
763 765 0.0047
764 765 0.0043
766 765 0.0084
765 766 0.0084
767 766 0.0189
773 766 0.0119
758 767 0.0278
766 767 0.0189
768 767 0.0085
759 768 0.0046
767 768 0.0085
802 768 0.0117
820 768 0.0014
1 769 0.0167
770 769 0.0088
773 769 0.026
769 770 0.0088
771 770 0.0054
820 770 0.0023
770 771 0.0054
772 771 0.0015
818 771 0.0036
819 771 0.0029
820 771 0.0006
822 771 0.003
836 771 0.0034
771 772 0.0015
764 773 0.0092
766 773 0.0119
769 773 0.026
774 773 0.0037
773 774 0.0037
756 775 0.0023
754 776 0.0052
759 776 0.0007
777 776 0.0018
776 777 0.0018
701 778 0.0007
739 778 0.034
779 778 0.0091
792 778 0.0021
778 779 0.0091
780 779 0.0036
787 779 0.0021
1050 779 0.0003
779 780 0.0036
781 780 0.026
788 780 0.0082
780 781 0.026
782 781 0.002
1051 781 0.0002
781 782 0.002
760 783 0.0368
784 783 0.0181
800 783 0.0006
802 783 0.0057
783 784 0.0181
785 784 0.0089
801 784 0.001
784 785 0.0089
786 785 0.0029
796 785 0.0043
798 785 0.0005
799 785 0.001
785 786 0.0029
787 786 0.0146
792 786 0.0044
779 787 0.0021
786 787 0.0146
788 787 0.0031
780 788 0.0082
787 788 0.0031
789 788 0.0145
788 789 0.0145
761 790 0.0042
791 790 0.0042
794 790 0.0028
739 791 0.0037
790 791 0.0042
792 791 0.0024
794 791 0.0031
778 792 0.0021
786 792 0.0044
791 792 0.0024
760 793 0.0009
790 794 0.0028
791 794 0.0031
795 794 0.0021
794 795 0.0021
785 796 0.0043
809 796 0.0009
1052 796 0.0076
894 797 0.0003
1053 797 0.0058
1057 797 0.0017
785 798 0.0005
785 799 0.001
783 800 0.0006
784 801 0.001
768 802 0.0117
783 802 0.0057
803 802 0.0059
820 802 0.0028
802 803 0.0059
804 803 0.0117
807 803 0.0192
814 803 0.0046
803 804 0.0117
805 804 0.0116
810 804 0.0028
804 805 0.0116
806 805 0.0172
809 805 0.0009
805 806 0.0172
1062 806 0.0002
1066 806 0.0018
803 807 0.0192
808 807 0.014
815 807 0.0014
807 808 0.014
816 808 0.0014
817 808 0.0009
1091 808 0.0064
796 809 0.0009
805 809 0.0009
1058 809 0.0003
1061 809 0.0004
804 810 0.0028
811 810 0.0018
812 810 0.0012
813 810 0.0006
810 811 0.0018
810 812 0.0012
810 813 0.0006
803 814 0.0046
807 815 0.0014
840 815 0.0013
1089 815 0.0025
1096 815 0.0009
808 816 0.0014
808 817 0.0009
771 818 0.0036
819 818 0.0057
835 818 0.001
771 819 0.0029
818 819 0.0057
841 819 0.0003
768 820 0.0014
770 820 0.0023
771 820 0.0006
802 820 0.0028
1 821 0.0099
822 821 0.0031
823 821 0.0049
824 821 0.0016
771 822 0.003
821 822 0.0031
825 822 0.0016
1 823 0.0035
821 823 0.0049
824 823 0.0022
827 823 0.0043
821 824 0.0016
823 824 0.0022
825 824 0.0056
827 824 0.004
822 825 0.0016
824 825 0.0056
826 825 0.0022
825 826 0.0022
1 827 0.0076
823 827 0.0043
824 827 0.004
828 827 0.0036
830 827 0.0168
258 828 0.004
827 828 0.0036
829 828 0.0021
832 828 0.0042
846 828 0.0002
828 829 0.0021
846 829 0.0009
847 829 0.001
827 830 0.0168
831 830 0.0057
832 830 0.0021
830 831 0.0057
832 831 0.0069
833 831 0.0022
828 832 0.0042
830 832 0.0021
831 832 0.0069
843 832 0.0074
831 833 0.0022
263 834 0.0013
818 835 0.001
771 836 0.0034
837 836 0.0049
844 836 0.0016
836 837 0.0049
838 837 0.0078
841 837 0.001
837 838 0.0078
839 838 0.0023
840 838 0.009
838 839 0.0023
840 839 0.0239
845 839 0.006
815 840 0.0013
838 840 0.009
839 840 0.0239
841 840 0.0074
842 840 0.0035
1559 840 0.001
819 841 0.0003
837 841 0.001
840 841 0.0074
840 842 0.0035
1086 842 0.0052
1096 842 0.0048
832 843 0.0074
844 843 0.0008
845 843 0.0098
836 844 0.0016
843 844 0.0008
845 844 0.0004
839 845 0.006
843 845 0.0098
844 845 0.0004
828 846 0.0002
829 846 0.0009
1558 846 0.0008
1559 846 0.0056
829 847 0.001
259 848 0.0243
849 848 0.0059
861 848 0.0076
848 849 0.0059
850 849 0.0016
864 849 0.0094
849 850 0.0016
863 850 0.0004
1087 850 0.0005
260 851 0.0006
261 852 0.0007
263 853 0.0131
854 853 0.0014
856 853 0.0044
262 854 0.001
853 854 0.0014
855 854 0.0025
854 855 0.0025
856 855 0.0008
862 855 0.0034
232 856 0.0019
853 856 0.0044
855 856 0.0008
857 856 0.0024
231 857 0.0025
856 857 0.0024
858 857 0.0023
860 857 0.0023
857 858 0.0023
859 858 0.0064
871 858 0.0005
872 858 0.0009
874 858 0.0018
879 858 0.0006
229 859 0.0006
858 859 0.0064
860 859 0.0038
230 860 0.0037
857 860 0.0023
859 860 0.0038
848 861 0.0076
855 862 0.0034
850 863 0.0004
849 864 0.0094
865 864 0.0127
867 864 0.0004
870 864 0.0005
1095 864 0.0013
864 865 0.0127
866 865 0.0146
1080 865 0.0013
1130 865 0.0004
1131 865 0.0003
865 866 0.0146
868 866 0.01
1557 866 0.0047
864 867 0.0004
866 868 0.01
869 868 0.0003
1102 868 0.0034
868 869 0.0003
1115 869 0.0005
1117 869 0.0054
1123 869 0.0009
1557 869 0.0114
864 870 0.0005
858 871 0.0005
858 872 0.0009
227 873 0.0076
874 873 0.0008
878 873 0.0015
858 874 0.0018
873 874 0.0008
875 874 0.001
874 875 0.001
227 876 0.0021
877 876 0.0016
878 876 0.0018
876 877 0.0016
882 877 0.0048
1132 877 0.0137
873 878 0.0015
876 878 0.0018
879 878 0.0017
1129 878 0.0017
858 879 0.0006
878 879 0.0017
880 879 0.0078
881 879 0.0012
879 880 0.0078
879 881 0.0012
877 882 0.0048
1123 882 0.0044
1124 882 0.0003
225 883 0.0005
242 884 0.0007
223 885 0.0155
570 886 0.006
888 886 0.0073
892 886 0.0087
1646 886 0.0044
569 887 0.0005
886 888 0.0073
569 889 0.0072
570 890 0.0192
891 890 0.0106
1285 890 0.0296
1286 890 0.0072
890 891 0.0106
927 891 0.0246
1405 891 0.0099
570 892 0.0035
886 892 0.0087
933 892 0.0182
1641 892 0.0063
735 893 0.0021
729 894 0.001
730 894 0.0005
797 894 0.0003
895 894 0.0006
894 895 0.0006
736 896 0.0004
736 897 0.0009
728 898 0.0005
703 899 0.0142
727 899 0.0027
900 899 0.0009
901 899 0.0044
902 899 0.0136
899 900 0.0009
899 901 0.0044
1029 901 0.0013
1030 901 0.0035
899 902 0.0136
903 902 0.0358
904 902 0.015
902 903 0.0358
904 903 0.0117
1024 903 0.0128
703 904 0.0056
725 904 0.0089
902 904 0.015
903 904 0.0117
545 905 0.0232
906 905 0.0208
1425 905 0.0079
400 906 0.0068
905 906 0.0208
907 906 0.0182
908 906 0.0261
914 906 0.0107
906 907 0.0182
906 908 0.0261
545 909 0.1169
910 909 0.0203
911 909 0.0128
909 910 0.0203
1426 910 0.0096
1431 910 0.0077
909 911 0.0128
541 912 0.0017
395 913 0.006
415 913 0.0039
447 913 0.0094
917 913 0.0195
545 914 0.0164
906 914 0.0107
915 914 0.0519
914 915 0.0519
447 916 0.0051
913 917 0.0195
546 918 0.0088
919 918 0.0399
921 918 0.0111
1411 918 0.0165
918 919 0.0399
1280 919 0.0261
1410 919 0.0124
544 920 0.01
918 921 0.0111
1419 921 0.043
1424 921 0.011
442 922 0.0049
431 923 0.0026
431 924 0.007
534 924 0.0024
925 924 0.011
924 925 0.011
538 926 0.0058
891 927 0.0246
928 927 0.019
929 927 0.0128
1406 927 0.0124
927 928 0.019
927 929 0.0128
931 930 0.0234
