2 1 0.0218
3 1 0.0171
11 1 0.011
14 1 0.0123
19 1 0.0136
25 1 0.0017
26 1 0.0081
28 1 0.0128
29 1 0.0052
34 1 0.0128
35 1 0.007
38 1 0.0022
40 1 0.0072
43 1 0.0129
52 1 0.012
68 1 0.0131
70 1 0.0173
75 1 0.0154
85 1 0.011
87 1 0.0083
91 1 0.0021
92 1 0.0052
95 1 0.0028
97 1 0.0045
101 1 0.0054
104 1 0.0037
715 1 0.0114
1103 1 0.0091
1 2 0.0218
3 2 0.0212
157 2 0.1332
1 3 0.0171
2 3 0.0212
4 3 0.0085
156 3 0.0032
159 3 0.0431
1101 3 0.1289
3 4 0.0085
5 4 0.0042
156 4 0.0041
157 4 0.0336
4 5 0.0042
7 6 0.0401
147 6 0.0289
156 6 0.0028
6 7 0.0401
8 7 0.0417
28 7 0.0513
1100 7 0.1195
7 8 0.0417
9 8 0.0077
161 8 0.0073
1102 8 0.0877
8 9 0.0077
10 9 0.0045
140 9 0.0042
9 10 0.0045
162 10 0.0033
164 10 0.0012
1 11 0.011
12 11 0.0238
15 11 0.173
19 11 0.057
11 12 0.0238
13 12 0.0266
16 12 0.0448
132 12 0.0075
272 12 0.021
12 13 0.0266
124 13 0.0237
133 13 0.0368
134 13 0.029
267 13 0.0276
272 13 0.0317
1 14 0.0123
15 14 0.0387
270 14 0.0227
353 14 0.007
11 15 0.173
14 15 0.0387
16 15 0.0495
270 15 0.2625
12 16 0.0448
15 16 0.0495
17 16 0.1007
16 17 0.1007
18 17 0.0139
270 17 0.0244
273 17 0.0713
340 17 0.0174
17 18 0.0139
118 18 0.0143
273 18 0.0759
1 19 0.0136
11 19 0.057
20 19 0.0322
158 19 0.0064
19 20 0.0322
21 20 0.0037
131 20 0.0029
20 21 0.0037
22 21 0.0324
139 21 0.0057
21 22 0.0324
23 22 0.0454
158 22 0.0494
22 23 0.0454
139 23 0.0372
1097 23 0.0132
139 24 0.0081
152 24 0.081
1097 24 0.0463
1098 24 0.0424
1 25 0.0017
671 25 0.0015
689 25 0.0004
1 26 0.0081
27 26 0.0011
690 26 0.0004
691 26 0.0007
26 27 0.0011
692 27 0.0109
694 27 0.0006
1102 27 0.0328
1 28 0.0128
7 28 0.0513
1100 28 0.021
1102 28 0.0067
1 29 0.0052
30 29 0.0092
32 29 0.0104
29 30 0.0092
31 30 0.0144
719 30 0.0073
30 31 0.0144
655 31 0.005
656 31 0.0041
29 32 0.0104
33 32 0.0068
659 32 0.0069
32 33 0.0068
663 33 0.0087
673 33 0.0017
1 34 0.0128
1 35 0.007
36 35 0.0032
37 35 0.0125
35 36 0.0032
35 37 0.0125
1 38 0.0022
39 38 0.0123
655 38 0.0007
38 39 0.0123
40 39 0.0012
646 39 0.0057
1 40 0.0072
39 40 0.0012
41 40 0.0736
44 40 0.0024
645 40 0.0003
40 41 0.0736
42 41 0.0342
46 41 0.0103
900 41 0.0019
41 42 0.0342
625 42 0.024
649 42 0.0013
1 43 0.0129
44 43 0.0121
47 43 0.0075
51 43 0.0195
714 43 0.0139
40 44 0.0024
43 44 0.0121
45 44 0.0014
44 45 0.0014
46 45 0.0009
608 45 0.001
612 45 0.001
714 45 0.0033
41 46 0.0103
45 46 0.0009
612 46 0.0332
617 46 0.0052
43 47 0.0075
48 47 0.0033
49 47 0.0037
714 47 0.0088
47 48 0.0033
574 48 0.0252
614 48 0.0007
47 49 0.0037
50 49 0.0068
51 49 0.0084
598 49 0.0183
49 50 0.0068
560 50 0.0186
594 50 0.0052
43 51 0.0195
49 51 0.0084
709 51 0.0014
715 51 0.0075
1 52 0.012
53 52 0.0026
55 52 0.079
57 52 0.129
52 53 0.0026
54 53 0.0043
706 53 0.0038
53 54 0.0043
52 55 0.079
56 55 0.0016
60 55 0.019
55 56 0.0016
553 56 0.0021
707 56 0.0007
52 57 0.129
58 57 0.009
65 57 0.0066
57 58 0.009
59 58 0.0315
66 58 0.0032
713 58 0.0012
58 59 0.0315
62 59 0.0189
498 59 0.0062
506 59 0.1559
55 60 0.019
61 60 0.0048
64 60 0.0037
707 60 0.0009
60 61 0.0048
62 61 0.0084
539 61 0.0151
59 62 0.0189
61 62 0.0084
63 62 0.0491
62 63 0.0491
506 63 0.0278
536 63 0.059
60 64 0.0037
538 64 0.0026
548 64 0.0043
57 65 0.0066
66 65 0.0023
67 65 0.0039
58 66 0.0032
65 66 0.0023
490 66 0.0108
65 67 0.0039
1 68 0.0131
69 68 0.0121
86 68 0.0091
68 69 0.0121
73 69 0.0182
86 69 0.0201
485 69 0.0093
1 70 0.0173
71 70 0.036
73 70 0.0084
70 71 0.036
72 71 0.0083
76 71 0.0287
79 71 0.0018
478 71 0.0733
71 72 0.0083
81 72 0.0461
479 72 0.0521
480 72 0.0481
69 73 0.0182
70 73 0.0084
86 73 0.0145
478 74 0.0145
479 74 0.0196
480 74 0.0032
1 75 0.0154
76 75 0.0227
77 75 0.0025
71 76 0.0287
75 76 0.0227
77 76 0.0078
75 77 0.0025
76 77 0.0078
78 77 0.0115
77 78 0.0115
79 78 0.0181
82 78 0.0238
71 79 0.0018
78 79 0.0181
80 79 0.0122
79 80 0.0122
81 80 0.0153
454 80 0.0108
1548 80 0.0108
72 81 0.0461
80 81 0.0153
456 81 0.0248
1548 81 0.0038
78 82 0.0238
83 82 0.006
85 82 0.0184
1103 82 0.0325
82 83 0.006
445 83 0.0031
451 83 0.0094
454 84 0.0064
1 85 0.011
82 85 0.0184
1103 85 0.0291
68 86 0.0091
69 86 0.0201
73 86 0.0145
1 87 0.0083
88 87 0.007
90 87 0.0017
87 88 0.007
89 88 0.0018
444 88 0.0003
88 89 0.0018
87 90 0.0017
440 90 0.0166
443 90 0.0017
1 91 0.0021
430 91 0.0047
439 91 0.0179
1 92 0.0052
93 92 0.0134
95 92 0.0066
92 93 0.0134
94 93 0.0236
96 93 0.0121
93 94 0.0236
96 94 0.0013
407 94 0.0292
428 94 0.0011
1 95 0.0028
92 95 0.0066
98 95 0.0514
93 96 0.0121
94 96 0.0013
98 96 0.0039
1 97 0.0045
98 97 0.0132
371 97 0.0111
374 97 0.0656
397 97 0.0394
95 98 0.0514
96 98 0.0039
97 98 0.0132
99 98 0.0246
406 98 0.0442
98 99 0.0246
100 99 0.0087
406 99 0.0799
99 100 0.0087
403 100 0.0062
407 100 0.005
1 101 0.0054
102 101 0.0171
371 101 0.0087
101 102 0.0171
103 102 0.01
368 102 0.0087
370 102 0.0005
372 102 0.0095
102 103 0.01
108 103 0.0191
355 103 0.0082
1 104 0.0037
105 104 0.0062
352 104 0.0036
104 105 0.0062
106 105 0.0076
108 105 0.0106
1106 105 0.0111
105 106 0.0076
107 106 0.004
356 106 0.0084
106 107 0.004
356 107 0.0009
1106 107 0.0037
103 108 0.0191
105 108 0.0106
355 108 0.0114
110 109 0.0693
114 109 0.1668
270 109 0.0607
109 110 0.0693
111 110 0.078
345 110 0.0015
110 111 0.078
112 111 0.0307
336 111 0.0099
111 112 0.0307
113 112 0.0214
336 112 0.0077
337 112 0.0029
338 112 0.0068
112 113 0.0214
300 113 0.0097
301 113 0.0586
109 114 0.1668
115 114 0.0239
306 114 0.0325
114 115 0.0239
116 115 0.0162
336 115 0.0124
115 116 0.0162
117 116 0.0464
309 116 0.1754
327 116 0.0944
116 117 0.0464
312 117 0.0053
313 117 0.0137
18 118 0.0143
119 118 0.0131
269 118 0.0177
118 119 0.0131
120 119 0.0302
297 119 0.0071
119 120 0.0302
121 120 0.0104
295 120 0.007
120 121 0.0104
122 121 0.0072
300 121 0.0212
121 122 0.0072
123 122 0.015
296 122 0.0203
122 123 0.015
13 124 0.0237
125 124 0.006
136 124 0.0013
271 124 0.0022
1096 124 0.0514
124 125 0.006
126 125 0.0098
137 125 0.0051
222 125 0.0138
125 126 0.0098
127 126 0.0125
260 126 0.0013
261 126 0.0366
126 127 0.0125
128 127 0.0014
130 127 0.0028
231 127 0.0472
127 128 0.0014
129 128 0.0026
130 128 0.0022
256 128 0.0279
128 129 0.0026
264 129 0.0038
266 129 0.0027
127 130 0.0028
128 130 0.0022
260 130 0.0004
264 130 0.0004
20 131 0.0029
132 131 0.005
139 131 0.0177
12 132 0.0075
131 132 0.005
133 132 0.0174
13 133 0.0368
132 133 0.0174
134 133 0.004
13 134 0.029
133 134 0.004
135 134 0.0079
153 134 0.0316
1096 134 0.0015
134 135 0.0079
136 135 0.0031
153 135 0.027
1096 135 0.0775
124 136 0.0013
135 136 0.0031
137 136 0.0018
125 137 0.0051
136 137 0.0018
138 137 0.0085
137 138 0.0085
21 139 0.0057
23 139 0.0372
24 139 0.0081
131 139 0.0177
9 140 0.0042
141 140 0.0195
147 140 0.0122
140 141 0.0195
142 141 0.0297
148 141 0.0335
149 141 0.0242
141 142 0.0297
143 142 0.0111
150 142 0.0669
142 143 0.0111
144 143 0.0125
145 143 0.0139
143 144 0.0125
145 144 0.0046
151 144 0.0031
143 145 0.0139
144 145 0.0046
146 145 0.0075
169 145 0.0139
179 145 0.0052
145 146 0.0075
151 146 0.0032
178 146 0.0011
6 147 0.0289
140 147 0.0122
148 147 0.0041
141 148 0.0335
147 148 0.0041
149 148 0.0023
141 149 0.0242
148 149 0.0023
150 149 0.006
142 150 0.0669
149 150 0.006
1098 150 0.0028
144 151 0.0031
146 151 0.0032
154 151 0.009
24 152 0.081
153 152 0.0684
154 152 0.001
134 153 0.0316
135 153 0.027
152 153 0.0684
151 154 0.009
152 154 0.001
155 154 0.0016
154 155 0.0016
222 155 0.0011
229 155 0.0012
3 156 0.0032
4 156 0.0041
6 156 0.0028
2 157 0.1332
4 157 0.0336
158 157 0.0711
19 158 0.0064
22 158 0.0494
157 158 0.0711
3 159 0.0431
160 159 0.0115
1101 159 0.078
159 160 0.0115
8 161 0.0073
162 161 0.0041
697 161 0.0009
10 162 0.0033
161 162 0.0041
163 162 0.021
162 163 0.021
164 163 0.0612
694 163 0.0011
10 164 0.0012
163 164 0.0612
165 164 0.0011
173 164 0.0009
164 165 0.0011
166 165 0.002
175 165 0.0225
165 166 0.002
167 166 0.0192
175 166 0.1499
166 167 0.0192
168 167 0.0157
190 167 0.0038
1095 167 0.0018
167 168 0.0157
170 168 0.0186
189 168 0.0415
1095 168 0.0333
145 169 0.0139
170 169 0.0013
1095 169 0.0627
168 170 0.0186
169 170 0.0013
171 170 0.0024
189 170 0.1111
939 170 0.0006
170 171 0.0024
172 171 0.0071
180 171 0.0016
171 172 0.0071
177 172 0.0018
183 172 0.0069
186 172 0.0099
187 172 0.005
164 173 0.0009
174 173 0.0011
202 173 0.0062
173 174 0.0011
192 174 0.0142
197 174 0.0033
201 174 0.0675
165 175 0.0225
166 175 0.1499
176 175 0.0047
175 176 0.0047
192 176 0.0134
938 176 0.0012
172 177 0.0018
186 177 0.0034
188 177 0.0014
207 177 0.0002
938 177 0.0047
146 178 0.0011
179 178 0.013
209 178 0.0031
229 178 0.0048
145 179 0.0052
178 179 0.013
208 179 0.0021
171 180 0.0016
181 180 0.0031
763 180 0.0046
180 181 0.0031
182 181 0.0014
761 181 0.0015
762 181 0.0007
181 182 0.0014
172 183 0.0069
184 183 0.0105
185 183 0.0229
183 184 0.0105
759 184 0.048
762 184 0.0021
183 185 0.0229
757 185 0.009
758 185 0.0155
172 186 0.0099
177 186 0.0034
755 186 0.0007
172 187 0.005
177 188 0.0014
754 188 0.0032
928 188 0.001
168 189 0.0415
170 189 0.1111
190 189 0.0029
167 190 0.0038
189 190 0.0029
191 190 0.0047
190 191 0.0047
174 192 0.0142
176 192 0.0134
193 192 0.0016
197 192 0.0019
207 192 0.0009
192 193 0.0016
194 193 0.0014
198 193 0.0006
937 193 0.0027
193 194 0.0014
195 194 0.0031
200 194 0.003
194 195 0.0031
196 195 0.0109
754 195 0.001
195 196 0.0109
174 197 0.0033
192 197 0.0019
937 197 0.0025
193 198 0.0006
752 198 0.0043
924 198 0.0025
937 198 0.0055
1553 199 0.0033
194 200 0.003
174 201 0.0675
203 201 0.0005
206 201 0.0012
173 202 0.0062
201 203 0.0005
204 203 0.0012
205 203 0.001
203 204 0.0012
203 205 0.001
201 206 0.0012
177 207 0.0002
192 207 0.0009
938 207 0.015
179 208 0.0021
178 209 0.0031
210 209 0.0046
227 209 0.0019
209 210 0.0046
211 210 0.0111
216 210 0.0069
210 211 0.0111
212 211 0.0137
219 211 0.0625
211 212 0.0137
213 212 0.0181
215 212 0.0225
219 212 0.0159
212 213 0.0181
214 213 0.02
215 213 0.0582
213 214 0.02
215 214 0.0346
765 214 0.0593
947 214 0.0145
212 215 0.0225
213 215 0.0582
214 215 0.0346
764 215 0.0119
210 216 0.0069
217 216 0.0078
227 216 0.0022
216 217 0.0078
218 217 0.0195
342 217 0.0052
217 218 0.0195
240 218 0.0961
948 218 0.1256
211 219 0.0625
212 219 0.0159
220 219 0.008
221 219 0.0153
769 219 0.0029
948 219 0.0348
949 219 0.0042
219 220 0.008
766 220 0.0086
1128 220 0.0023
219 221 0.0153
125 222 0.0138
155 222 0.0011
223 222 0.0075
222 223 0.0075
224 223 0.0069
228 223 0.0084
234 223 0.0023
223 224 0.0069
225 224 0.0064
230 224 0.0051
234 224 0.0096
224 225 0.0064
226 225 0.0157
230 225 0.0029
225 226 0.0157
227 226 0.0116
232 226 0.0034
209 227 0.0019
216 227 0.0022
226 227 0.0116
342 227 0.0009
223 228 0.0084
155 229 0.0012
178 229 0.0048
230 229 0.0006
224 230 0.0051
225 230 0.0029
229 230 0.0006
127 231 0.0472
232 231 0.0532
234 231 0.0265
226 232 0.0034
231 232 0.0532
233 232 0.1165
255 232 0.1161
342 232 0.0031
232 233 0.1165
235 233 0.2019
240 233 0.0116
223 234 0.0023
224 234 0.0096
231 234 0.0265
233 235 0.2019
245 235 0.007
341 235 0.0761
1259 235 0.0347
237 236 0.0445
239 236 0.0091
1259 236 0.0152
236 237 0.0445
238 237 0.0407
773 237 0.0304
237 238 0.0407
770 238 0.0041
771 238 0.0593
236 239 0.0091
770 239 0.0011
955 239 0.0016
218 240 0.0961
233 240 0.0116
241 240 0.0244
342 240 0.0027
1259 240 0.0381
240 241 0.0244
242 241 0.003
243 241 0.0105
244 241 0.0123
948 241 0.0985
241 242 0.003
241 243 0.0105
241 244 0.0123
235 245 0.007
246 245 0.0058
252 245 0.003
245 246 0.0058
247 246 0.0062
248 246 0.0035
246 247 0.0062
246 248 0.0035
250 249 0.0128
252 249 0.0007
341 249 0.0127
249 250 0.0128
251 250 0.0207
776 250 0.0007
250 251 0.0207
777 251 0.0523
780 251 0.0178
245 252 0.003
249 252 0.0007
253 252 0.0021
252 253 0.0021
254 253 0.0116
775 253 0.0047
253 254 0.0116
232 255 0.1161
256 255 0.001
258 255 0.0011
128 256 0.0279
255 256 0.001
257 256 0.0009
256 257 0.0009
258 257 0.0034
341 257 0.0005
255 258 0.0011
257 258 0.0034
259 258 0.0024
258 259 0.0024
126 260 0.0013
130 260 0.0004
261 260 0.0019
262 260 0.0038
126 261 0.0366
260 261 0.0019
262 261 0.004
260 262 0.0038
261 262 0.004
263 262 0.0119
262 263 0.0119
264 263 0.0038
265 263 0.0033
129 264 0.0038
130 264 0.0004
263 264 0.0038
292 264 0.0069
263 265 0.0033
277 265 0.0242
292 265 0.0039
129 266 0.0027
13 267 0.0276
268 267 0.0284
269 267 0.0131
267 268 0.0284
118 269 0.0177
267 269 0.0131
272 269 0.0025
274 269 0.0488
14 270 0.0227
15 270 0.2625
17 270 0.0244
109 270 0.0607
124 271 0.0022
12 272 0.021
13 272 0.0317
269 272 0.0025
273 272 0.0415
17 273 0.0713
18 273 0.0759
272 273 0.0415
269 274 0.0488
275 274 0.0472
293 274 0.0026
274 275 0.0472
276 275 0.0207
282 275 0.0118
275 276 0.0207
277 276 0.1095
282 276 0.0016
265 277 0.0242
276 277 0.1095
278 277 0.0051
281 277 0.0013
289 277 0.0473
277 278 0.0051
279 278 0.0042
281 278 0.0022
278 279 0.0042
280 279 0.0106
281 279 0.0037
288 279 0.0025
279 280 0.0106
788 280 0.0216
796 280 0.006
277 281 0.0013
278 281 0.0022
279 281 0.0037
285 281 0.0018
275 282 0.0118
276 282 0.0016
283 282 0.0223
294 282 0.0265
282 283 0.0223
284 283 0.0082
285 283 0.0072
294 283 0.067
283 284 0.0082
302 284 0.0035
789 284 0.0012
281 285 0.0018
283 285 0.0072
286 285 0.0031
285 286 0.0031
287 286 0.0092
288 286 0.006
286 287 0.0092
288 287 0.0142
796 287 0.0023
279 288 0.0025
286 288 0.006
287 288 0.0142
277 289 0.0473
290 289 0.0195
292 289 0.0256
289 290 0.0195
291 290 0.0661
788 290 0.0482
290 291 0.0661
780 291 0.0141
784 291 0.0501
264 292 0.0069
265 292 0.0039
289 292 0.0256
274 293 0.0026
294 293 0.005
295 293 0.0067
282 294 0.0265
283 294 0.067
293 294 0.005
296 294 0.0063
120 295 0.007
293 295 0.0067
296 295 0.0151
122 296 0.0203
294 296 0.0063
295 296 0.0151
119 297 0.0071
298 297 0.0034
299 297 0.002
297 298 0.0034
297 299 0.002
113 300 0.0097
121 300 0.0212
301 300 0.0042
113 301 0.0586
300 301 0.0042
302 301 0.0094
303 301 0.0472
335 301 0.0022
284 302 0.0035
301 302 0.0094
343 302 0.0078
797 302 0.032
301 303 0.0472
304 303 0.0248
1111 303 0.0344
303 304 0.0248
305 304 0.0011
333 304 0.0284
343 304 0.0029
304 305 0.0011
343 305 0.0009
1109 305 0.0004
114 306 0.0325
307 306 0.0542
353 306 0.0289
306 307 0.0542
308 307 0.0816
354 307 0.0422
307 308 0.0816
309 308 0.0894
314 308 0.0071
116 309 0.1754
308 309 0.0894
310 309 0.0214
309 310 0.0214
311 310 0.0171
347 310 0.0458
310 311 0.0171
312 311 0.0044
316 311 0.0673
117 312 0.0053
311 312 0.0044
313 312 0.0182
117 313 0.0137
312 313 0.0182
329 313 0.0032
346 313 0.0057
308 314 0.0071
315 314 0.0054
354 314 0.0073
314 315 0.0054
311 316 0.0673
317 316 0.0682
347 316 0.0602
357 316 0.1167
363 316 0.0087
316 317 0.0682
318 317 0.0117
325 317 0.0181
317 318 0.0117
319 318 0.0137
366 318 0.0098
318 319 0.0137
320 319 0.0454
365 319 0.0185
366 319 0.0124
319 320 0.0454
321 320 0.0257
322 320 0.054
320 321 0.0257
320 322 0.054
323 322 0.0186
324 322 0.0411
322 323 0.0186
322 324 0.0411
325 324 0.0126
1108 324 0.0123
317 325 0.0181
324 325 0.0126
326 325 0.0193
711 325 0.0295
325 326 0.0193
805 326 0.2285
807 326 0.0774
116 327 0.0944
328 327 0.0332
335 327 0.0014
327 328 0.0332
329 328 0.0604
335 328 0.0023
313 329 0.0032
328 329 0.0604
330 329 0.0721
329 330 0.0721
331 330 0.0541
344 330 0.0004
330 331 0.0541
332 331 0.0854
1002 331 0.0325
331 332 0.0854
802 332 0.0083
811 332 0.0035
1002 332 0.1207
304 333 0.0284
334 333 0.0341
1111 333 0.1665
333 334 0.0341
799 334 0.0976
997 334 0.0185
1002 334 0.0454
301 335 0.0022
327 335 0.0014
328 335 0.0023
1111 335 0.0124
111 336 0.0099
112 336 0.0077
115 336 0.0124
337 336 0.0032
112 337 0.0029
336 337 0.0032
338 337 0.0033
112 338 0.0068
337 338 0.0033
339 338 0.0083
338 339 0.0083
17 340 0.0174
235 341 0.0761
249 341 0.0127
257 341 0.0005
217 342 0.0052
227 342 0.0009
232 342 0.0031
240 342 0.0027
302 343 0.0078
304 343 0.0029
305 343 0.0009
330 344 0.0004
346 344 0.0011
811 344 0.0118
110 345 0.0015
313 346 0.0057
344 346 0.0011
710 346 0.0074
310 347 0.0458
316 347 0.0602
348 347 0.0142
357 347 0.0485
347 348 0.0142
349 348 0.104
357 348 0.0299
1104 348 0.043
1106 348 0.0063
348 349 0.104
350 349 0.0014
351 349 0.0013
349 350 0.0014
349 351 0.0013
104 352 0.0036
14 353 0.007
306 353 0.0289
354 353 0.0038
307 354 0.0422
314 354 0.0073
353 354 0.0038
103 355 0.0082
108 355 0.0114
356 355 0.007
370 355 0.0049
106 356 0.0084
107 356 0.0009
355 356 0.007
370 356 0.0011
316 357 0.1167
347 357 0.0485
348 357 0.0299
358 357 0.0063
357 358 0.0063
359 358 0.0141
364 358 0.0089
358 359 0.0141
360 359 0.0133
361 359 0.001
362 359 0.0048
359 360 0.0133
361 360 0.0059
395 360 0.0112
1105 360 0.0078
359 361 0.001
360 361 0.0059
393 361 0.0114
394 361 0.0026
395 361 0.0198
359 362 0.0048
365 362 0.0201
815 362 0.0344
1108 362 0.0019
316 363 0.0087
364 363 0.0029
366 363 0.0019
358 364 0.0089
363 364 0.0029
365 364 0.005
319 365 0.0185
362 365 0.0201
364 365 0.005
367 365 0.0195
318 366 0.0098
319 366 0.0124
363 366 0.0019
365 367 0.0195
102 368 0.0087
369 368 0.0067
372 368 0.0049
373 368 0.006
368 369 0.0067
102 370 0.0005
355 370 0.0049
356 370 0.0011
373 370 0.0027
97 371 0.0111
101 371 0.0087
372 371 0.0008
373 371 0.0009
102 372 0.0095
368 372 0.0049
371 372 0.0008
368 373 0.006
370 373 0.0027
371 373 0.0009
97 374 0.0656
375 374 0.0138
386 374 0.0142
374 375 0.0138
376 375 0.0053
386 375 0.0263
375 376 0.0053
377 376 0.0137
406 376 0.0242
376 377 0.0137
378 377 0.0705
387 377 0.0021
377 378 0.0705
379 378 0.0058
398 378 0.0372
399 378 0.0104
378 379 0.0058
380 379 0.009
383 379 0.0016
404 379 0.004
379 380 0.009
381 380 0.0104
424 380 0.0188
380 381 0.0104
382 381 0.0139
383 381 0.0034
385 381 0.0108
822 381 0.003
381 382 0.0139
818 382 0.0066
1260 382 0.0065
1261 382 0.0106
379 383 0.0016
381 383 0.0034
384 383 0.0018
383 384 0.0018
381 385 0.0108
818 385 0.0104
819 385 0.033
374 386 0.0142
375 386 0.0263
387 386 0.0267
396 386 0.0153
377 387 0.0021
386 387 0.0267
388 387 0.0117
396 387 0.0357
387 388 0.0117
389 388 0.0082
396 388 0.0413
1104 388 0.005
388 389 0.0082
390 389 0.006
398 389 0.0102
389 390 0.006
391 390 0.0028
1104 390 0.0026
390 391 0.0028
392 391 0.013
398 391 0.0266
812 391 0.0057
1107 391 0.0046
391 392 0.013
393 392 0.0199
395 392 0.0219
1105 392 0.0278
361 393 0.0114
392 393 0.0199
394 393 0.0073
361 394 0.0026
393 394 0.0073
813 394 0.0392
360 395 0.0112
361 395 0.0198
392 395 0.0219
1105 395 0.016
386 396 0.0153
387 396 0.0357
388 396 0.0413
97 397 0.0394
378 398 0.0372
389 398 0.0102
391 398 0.0266
378 399 0.0104
400 399 0.0044
401 399 0.0027
399 400 0.0044
401 400 0.0035
816 400 0.0055
817 400 0.0033
399 401 0.0027
400 401 0.0035
402 401 0.0008
401 402 0.0008
100 403 0.0062
404 403 0.0025
411 403 0.0027
379 404 0.004
403 404 0.0025
405 404 0.0033
404 405 0.0033
98 406 0.0442
99 406 0.0799
376 406 0.0242
94 407 0.0292
100 407 0.005
408 407 0.0142
407 408 0.0142
409 408 0.0145
429 408 0.006
408 409 0.0145
410 409 0.0099
438 409 0.0074
409 410 0.0099
403 411 0.0027
412 411 0.012
424 411 0.0032
411 412 0.012
413 412 0.0663
414 412 0.0145
415 412 0.0142
412 413 0.0663
417 413 0.034
826 413 0.0086
412 414 0.0145
418 414 0.0217
419 414 0.0253
412 415 0.0142
416 415 0.0421
421 415 0.0036
415 416 0.0421
417 416 0.0226
831 416 0.0227
833 416 0.0253
413 417 0.034
416 417 0.0226
831 417 0.0019
414 418 0.0217
820 418 0.1222
823 418 0.0209
414 419 0.0253
421 420 0.0083
415 421 0.0036
420 421 0.0083
422 421 0.0035
421 422 0.0035
423 422 0.0074
833 422 0.0011
422 423 0.0074
380 424 0.0188
411 424 0.0032
425 424 0.0425
424 425 0.0425
426 425 0.0293
427 425 0.0192
425 426 0.0293
425 427 0.0192
94 428 0.0011
408 429 0.006
91 430 0.0047
431 430 0.0035
433 430 0.0056
430 431 0.0035
432 431 0.0058
844 431 0.0012
431 432 0.0058
835 432 0.022
836 432 0.0177
838 432 0.0192
430 433 0.0056
434 433 0.0428
841 433 0.0021
845 433 0.0029
433 434 0.0428
435 434 0.0037
436 434 0.0066
434 435 0.0037
434 436 0.0066
437 436 0.0084
847 436 0.0209
436 437 0.0084
409 438 0.0074
91 439 0.0179
90 440 0.0166
441 440 0.01
853 440 0.0008
440 441 0.01
442 441 0.0093
848 441 0.0022
441 442 0.0093
850 442 0.0024
851 442 0.005
852 442 0.0014
90 443 0.0017
88 444 0.0003
83 445 0.0031
446 445 0.0006
447 445 0.0115
450 445 0.0025
445 446 0.0006
445 447 0.0115
448 447 0.0039
450 447 0.0018
447 448 0.0039
449 448 0.0069
854 448 0.0052
855 448 0.0056
448 449 0.0069
854 449 0.0009
1063 449 0.0027
445 450 0.0025
447 450 0.0018
857 450 0.0007
83 451 0.0094
452 451 0.0223
453 451 0.0033
451 452 0.0223
464 452 0.0047
858 452 0.0005
451 453 0.0033
80 454 0.0108
84 454 0.0064
455 454 0.0075
454 455 0.0075
459 455 0.0129
1548 455 0.0125
81 456 0.0248
457 456 0.0066
463 456 0.0026
480 456 0.0008
484 456 0.005
456 457 0.0066
458 457 0.0085
486 457 0.0004
457 458 0.0085
473 458 0.0258
476 458 0.0017
455 459 0.0129
460 459 0.0056
467 459 0.0014
459 460 0.0056
461 460 0.0273
464 460 0.0017
460 461 0.0273
467 461 0.0013
868 461 0.0373
468 462 0.0121
469 462 0.0095
868 462 0.0102
456 463 0.0026
471 463 0.004
477 463 0.0109
452 464 0.0047
460 464 0.0017
465 464 0.0082
466 464 0.0031
698 464 0.0027
868 464 0.0139
464 465 0.0082
466 465 0.0137
864 465 0.0004
464 466 0.0031
465 466 0.0137
698 466 0.01
863 466 0.005
864 466 0.003
459 467 0.0014
461 467 0.0013
468 467 0.0015
462 468 0.0121
467 468 0.0015
469 468 0.0055
462 469 0.0095
468 469 0.0055
470 469 0.0347
469 470 0.0347
864 470 0.0046
1070 470 0.0048
463 471 0.004
472 471 0.0028
869 471 0.0041
471 472 0.0028
458 473 0.0258
474 473 0.026
482 473 0.0011
473 474 0.026
475 474 0.0006
483 474 0.0013
474 475 0.0006
458 476 0.0017
463 477 0.0109
71 478 0.0733
74 478 0.0145
479 478 0.0442
72 479 0.0521
74 479 0.0196
478 479 0.0442
72 480 0.0481
74 480 0.0032
456 480 0.0008
481 480 0.0011
480 481 0.0011
473 482 0.0011
474 483 0.0013
456 484 0.005
69 485 0.0093
486 485 0.0026
488 485 0.0158
457 486 0.0004
485 486 0.0026
487 486 0.0035
486 487 0.0035
485 488 0.0158
489 488 0.001
496 488 0.0157
488 489 0.001
66 490 0.0108
491 490 0.0106
492 490 0.0043
712 490 0.0016
490 491 0.0106
492 491 0.0159
496 491 0.0008
490 492 0.0043
491 492 0.0159
493 492 0.009
509 492 0.0066
492 493 0.009
494 493 0.0064
498 493 0.0033
493 494 0.0064
495 494 0.0023
498 494 0.0012
494 495 0.0023
504 495 0.0007
505 495 0.0022
512 495 0.0004
488 496 0.0157
491 496 0.0008
497 496 0.0219
496 497 0.0219
499 497 0.0003
500 497 0.0077
503 497 0.0084
59 498 0.0062
493 498 0.0033
494 498 0.0012
497 499 0.0003
497 500 0.0077
501 500 0.0096
510 500 0.0093
500 501 0.0096
502 501 0.0058
873 501 0.0003
501 502 0.0058
514 502 0.001
870 502 0.0006
497 503 0.0084
504 503 0.0003
505 503 0.0008
495 504 0.0007
503 504 0.0003
505 504 0.0025
514 504 0.0007
495 505 0.0022
503 505 0.0008
504 505 0.0025
59 506 0.1559
63 506 0.0278
507 506 0.0068
506 507 0.0068
508 507 0.0013
545 507 0.0071
507 508 0.0013
511 508 0.0028
519 508 0.0049
521 508 0.0055
545 508 0.0189
492 509 0.0066
500 510 0.0093
508 511 0.0028
512 511 0.0007
519 511 0.0066
495 512 0.0004
511 512 0.0007
513 512 0.0014
517 512 0.0047
518 512 0.0117
520 512 0.0312
512 513 0.0014
514 513 0.0008
517 513 0.0012
502 514 0.001
504 514 0.0007
513 514 0.0008
515 514 0.0016
514 515 0.0016
516 515 0.0017
872 515 0.0005
515 516 0.0017
517 516 0.0026
518 516 0.0185
525 516 0.0002
874 516 0.0011
512 517 0.0047
513 517 0.0012
516 517 0.0026
512 518 0.0117
516 518 0.0185
520 518 0.0105
508 519 0.0049
511 519 0.0066
520 519 0.0103
512 520 0.0312
518 520 0.0105
519 520 0.0103
508 521 0.0055
522 521 0.0124
524 521 0.0051
521 522 0.0124
523 522 0.0027
524 522 0.0087
522 523 0.0027
524 523 0.0007
526 523 0.0155
528 523 0.006
521 524 0.0051
522 524 0.0087
523 524 0.0007
526 524 0.0009
532 524 0.0012
516 525 0.0002
529 525 0.0174
877 525 0.0025
878 525 0.004
523 526 0.0155
524 526 0.0009
527 526 0.0048
531 526 0.0003
883 526 0.001
526 527 0.0048
535 527 0.0005
883 527 0.0021
523 528 0.006
529 528 0.0018
530 528 0.0009
880 528 0.0005
525 529 0.0174
528 529 0.0018
878 529 0.007
879 529 0.0049
528 530 0.0009
526 531 0.0003
880 531 0.0118
883 531 0.0194
1079 531 0.0039
524 532 0.0012
533 532 0.0014
534 532 0.0007
535 532 0.0014
888 532 0.0011
532 533 0.0014
891 533 0.0104
895 533 0.0124
532 534 0.0007
527 535 0.0005
532 535 0.0014
885 535 0.0269
63 536 0.059
537 536 0.0343
542 536 0.019
545 536 0.0525
536 537 0.0343
545 537 0.0589
546 537 0.0154
64 538 0.0026
61 539 0.0151
540 539 0.002
541 539 0.0015
539 540 0.002
539 541 0.0015
536 542 0.019
543 542 0.0057
544 542 0.0034
542 543 0.0057
701 543 0.0018
702 543 0.0017
542 544 0.0034
546 544 0.0087
547 544 0.0058
701 544 0.0253
507 545 0.0071
508 545 0.0189
536 545 0.0525
537 545 0.0589
546 545 0.013
537 546 0.0154
544 546 0.0087
545 546 0.013
699 546 0.0004
544 547 0.0058
549 547 0.003
550 547 0.0161
64 548 0.0043
549 548 0.0003
561 548 0.0009
547 549 0.003
548 549 0.0003
550 549 0.0099
701 549 0.0009
547 550 0.0161
549 550 0.0099
551 550 0.0189
550 551 0.0189
552 551 0.0049
556 551 0.0008
568 551 0.0084
551 552 0.0049
558 552 0.0247
898 552 0.0016
56 553 0.0021
554 553 0.0032
555 553 0.0029
560 553 0.0078
553 554 0.0032
553 555 0.0029
551 556 0.0008
1083 557 0.0004
552 558 0.0247
559 558 0.0079
896 558 0.0033
1083 558 0.0025
558 559 0.0079
895 559 0.0076
896 559 0.0056
50 560 0.0186
553 560 0.0078
561 560 0.0198
548 561 0.0009
560 561 0.0198
562 561 0.0178
703 561 0.0051
561 562 0.0178
563 562 0.0052
565 562 0.0015
562 563 0.0052
564 563 0.0062
573 563 0.0014
563 564 0.0062
562 565 0.0015
566 565 0.0018
567 565 0.0015
565 566 0.0018
565 567 0.0015
551 568 0.0084
570 569 0.0072
573 569 0.0057
700 569 0.0031
569 570 0.0072
571 570 0.0076
1084 570 0.0014
570 571 0.0076
572 571 0.0054
897 571 0.0037
571 572 0.0054
579 572 0.0007
700 572 0.0027
563 573 0.0014
569 573 0.0057
577 573 0.0026
48 574 0.0252
575 574 0.0091
603 574 0.0097
1088 574 0.0038
574 575 0.0091
576 575 0.006
586 575 0.0066
604 575 0.0019
575 576 0.006
577 576 0.0051
581 576 0.0024
595 576 0.0006
573 577 0.0026
576 577 0.0051
578 577 0.0079
577 578 0.0079
579 578 0.0039
700 578 0.0017
572 579 0.0007
578 579 0.0039
580 579 0.0016
579 580 0.0016
576 581 0.0024
582 581 0.0025
583 581 0.0008
581 582 0.0025
581 583 0.0008
584 583 0.0015
585 583 0.001
583 584 0.0015
583 585 0.001
575 586 0.0066
587 586 0.0014
605 586 0.001
586 587 0.0014
588 587 0.0022
591 587 0.0013
587 588 0.0022
589 588 0.0016
590 588 0.0011
588 589 0.0016
588 590 0.0011
587 591 0.0013
592 591 0.0008
593 591 0.0006
591 592 0.0008
591 593 0.0006
50 594 0.0052
595 594 0.0011
597 594 0.0006
599 594 0.002
576 595 0.0006
594 595 0.0011
596 595 0.0005
595 596 0.0005
594 597 0.0006
49 598 0.0183
599 598 0.0028
602 598 0.0035
594 599 0.002
598 599 0.0028
600 599 0.0084
599 600 0.0084
601 600 0.001
607 600 0.0006
600 601 0.001
598 602 0.0035
574 603 0.0097
604 603 0.0009
615 603 0.0027
616 603 0.001
575 604 0.0019
603 604 0.0009
605 604 0.0026
586 605 0.001
604 605 0.0026
606 605 0.0003
605 606 0.0003
600 607 0.0006
45 608 0.001
609 608 0.0017
611 608 0.0009
608 609 0.0017
610 609 0.0091
613 609 0.0064
609 610 0.0091
608 611 0.0009
45 612 0.001
46 612 0.0332
613 612 0.0228
617 612 0.007
609 613 0.0064
612 613 0.0228
614 613 0.0465
48 614 0.0007
613 614 0.0465
1087 614 0.0146
1088 614 0.0109
603 615 0.0027
603 616 0.001
46 617 0.0052
612 617 0.007
618 617 0.0055
900 617 0.001
617 618 0.0055
619 618 0.0102
622 618 0.0042
618 619 0.0102
620 619 0.0023
622 619 0.0059
624 619 0.0025
630 619 0.003
619 620 0.0023
621 620 0.0064
629 620 0.0004
620 621 0.0064
618 622 0.0042
619 622 0.0059
623 622 0.0017
622 623 0.0017
619 624 0.0025
42 625 0.024
626 625 0.1032
641 625 0.0266
625 626 0.1032
627 626 0.0239
632 626 0.0061
626 627 0.0239
628 627 0.033
630 627 0.0047
900 627 0.0014
627 628 0.033
629 628 0.0408
631 628 0.0027
901 628 0.0084
620 629 0.0004
628 629 0.0408
630 629 0.0041
619 630 0.003
627 630 0.0047
629 630 0.0041
628 631 0.0027
626 632 0.0061
633 632 0.0029
901 632 0.0051
632 633 0.0029
634 633 0.0064
901 633 0.0052
633 634 0.0064
635 634 0.0057
644 634 0.0006
634 635 0.0057
636 635 0.0009
639 635 0.0007
635 636 0.0009
637 636 0.001
639 636 0.0036
636 637 0.001
900 638 0.0025
635 639 0.0007
636 639 0.0036
640 639 0.0016
639 640 0.0016
625 641 0.0266
642 641 0.0013
643 641 0.0006
641 642 0.0013
651 642 0.0043
720 642 0.0015
641 643 0.0006
634 644 0.0006
40 645 0.0003
646 645 0.0012
648 645 0.006
39 646 0.0057
645 646 0.0012
647 646 0.0007
1257 646 0.0106
646 647 0.0007
645 648 0.006
42 649 0.0013
650 649 0.0326
1549 649 0.0024
649 650 0.0326
651 650 0.0003
1549 650 0.0014
642 651 0.0043
650 651 0.0003
652 651 0.0008
724 651 0.0012
651 652 0.0008
654 653 0.0199
657 653 0.0029
668 653 0.0073
736 653 0.001
1549 653 0.0517
653 654 0.0199
726 654 0.0181
733 654 0.0082
31 655 0.005
38 655 0.0007
656 655 0.0491
674 655 0.0013
1257 655 0.0476
31 656 0.0041
655 656 0.0491
657 656 0.0028
653 657 0.0029
656 657 0.0028
1089 657 0.0709
1092 657 0.0038
1257 658 0.001
32 659 0.0069
660 659 0.0183
663 659 0.0327
659 660 0.0183
661 660 0.0101
663 660 0.0078
660 661 0.0101
662 661 0.0041
1093 661 0.0304
661 662 0.0041
668 662 0.0026
676 662 0.0003
742 662 0.0006
1092 662 0.014
33 663 0.0087
659 663 0.0327
660 663 0.0078
664 663 0.0011
663 664 0.0011
665 664 0.0054
669 664 0.0025
664 665 0.0054
666 665 0.0016
743 665 0.0006
665 666 0.0016
667 666 0.0026
678 666 0.0017
666 667 0.0026
683 667 0.0018
684 667 0.0036
653 668 0.0073
662 668 0.0026
1092 668 0.0067
664 669 0.0025
671 670 0.0035
681 670 0.0008
1256 670 0.0012
25 671 0.0015
670 671 0.0035
672 671 0.0033
671 672 0.0033
33 673 0.0017
655 674 0.0013
680 675 0.0033
735 675 0.0147
738 675 0.0236
739 675 0.0041
741 675 0.0168
743 675 0.0019
917 675 0.0191
662 676 0.0003
677 676 0.0012
740 676 0.0009
676 677 0.0012
735 677 0.0108
740 677 0.0028
666 678 0.0017
679 678 0.0019
680 678 0.0018
678 679 0.0019
744 679 0.0046
749 679 0.0011
675 680 0.0033
678 680 0.0018
743 680 0.0036
744 680 0.0102
670 681 0.0008
682 681 0.0033
692 681 0.0018
681 682 0.0033
683 682 0.0018
688 682 0.0019
667 683 0.0018
682 683 0.0018
684 683 0.0012
667 684 0.0036
683 684 0.0012
685 684 0.0021
684 685 0.0021
686 685 0.002
749 685 0.0035
685 686 0.002
747 686 0.0082
749 686 0.0046
753 687 0.0011
682 688 0.0019
25 689 0.0004
26 690 0.0004
26 691 0.0007
27 692 0.0109
681 692 0.0018
693 692 0.0039
692 693 0.0039
27 694 0.0006
163 694 0.0011
695 694 0.0002
751 694 0.0002
694 695 0.0002
696 695 0.0008
745 695 0.0016
1094 695 0.0017
695 696 0.0008
750 696 0.0051
751 696 0.0015
161 697 0.0009
464 698 0.0027
466 698 0.01
859 698 0.0034
546 699 0.0004
569 700 0.0031
572 700 0.0027
578 700 0.0017
543 701 0.0018
544 701 0.0253
549 701 0.0009
543 702 0.0017
561 703 0.0051
704 703 0.0064
705 703 0.0017
703 704 0.0064
703 705 0.0017
53 706 0.0038
56 707 0.0007
60 707 0.0009
708 707 0.002
707 708 0.002
51 709 0.0014
346 710 0.0074
711 710 0.0188
810 710 0.0017
325 711 0.0295
710 711 0.0188
809 711 0.0616
490 712 0.0016
58 713 0.0012
43 714 0.0139
45 714 0.0033
47 714 0.0088
1 715 0.0114
51 715 0.0075
716 715 0.0069
715 716 0.0069
717 716 0.0016
718 716 0.0024
716 717 0.0016
716 718 0.0024
30 719 0.0073
642 720 0.0015
721 720 0.0015
722 720 0.0011
723 720 0.0016
720 721 0.0015
720 722 0.0011
902 722 0.0147
905 722 0.0111
720 723 0.0016
651 724 0.0012
725 724 0.0097
905 724 0.0015
724 725 0.0097
654 726 0.0181
727 726 0.0243
728 726 0.0345
732 726 0.0156
726 727 0.0243
726 728 0.0345
729 728 0.1356
910 728 0.024
728 729 0.1356
730 729 0.0305
731 729 0.0131
729 730 0.0305
907 730 0.0173
909 730 0.0162
729 731 0.0131
905 731 0.0071
906 731 0.0224
726 732 0.0156
734 732 0.0086
912 732 0.0158
654 733 0.0082
734 733 0.0322
737 733 0.021
732 734 0.0086
733 734 0.0322
915 734 0.0253
1120 734 0.0117
675 735 0.0147
677 735 0.0108
736 735 0.0045
737 735 0.0284
653 736 0.001
735 736 0.0045
737 736 0.0084
733 737 0.021
735 737 0.0284
736 737 0.0084
916 737 0.046
675 738 0.0236
675 739 0.0041
676 740 0.0009
677 740 0.0028
741 740 0.0009
675 741 0.0168
740 741 0.0009
742 741 0.001
662 742 0.0006
741 742 0.001
743 742 0.0064
665 743 0.0006
675 743 0.0019
680 743 0.0036
742 743 0.0064
679 744 0.0046
680 744 0.0102
749 744 0.0012
918 744 0.004
695 745 0.0016
746 745 0.011
921 745 0.0029
922 745 0.0008
1258 745 0.0012
745 746 0.011
686 747 0.0082
748 747 0.0086
920 747 0.0016
747 748 0.0086
918 748 0.0035
919 748 0.0219
679 749 0.0011
685 749 0.0035
686 749 0.0046
744 749 0.0012
696 750 0.0051
751 750 0.0006
923 750 0.0025
694 751 0.0002
696 751 0.0015
750 751 0.0006
927 751 0.0034
1553 751 0.0021
198 752 0.0043
687 753 0.0011
188 754 0.0032
195 754 0.001
928 754 0.0013
186 755 0.0007
756 755 0.0039
757 755 0.0086
930 755 0.002
755 756 0.0039
929 756 0.003
936 756 0.0022
185 757 0.009
755 757 0.0086
758 757 0.0082
931 757 0.0026
1339 757 0.0012
185 758 0.0155
757 758 0.0082
931 758 0.0007
933 758 0.0003
184 759 0.048
760 759 0.0175
761 759 0.0078
933 759 0.0021
759 760 0.0175
941 760 0.0036
942 760 0.0038
181 761 0.0015
759 761 0.0078
762 761 0.0025
763 761 0.021
942 761 0.0107
181 762 0.0007
184 762 0.0021
761 762 0.0025
180 763 0.0046
761 763 0.021
764 763 0.0215
215 764 0.0119
763 764 0.0215
940 764 0.0023
214 765 0.0593
946 765 0.0107
947 765 0.0118
1128 765 0.0017
220 766 0.0086
767 766 0.009
768 766 0.0035
766 767 0.009
766 768 0.0035
219 769 0.0029
949 769 0.0176
951 769 0.0075
953 769 0.008
238 770 0.0041
239 770 0.0011
955 770 0.007
238 771 0.0593
772 771 0.0098
957 771 0.0013
771 772 0.0098
955 772 0.0015
956 772 0.0033
237 773 0.0304
774 773 0.0361
775 773 0.0024
959 773 0.0122
773 774 0.0361
965 774 0.0117
972 774 0.003
253 775 0.0047
773 775 0.0024
776 775 0.0018
250 776 0.0007
775 776 0.0018
970 776 0.0014
251 777 0.0523
778 777 0.0231
779 777 0.036
970 777 0.0121
981 777 0.0142
777 778 0.0231
777 779 0.036
972 779 0.1735
973 779 0.0435
977 779 0.041
251 780 0.0178
291 780 0.0141
781 780 0.0082
782 780 0.0154
783 780 0.0146
986 780 0.0059
995 780 0.0039
780 781 0.0082
780 782 0.0154
780 783 0.0146
784 783 0.0061
787 783 0.0041
291 784 0.0501
783 784 0.0061
785 784 0.0402
784 785 0.0402
786 785 0.0262
787 785 0.0354
788 785 0.0337
991 785 0.0049
785 786 0.0262
783 787 0.0041
785 787 0.0354
986 787 0.0321
280 788 0.0216
290 788 0.0482
785 788 0.0337
793 788 0.0454
284 789 0.0012
790 789 0.0051
791 789 0.0142
792 789 0.0101
789 790 0.0051
789 791 0.0142
789 792 0.0101
788 793 0.0454
794 793 0.0125
795 793 0.0077
796 793 0.0008
793 794 0.0125
991 794 0.0057
992 794 0.0293
994 794 0.0105
793 795 0.0077
280 796 0.006
287 796 0.0023
793 796 0.0008
302 797 0.032
798 797 0.0006
1109 797 0.0004
797 798 0.0006
334 799 0.0976
800 799 0.028
801 799 0.0062
811 799 0.0372
1007 799 0.0139
1011 799 0.008
799 800 0.028
1003 800 0.0306
1198 800 0.0067
799 801 0.0062
332 802 0.0083
803 802 0.0056
804 802 0.0101
802 803 0.0056
802 804 0.0101
326 805 0.2285
806 805 0.0072
1026 805 0.0068
1214 805 0.0042
1215 805 0.0038
805 806 0.0072
326 807 0.0774
808 807 0.053
1020 807 0.0319
807 808 0.053
711 809 0.0616
810 809 0.0068
1019 809 0.0012
710 810 0.0017
809 810 0.0068
811 810 0.0005
332 811 0.0035
344 811 0.0118
799 811 0.0372
810 811 0.0005
391 812 0.0057
813 812 0.04
814 812 0.0371
394 813 0.0392
812 813 0.04
815 813 0.0125
812 814 0.0371
362 815 0.0344
813 815 0.0125
816 815 0.044
1108 815 0.0015
400 816 0.0055
815 816 0.044
1261 816 0.0078
400 817 0.0033
818 817 0.1239
1261 817 0.007
382 818 0.0066
385 818 0.0104
817 818 0.1239
385 819 0.033
418 820 0.1222
821 820 0.0332
1037 820 0.0038
820 821 0.0332
381 822 0.003
418 823 0.0209
824 823 0.002
825 823 0.0024
823 824 0.002
823 825 0.0024
413 826 0.0086
827 826 0.0044
828 826 0.0043
829 826 0.0317
830 826 0.0426
1030 826 0.0007
826 827 0.0044
826 828 0.0043
826 829 0.0317
1031 829 0.0046
1220 829 0.0053
826 830 0.0426
416 831 0.0227
417 831 0.0019
832 831 0.0114
834 831 0.0215
831 832 0.0114
1032 832 0.0154
1033 832 0.0054
1035 832 0.0239
416 833 0.0253
422 833 0.0011
835 833 0.0091
831 834 0.0215
432 835 0.022
833 835 0.0091
1032 835 0.0058
432 836 0.0177
837 836 0.0097
1046 836 0.0006
1242 836 0.0021
836 837 0.0097
432 838 0.0192
839 838 0.0036
840 838 0.011
1041 838 0.0008
838 839 0.0036
838 840 0.011
844 840 0.0106
1038 840 0.0014
433 841 0.0021
842 841 0.0179
843 841 0.0183
844 841 0.0076
841 842 0.0179
841 843 0.0183
431 844 0.0012
840 844 0.0106
841 844 0.0076
433 845 0.0029
846 845 0.0061
1042 845 0.0008
845 846 0.0061
1043 846 0.0124
1045 846 0.0012
436 847 0.0209
1047 847 0.0128
1048 847 0.0107
441 848 0.0022
849 848 0.0107
1050 848 0.0027
1051 848 0.0022
848 849 0.0107
1047 849 0.0094
1049 849 0.0089
442 850 0.0024
442 851 0.005
1053 851 0.0058
1056 851 0.0024
1059 851 0.0053
1062 851 0.0014
442 852 0.0014
440 853 0.0008
448 854 0.0052
449 854 0.0009
1074 854 0.0015
448 855 0.0056
856 855 0.0177
1067 855 0.005
855 856 0.0177
1064 856 0.0107
1074 856 0.0053
450 857 0.0007
858 857 0.004
1067 857 0.009
452 858 0.0005
857 858 0.004
860 858 0.0037
698 859 0.0034
860 859 0.0202
861 859 0.0058
862 859 0.0102
1068 859 0.0038
858 860 0.0037
859 860 0.0202
1067 860 0.0009
859 861 0.0058
859 862 0.0102
863 862 0.0281
866 862 0.038
1251 862 0.0044
466 863 0.005
862 863 0.0281
865 863 0.0168
465 864 0.0004
466 864 0.003
470 864 0.0046
865 864 0.0215
867 864 0.0031
863 865 0.0168
864 865 0.0215
1070 865 0.0147
1072 865 0.0258
862 866 0.038
1069 866 0.0287
1071 866 0.0378
864 867 0.0031
461 868 0.0373
462 868 0.0102
464 868 0.0139
471 869 0.0041
502 870 0.0006
871 870 0.0027
872 870 0.0163
870 871 0.0027
872 871 0.0071
1075 871 0.0221
515 872 0.0005
870 872 0.0163
871 872 0.0071
501 873 0.0003
516 874 0.0011
875 874 0.0002
876 874 0.0005
877 874 0.0019
874 875 0.0002
874 876 0.0005
525 877 0.0025
874 877 0.0019
878 877 0.0077
525 878 0.004
529 878 0.007
877 878 0.0077
529 879 0.0049
528 880 0.0005
531 880 0.0118
881 880 0.0127
882 880 0.0122
1079 880 0.0024
880 881 0.0127
880 882 0.0122
526 883 0.001
527 883 0.0021
531 883 0.0194
884 883 0.0074
883 884 0.0074
535 885 0.0269
886 885 0.0162
887 885 0.0048
885 886 0.0162
1079 886 0.0159
1253 886 0.001
885 887 0.0048
532 888 0.0011
889 888 0.0069
890 888 0.0132
888 889 0.0069
888 890 0.0132
533 891 0.0104
892 891 0.0138
893 891 0.0283
894 891 0.0053
891 892 0.0138
1080 892 0.0023
1081 892 0.0087
1255 892 0.0017
891 893 0.0283
895 893 0.0265
896 893 0.0017
891 894 0.0053
533 895 0.0124
559 895 0.0076
893 895 0.0265
896 895 0.0028
1083 895 0.0048
558 896 0.0033
559 896 0.0056
893 896 0.0017
895 896 0.0028
897 896 0.0119
1085 896 0.0177
571 897 0.0037
896 897 0.0119
1085 897 0.0398
552 898 0.0016
899 898 0.0006
1084 898 0.0009
898 899 0.0006
41 900 0.0019
617 900 0.001
627 900 0.0014
638 900 0.0025
628 901 0.0084
632 901 0.0051
633 901 0.0052
722 902 0.0147
903 902 0.0074
904 902 0.0312
902 903 0.0074
902 904 0.0312
722 905 0.0111
724 905 0.0015
731 905 0.0071
731 906 0.0224
907 906 0.0163
1112 906 0.0028
730 907 0.0173
906 907 0.0163
908 907 0.0378
907 908 0.0378
1112 908 0.0044
1114 908 0.0348
730 909 0.0162
1116 909 0.0272
1117 909 0.0101
728 910 0.024
911 910 0.0132
1118 910 0.0101
910 911 0.0132
732 912 0.0158
913 912 0.0379
914 912 0.0112
1119 912 0.0124
1258 912 0.011
912 913 0.0379
912 914 0.0112
734 915 0.0253
737 916 0.046
675 917 0.0191
744 918 0.004
748 918 0.0035
919 918 0.012
748 919 0.0219
918 919 0.012
1258 919 0.0032
747 920 0.0016
745 921 0.0029
745 922 0.0008
750 923 0.0025
198 924 0.0025
925 924 0.0059
926 924 0.0023
1553 924 0.0271
924 925 0.0059
924 926 0.0023
751 927 0.0034
188 928 0.001
754 928 0.0013
1123 928 0.0012
1124 928 0.0038
756 929 0.003
755 930 0.002
757 931 0.0026
758 931 0.0007
932 931 0.0029
935 931 0.0058
931 932 0.0029
758 933 0.0003
759 933 0.0021
934 933 0.0016
933 934 0.0016
931 935 0.0058
756 936 0.0022
193 937 0.0027
197 937 0.0025
198 937 0.0055
176 938 0.0012
177 938 0.0047
207 938 0.015
170 939 0.0006
764 940 0.0023
760 941 0.0036
760 942 0.0038
761 942 0.0107
943 942 0.0041
1126 942 0.0013
942 943 0.0041
944 943 0.0018
947 943 0.004
943 944 0.0018
945 944 0.0098
946 944 0.0181
944 945 0.0098
946 945 0.0028
1125 945 0.0021
765 946 0.0107
944 946 0.0181
945 946 0.0028
214 947 0.0145
765 947 0.0118
943 947 0.004
218 948 0.1256
219 948 0.0348
241 948 0.0985
219 949 0.0042
769 949 0.0176
950 949 0.0019
949 950 0.0019
769 951 0.0075
952 951 0.002
