2 1 0.0436
3 1 0.0429
4 1 0.0393
5 1 0.0484
6 1 0.0501
7 1 0.0394
8 1 0.0212
53 1 0.0301
423 1 0.0268
446 1 0.028
580 1 0.0311
597 1 0.033
645 1 0.0225
941 1 0.0237
946 1 0.0262
1108 1 0.0344
1118 1 0.0246
1470 1 0.0245
1473 1 0.0321
1598 1 0.0195
1671 1 0.0318
1675 1 0.0263
1787 1 0.0375
1788 1 0.0297
1 2 0.0436
16 2 0.1724
1787 2 0.1097
1 3 0.0429
608 3 0.0923
611 3 0.0754
1 4 0.0393
724 4 0.0785
732 4 0.0749
733 4 0.0955
1 5 0.0484
1139 5 0.0576
1157 5 0.0382
1 6 0.0501
1478 6 0.0801
1544 6 0.0822
1 7 0.0394
1673 7 0.0347
1675 7 0.0596
1 8 0.0212
12 8 0.0965
13 8 0.0342
14 8 0.28
10 9 0.0477
11 9 0.0583
14 9 0.0763
9 10 0.0477
1744 10 0.0103
1745 10 0.0192
9 11 0.0583
8 12 0.0965
8 13 0.0342
8 14 0.28
9 14 0.0763
15 14 0.0371
14 15 0.0371
2 16 0.1724
17 16 0.1033
63 16 0.1254
16 17 0.1033
18 17 0.2209
54 17 0.0528
17 18 0.2209
19 18 0.3752
53 18 0.0763
18 19 0.3752
20 19 0.3685
53 19 0.0871
19 20 0.3685
21 20 0.1493
55 20 0.1319
20 21 0.1493
22 21 0.058
169 21 0.1363
170 21 0.128
410 21 0.0157
430 21 0.0254
21 22 0.058
23 22 0.016
26 22 0.6017
22 23 0.016
24 23 0.0594
25 23 0.0669
23 24 0.0594
23 25 0.0669
22 26 0.6017
27 26 0.0123
28 26 0.0086
29 26 0.1057
26 27 0.0123
26 28 0.0086
26 29 0.1057
30 29 0.0197
37 29 0.0838
29 30 0.0197
31 30 0.0339
35 30 0.0245
36 30 0.0167
30 31 0.0339
32 31 0.025
34 31 0.0146
31 32 0.025
33 32 0.0162
41 32 0.0226
32 33 0.0162
31 34 0.0146
30 35 0.0245
30 36 0.0167
29 37 0.0838
38 37 0.1108
247 37 0.0649
37 38 0.1108
39 38 0.0631
42 38 0.1821
38 39 0.0631
40 39 0.1531
42 39 0.1055
39 40 0.1531
41 40 0.0368
46 40 0.1601
32 41 0.0226
40 41 0.0368
476 41 0.0126
38 42 0.1821
39 42 0.1055
43 42 0.1579
42 43 0.1579
44 43 0.0295
46 43 0.023
43 44 0.0295
45 44 0.0315
47 44 0.0456
44 45 0.0315
40 46 0.1601
43 46 0.023
50 46 0.0107
476 46 0.0124
44 47 0.0456
48 47 0.0494
49 47 0.0147
47 48 0.0494
47 49 0.0147
46 50 0.0107
51 50 0.0263
52 50 0.0256
50 51 0.0263
50 52 0.0256
1 53 0.0301
18 53 0.0763
19 53 0.0871
17 54 0.0528
20 55 0.1319
56 55 0.1287
57 55 0.0649
55 56 0.1287
55 57 0.0649
58 57 0.0186
59 57 0.125
57 58 0.0186
57 59 0.125
60 59 0.0152
61 59 0.1939
59 60 0.0152
59 61 0.1939
62 61 0.0363
64 61 0.0115
61 62 0.0363
16 63 0.1254
64 63 0.0568
66 63 0.2414
61 64 0.0115
63 64 0.0568
65 64 0.1174
64 65 0.1174
63 66 0.2414
67 66 0.0934
70 66 0.1428
66 67 0.0934
68 67 0.0392
69 67 0.1782
70 67 0.0263
67 68 0.0392
67 69 0.1782
66 70 0.1428
67 70 0.0263
71 70 0.1988
70 71 0.1988
72 71 0.1137
77 71 0.079
1794 71 0.0248
71 72 0.1137
73 72 0.0883
81 72 0.1503
1908 72 0.0429
1913 72 0.1204
72 73 0.0883
74 73 0.7396
106 73 0.1647
73 74 0.7396
75 74 0.8217
76 74 0.1596
74 75 0.8217
76 75 0.2103
84 75 0.0989
89 75 0.2273
74 76 0.1596
75 76 0.2103
99 76 0.1372
71 77 0.079
78 77 0.015
82 77 0.0566
83 77 0.0536
77 78 0.015
79 78 0.0268
80 78 0.06
78 79 0.0268
78 80 0.06
72 81 0.1503
77 82 0.0566
77 83 0.0536
75 84 0.0989
85 84 0.0198
87 84 0.098
84 85 0.0198
90 85 0.0953
162 85 0.0538
87 86 0.0313
84 87 0.098
86 87 0.0313
88 87 0.0059
87 88 0.0059
75 89 0.2273
90 89 0.7593
95 89 0.2577
85 90 0.0953
89 90 0.7593
91 90 0.3252
90 91 0.3252
92 91 0.1816
95 91 0.6863
91 92 0.1816
93 92 0.4456
117 92 0.0249
92 93 0.4456
94 93 0.1223
116 93 0.0098
117 93 0.0323
93 94 0.1223
121 94 0.0852
130 94 0.0919
89 95 0.2577
91 95 0.6863
96 95 0.0613
95 96 0.0613
97 96 0.0887
98 96 0.0186
96 97 0.0887
96 98 0.0186
76 99 0.1372
100 99 0.0883
105 99 0.051
99 100 0.0883
101 100 0.0477
104 100 0.0515
100 101 0.0477
102 101 0.0693
103 101 0.0238
101 102 0.0693
160 102 0.012
161 102 0.0119
101 103 0.0238
100 104 0.0515
99 105 0.051
73 106 0.1647
107 106 0.6562
1909 106 0.0075
106 107 0.6562
108 107 0.1095
1907 107 0.0126
107 108 0.1095
109 108 0.4322
113 108 0.0428
115 108 0.0052
108 109 0.4322
110 109 0.0885
114 109 0.0108
109 110 0.0885
111 110 0.0853
112 110 0.1807
110 111 0.0853
139 111 0.2663
140 111 0.0714
110 112 0.1807
108 113 0.0428
109 114 0.0108
108 115 0.0052
93 116 0.0098
92 117 0.0249
93 117 0.0323
118 117 0.0171
117 118 0.0171
119 118 0.0478
120 118 0.0369
118 119 0.0478
118 120 0.0369
94 121 0.0852
122 121 0.0791
129 121 0.0219
121 122 0.0791
123 122 0.0726
126 122 0.0518
122 123 0.0726
124 123 0.0248
125 123 0.0077
123 124 0.0248
123 125 0.0077
122 126 0.0518
127 126 0.0151
128 126 0.0068
126 127 0.0151
126 128 0.0068
121 129 0.0219
94 130 0.0919
131 130 0.7194
135 130 0.0472
130 131 0.7194
132 131 0.0557
136 131 0.0336
131 132 0.0557
133 132 0.5063
134 132 0.0439
132 133 0.5063
149 133 0.0336
152 133 0.2268
132 134 0.0439
130 135 0.0472
131 136 0.0336
137 136 0.0636
138 136 0.087
136 137 0.0636
136 138 0.087
111 139 0.2663
140 139 0.3141
143 139 0.1987
111 140 0.0714
139 140 0.3141
141 140 0.1132
140 141 0.1132
142 141 0.0241
999 141 0.0168
141 142 0.0241
139 143 0.1987
144 143 0.0127
145 143 0.0081
146 143 0.0217
143 144 0.0127
143 145 0.0081
143 146 0.0217
147 146 0.0337
148 146 0.016
146 147 0.0337
146 148 0.016
133 149 0.0336
150 149 0.0402
151 149 0.0725
149 150 0.0402
149 151 0.0725
133 152 0.2268
153 152 0.2327
158 152 0.28
152 153 0.2327
154 153 0.0509
157 153 0.0086
153 154 0.0509
155 154 0.0325
156 154 0.0133
158 154 0.0995
154 155 0.0325
154 156 0.0133
153 157 0.0086
152 158 0.28
154 158 0.0995
159 158 0.0259
158 159 0.0259
102 160 0.012
102 161 0.0119
85 162 0.0538
163 162 0.0159
166 162 0.0994
162 163 0.0159
164 163 0.0406
165 163 0.0435
163 164 0.0406
163 165 0.0435
162 166 0.0994
167 166 0.0559
168 166 0.0396
166 167 0.0559
166 168 0.0396
21 169 0.1363
21 170 0.128
171 170 0.4158
172 170 0.2665
170 171 0.4158
170 172 0.2665
173 172 0.6676
184 172 0.0978
200 172 0.058
172 173 0.6676
174 173 0.4909
420 173 0.013
173 174 0.4909
175 174 0.5385
183 174 0.0888
174 175 0.5385
176 175 1.2422
183 175 0.1029
175 176 1.2422
177 176 0.6549
186 176 0.1003
176 177 0.6549
178 177 0.4995
186 177 0.1627
177 178 0.4995
179 178 0.1626
188 178 0.0218
178 179 0.1626
180 179 0.7037
185 179 0.0555
179 180 0.7037
181 180 0.3266
185 180 0.0702
180 181 0.3266
182 181 0.5089
196 181 0.0688
181 182 0.5089
202 182 0.0771
212 182 0.0387
174 183 0.0888
175 183 0.1029
415 183 0.1397
172 184 0.0978
179 185 0.0555
180 185 0.0702
189 185 0.0233
176 186 0.1003
177 186 0.1627
187 186 0.3556
186 187 0.3556
188 187 0.2991
191 187 0.4221
178 188 0.0218
187 188 0.2991
189 188 0.0764
191 188 0.8177
192 188 0.0623
193 188 0.02
185 189 0.0233
188 189 0.0764
190 189 0.102
189 190 0.102
991 190 0.1135
997 190 0.0708
187 191 0.4221
188 191 0.8177
192 191 0.0622
188 192 0.0623
191 192 0.0622
193 192 0.0183
188 193 0.02
192 193 0.0183
194 193 0.0378
195 193 0.0421
193 194 0.0378
193 195 0.0421
181 196 0.0688
197 196 0.0353
198 196 0.041
199 196 0.0241
196 197 0.0353
196 198 0.041
196 199 0.0241
172 200 0.058
201 200 0.0418
248 200 0.0224
200 201 0.0418
182 202 0.0771
203 202 0.2144
208 202 0.0087
202 203 0.2144
204 203 0.1421
209 203 0.0332
203 204 0.1421
205 204 0.2209
215 204 0.0128
204 205 0.2209
206 205 0.21
260 205 0.0634
205 206 0.21
207 206 0.1705
223 206 0.0625
206 207 0.1705
256 207 0.0799
261 207 0.0248
202 208 0.0087
203 209 0.0332
210 209 0.0141
211 209 0.007
209 210 0.0141
209 211 0.007
182 212 0.0387
213 212 0.0883
214 212 0.5618
212 213 0.0883
214 213 0.0646
216 213 0.242
212 214 0.5618
213 214 0.0646
224 214 0.088
227 214 0.1123
204 215 0.0128
213 216 0.242
217 216 0.0319
218 216 0.1183
216 217 0.0319
216 218 0.1183
219 218 0.0209
220 218 0.0315
218 219 0.0209
218 220 0.0315
221 220 0.0274
222 220 0.0554
220 221 0.0274
220 222 0.0554
206 223 0.0625
214 224 0.088
225 224 0.1159
265 224 0.1293
268 224 0.0352
224 225 0.1159
226 225 0.3389
227 225 0.1678
225 226 0.3389
228 226 0.1324
246 226 0.0275
214 227 0.1123
225 227 0.1678
247 227 0.0251
226 228 0.1324
229 228 1.1755
230 228 0.1075
231 228 0.0378
232 228 0.0077
228 229 1.1755
230 229 0.2115
237 229 0.4102
228 230 0.1075
229 230 0.2115
234 230 0.0822
228 231 0.0378
233 231 0.0317
235 231 0.5593
228 232 0.0077
231 233 0.0317
230 234 0.0822
235 234 0.2543
237 234 0.1554
231 235 0.5593
234 235 0.2543
236 235 0.161
235 236 0.161
280 236 0.1504
298 236 0.0213
229 237 0.4102
234 237 0.1554
238 237 0.0867
237 238 0.0867
239 238 0.1389
275 238 0.2712
238 239 0.1389
240 239 0.577
269 239 0.4246
272 239 0.0903
239 240 0.577
241 240 0.1089
271 240 0.6627
240 241 0.1089
242 241 0.2639
253 241 0.2353
389 241 0.1687
241 242 0.2639
243 242 0.5269
252 242 0.039
242 243 0.5269
244 243 0.4686
392 243 0.1235
243 244 0.4686
245 244 0.4606
251 244 0.04
244 245 0.4606
246 245 0.3906
400 245 0.0299
226 246 0.0275
245 246 0.3906
247 246 0.1741
37 247 0.0649
227 247 0.0251
246 247 0.1741
200 248 0.0224
249 248 0.0264
250 248 0.0398
248 249 0.0264
248 250 0.0398
244 251 0.04
242 252 0.039
241 253 0.2353
254 253 0.1007
255 253 0.1873
253 254 0.1007
253 255 0.1873
207 256 0.0799
257 256 0.9311
351 256 0.2206
256 257 0.9311
258 257 0.0743
350 257 0.0671
257 258 0.0743
259 258 0.1439
348 258 0.0238
258 259 0.1439
260 259 0.022
348 259 0.0208
205 260 0.0634
259 260 0.022
262 260 0.0632
207 261 0.0248
260 262 0.0632
263 262 0.3072
264 262 0.0303
388 262 0.0261
262 263 0.3072
262 264 0.0303
224 265 0.1293
266 265 0.0232
267 265 0.0168
265 266 0.0232
265 267 0.0168
224 268 0.0352
239 269 0.4246
270 269 0.4688
273 269 0.0802
269 270 0.4688
271 270 0.9217
278 270 0.176
240 271 0.6627
270 271 0.9217
407 271 0.0442
239 272 0.0903
273 272 0.2892
275 272 0.2013
269 273 0.0802
272 273 0.2892
274 273 0.2521
277 273 0.0847
273 274 0.2521
276 274 0.4706
279 274 0.5397
282 274 0.0444
238 275 0.2712
272 275 0.2013
279 275 0.2116
274 276 0.4706
277 276 0.6845
282 276 0.0572
273 277 0.0847
276 277 0.6845
278 277 0.317
270 278 0.176
277 278 0.317
283 278 0.0065
274 279 0.5397
275 279 0.2116
280 279 0.4124
236 280 0.1504
279 280 0.4124
281 280 0.1751
286 280 0.1787
289 280 0.0592
280 281 0.1751
282 281 0.07
284 281 0.0684
274 282 0.0444
276 282 0.0572
281 282 0.07
278 283 0.0065
281 284 0.0684
285 284 0.0672
287 284 0.0289
317 284 0.361
320 284 0.1576
284 285 0.0672
280 286 0.1787
287 286 0.4264
288 286 0.1099
284 287 0.0289
286 287 0.4264
288 287 0.1138
290 287 0.0588
286 288 0.1099
287 288 0.1138
289 288 0.3384
290 288 0.142
291 288 0.0784
280 289 0.0592
288 289 0.3384
291 289 0.1122
287 290 0.0588
288 290 0.142
309 290 0.1385
288 291 0.0784
289 291 0.1122
292 291 0.1846
294 291 0.0434
291 292 0.1846
293 292 0.0234
300 292 0.0693
292 293 0.0234
296 293 0.025
306 293 0.0944
291 294 0.0434
295 294 0.0911
298 294 0.0255
294 295 0.0911
296 295 0.2432
298 295 0.0169
293 296 0.025
295 296 0.2432
297 296 0.0329
296 297 0.0329
236 298 0.0213
294 298 0.0255
295 298 0.0169
299 298 0.0069
298 299 0.0069
292 300 0.0693
301 300 0.1368
302 300 0.0393
300 301 0.1368
302 301 0.1014
309 301 0.0111
300 302 0.0393
301 302 0.1014
303 302 0.0704
302 303 0.0704
304 303 0.0416
305 303 0.035
303 304 0.0416
303 305 0.035
293 306 0.0944
307 306 0.0274
308 306 0.0565
306 307 0.0274
306 308 0.0565
290 309 0.1385
301 309 0.0111
310 309 0.0386
309 310 0.0386
311 310 0.0306
314 310 0.0766
310 311 0.0306
312 311 0.0195
313 311 0.0147
311 312 0.0195
311 313 0.0147
310 314 0.0766
315 314 0.0354
316 314 0.0321
323 314 0.0411
339 314 0.0488
314 315 0.0354
316 315 0.2015
332 315 0.1546
314 316 0.0321
315 316 0.2015
329 316 0.0396
284 317 0.361
318 317 0.0588
320 317 0.2374
317 318 0.0588
319 318 0.1917
323 318 0.1509
318 319 0.1917
320 319 0.197
321 319 0.0785
284 320 0.1576
317 320 0.2374
319 320 0.197
321 320 0.0362
319 321 0.0785
320 321 0.0362
322 321 0.0537
321 322 0.0537
314 323 0.0411
318 323 0.1509
324 323 0.1395
323 324 0.1395
325 324 0.1193
326 324 0.0629
324 325 0.1193
324 326 0.0629
327 326 0.056
328 326 0.0742
326 327 0.056
326 328 0.0742
316 329 0.0396
330 329 0.186
331 329 0.0349
329 330 0.186
329 331 0.0349
315 332 0.1546
333 332 0.0365
334 332 0.1495
332 333 0.0365
332 334 0.1495
335 334 0.0868
336 334 0.1122
334 335 0.0868
334 336 0.1122
337 336 0.0621
338 336 0.0599
336 337 0.0621
336 338 0.0599
314 339 0.0488
340 339 0.0283
341 339 0.0352
339 340 0.0283
339 341 0.0352
342 341 0.0506
345 341 0.027
341 342 0.0506
343 342 0.0432
344 342 0.026
342 343 0.0432
342 344 0.026
341 345 0.027
346 345 0.0257
347 345 0.0246
345 346 0.0257
345 347 0.0246
258 348 0.0238
259 348 0.0208
349 348 0.1268
348 349 0.1268
257 350 0.0671
256 351 0.2206
352 351 0.0735
361 351 0.3644
351 352 0.0735
353 352 0.0154
356 352 0.056
359 352 0.0703
352 353 0.0154
354 353 0.0252
355 353 0.0286
353 354 0.0252
353 355 0.0286
352 356 0.056
357 356 0.0269
358 356 0.0299
356 357 0.0269
356 358 0.0299
352 359 0.0703
360 359 0.0431
362 359 0.0803
359 360 0.0431
351 361 0.3644
362 361 0.01
370 361 0.0969
374 361 0.1168
359 362 0.0803
361 362 0.01
363 362 0.0405
362 363 0.0405
365 364 0.3041
371 364 0.0733
385 364 0.0573
364 365 0.3041
366 365 0.2406
385 365 0.0919
365 366 0.2406
367 366 0.0887
381 366 0.0697
366 367 0.0887
368 367 0.0473
381 367 0.2646
384 367 0.0514
367 368 0.0473
369 368 0.0214
387 368 0.0055
368 369 0.0214
361 370 0.0969
371 370 0.8489
374 370 0.1777
364 371 0.0733
370 371 0.8489
372 371 0.4252
371 372 0.4252
373 372 0.0037
375 372 0.066
372 373 0.0037
361 374 0.1168
370 374 0.1777
375 374 0.0812
372 375 0.066
374 375 0.0812
376 375 0.1098
375 376 0.1098
377 376 0.0653
380 376 0.0358
376 377 0.0653
378 377 0.0418
379 377 0.0209
377 378 0.0418
377 379 0.0209
376 380 0.0358
366 381 0.0697
367 381 0.2646
382 381 0.0617
385 381 0.0954
381 382 0.0617
383 382 0.0252
384 382 0.0708
382 383 0.0252
384 383 0.0528
386 383 0.062
367 384 0.0514
382 384 0.0708
383 384 0.0528
364 385 0.0573
365 385 0.0919
381 385 0.0954
383 386 0.062
368 387 0.0055
262 388 0.0261
241 389 0.1687
390 389 0.0693
391 389 0.0292
389 390 0.0693
389 391 0.0292
392 391 0.0317
406 391 0.0221
243 392 0.1235
391 392 0.0317
393 392 0.1136
392 393 0.1136
394 393 0.1401
396 393 0.0396
393 394 0.1401
395 394 0.101
396 394 0.1183
394 395 0.101
393 396 0.0396
394 396 0.1183
397 396 0.0413
398 396 0.021
396 397 0.0413
398 397 0.0754
401 397 0.0452
396 398 0.021
397 398 0.0754
399 398 0.1486
398 399 0.1486
245 400 0.0299
397 401 0.0452
402 401 0.0464
403 401 0.0562
401 402 0.0464
401 403 0.0562
404 403 0.1249
405 403 0.1009
403 404 0.1249
403 405 0.1009
391 406 0.0221
271 407 0.0442
408 407 0.0322
409 407 0.0192
407 408 0.0322
407 409 0.0192
21 410 0.0157
411 410 0.0179
412 410 0.2283
410 411 0.0179
410 412 0.2283
413 412 0.0148
414 412 0.0273
412 413 0.0148
412 414 0.0273
183 415 0.1397
416 415 0.0175
419 415 0.1089
415 416 0.0175
417 416 0.0229
418 416 0.0365
416 417 0.0229
416 418 0.0365
415 419 0.1089
173 420 0.013
421 420 0.0348
422 420 0.0315
420 421 0.0348
420 422 0.0315
1 423 0.0268
424 423 0.2191
435 423 0.0609
423 424 0.2191
425 424 0.196
436 424 0.7429
439 424 0.2971
424 425 0.196
426 425 0.3658
431 425 0.2208
442 425 0.0732
445 425 0.0556
425 426 0.3658
427 426 0.5388
433 426 0.0552
426 427 0.5388
428 427 0.3384
434 427 0.0467
427 428 0.3384
429 428 0.0232
430 428 0.0194
428 429 0.0232
21 430 0.0254
428 430 0.0194
431 430 0.0378
425 431 0.2208
430 431 0.0378
432 431 0.0997
431 432 0.0997
426 433 0.0552
427 434 0.0467
423 435 0.0609
424 436 0.7429
437 436 0.3435
438 436 0.0699
436 437 0.3435
436 438 0.0699
424 439 0.2971
440 439 0.0601
441 439 0.1887
439 440 0.0601
439 441 0.1887
425 442 0.0732
443 442 0.0869
444 442 0.1021
442 443 0.0869
444 443 0.2134
457 443 0.0568
442 444 0.1021
443 444 0.2134
457 444 0.0883
425 445 0.0556
1 446 0.028
447 446 0.4909
448 446 0.2335
453 446 0.1305
446 447 0.4909
448 447 0.9747
450 447 0.1178
446 448 0.2335
447 448 0.9747
449 448 0.0327
455 448 0.8389
448 449 0.0327
447 450 0.1178
451 450 0.1466
452 450 0.1114
450 451 0.1466
450 452 0.1114
446 453 0.1305
454 453 0.0995
455 453 0.307
453 454 0.0995
455 454 0.3591
456 454 0.2065
448 455 0.8389
453 455 0.307
454 455 0.3591
454 456 0.2065
457 456 0.4191
459 456 0.0522
460 456 0.0701
463 456 0.5373
443 457 0.0568
444 457 0.0883
456 457 0.4191
458 457 0.0729
457 458 0.0729
456 459 0.0522
488 459 0.2161
533 459 0.2115
456 460 0.0701
461 460 0.0134
462 460 0.0121
460 461 0.0134
460 462 0.0121
456 463 0.5373
464 463 0.099
467 463 0.04
463 464 0.099
465 464 0.0591
487 464 0.1624
464 465 0.0591
466 465 0.5513
469 465 0.0599
465 466 0.5513
468 466 0.3508
479 466 0.209
463 467 0.04
466 468 0.3508
469 468 0.2137
477 468 0.1869
465 469 0.0599
468 469 0.2137
470 469 0.2693
469 470 0.2693
471 470 0.0295
472 470 0.577
477 470 0.1835
470 471 0.0295
470 472 0.577
473 472 0.036
474 472 0.1011
472 473 0.036
472 474 0.1011
475 474 0.1356
476 474 0.05
474 475 0.1356
41 476 0.0126
46 476 0.0124
474 476 0.05
483 476 0.081
468 477 0.1869
470 477 0.1835
478 477 0.0339
477 478 0.0339
466 479 0.209
480 479 0.3697
481 479 1.0037
479 480 0.3697
481 480 0.6215
482 480 0.4014
479 481 1.0037
480 481 0.6215
487 481 0.0592
480 482 0.4014
483 482 0.1709
490 482 0.089
476 483 0.081
482 483 0.1709
484 483 0.5391
483 484 0.5391
485 484 0.099
493 484 0.0119
484 485 0.099
486 485 0.0894
508 485 0.0656
485 486 0.0894
501 486 0.2884
508 486 0.1088
464 487 0.1624
481 487 0.0592
488 487 0.0781
459 488 0.2161
487 488 0.0781
489 488 0.0146
488 489 0.0146
482 490 0.089
491 490 0.0469
495 490 0.1915
490 491 0.0469
492 491 0.0131
494 491 0.0221
491 492 0.0131
484 493 0.0119
491 494 0.0221
490 495 0.1915
496 495 0.1234
499 495 0.0917
495 496 0.1234
497 496 0.0532
530 496 0.0197
496 497 0.0532
498 497 0.1662
525 497 0.0174
497 498 0.1662
499 498 0.0378
519 498 0.1756
495 499 0.0917
498 499 0.0378
500 499 0.0811
502 499 0.0649
499 500 0.0811
501 500 0.1436
502 500 0.0989
507 500 0.2075
486 501 0.2884
500 501 0.1436
528 501 0.1576
499 502 0.0649
500 502 0.0989
503 502 0.1318
504 502 0.1834
517 502 0.0202
502 503 0.1318
504 503 0.2514
516 503 0.0512
520 503 0.0651
502 504 0.1834
503 504 0.2514
505 504 0.1373
507 504 0.1822
504 505 0.1373
506 505 0.1005
512 505 0.0638
515 505 0.0094
520 505 0.0635
505 506 0.1005
507 506 0.3534
512 506 0.0501
527 506 0.0161
528 506 0.0971
500 507 0.2075
504 507 0.1822
506 507 0.3534
485 508 0.0656
486 508 0.1088
509 508 0.0731
508 509 0.0731
510 509 0.0659
511 509 0.0769
509 510 0.0659
509 511 0.0769
505 512 0.0638
506 512 0.0501
513 512 0.0378
514 512 0.0498
512 513 0.0378
512 514 0.0498
505 515 0.0094
503 516 0.0512
517 516 0.0753
521 516 0.0858
502 517 0.0202
516 517 0.0753
518 517 0.0661
519 517 0.1133
517 518 0.0661
519 518 0.0385
525 518 0.0752
498 519 0.1756
517 519 0.1133
518 519 0.0385
503 520 0.0651
505 520 0.0635
521 520 0.0533
516 521 0.0858
520 521 0.0533
522 521 0.1702
521 522 0.1702
523 522 0.023
524 522 0.0218
522 523 0.023
522 524 0.0218
497 525 0.0174
518 525 0.0752
526 525 0.0266
525 526 0.0266
506 527 0.0161
501 528 0.1576
506 528 0.0971
529 528 0.0084
528 529 0.0084
496 530 0.0197
531 530 0.0461
532 530 0.0341
530 531 0.0461
532 531 0.0825
540 531 0.0124
565 531 0.0032
530 532 0.0341
531 532 0.0825
539 532 0.0343
459 533 0.2115
534 533 0.2087
586 533 0.247
533 534 0.2087
535 534 0.2853
542 534 0.0302
543 534 0.0392
534 535 0.2853
536 535 0.1909
541 535 0.0368
544 535 0.0585
535 536 0.1909
537 536 0.1603
550 536 0.1343
536 537 0.1603
538 537 0.0674
539 537 0.1777
537 538 0.0674
532 539 0.0343
537 539 0.1777
540 539 0.0371
531 540 0.0124
539 540 0.0371
550 540 0.0226
535 541 0.0368
534 542 0.0302
534 543 0.0392
535 544 0.0585
545 544 0.0233
548 544 0.1116
544 545 0.0233
546 545 0.1196
552 545 0.0288
545 546 0.1196
547 546 0.0397
548 546 0.3344
546 547 0.0397
544 548 0.1116
546 548 0.3344
549 548 0.0216
548 549 0.0216
536 550 0.1343
540 550 0.0226
551 550 0.1423
550 551 0.1423
552 551 0.0176
554 551 0.0894
545 552 0.0288
551 552 0.0176
553 552 0.0233
552 553 0.0233
551 554 0.0894
555 554 0.3024
561 554 0.0073
554 555 0.3024
556 555 0.5663
560 555 0.038
555 556 0.5663
557 556 0.1803
565 556 0.0255
556 557 0.1803
558 557 0.0395
576 557 0.0423
557 558 0.0395
559 558 0.0245
577 558 0.0206
558 559 0.0245
555 560 0.038
566 560 0.0107
567 560 0.0149
554 561 0.0073
563 562 0.0288
564 562 0.0262
565 562 0.019
562 563 0.0288
562 564 0.0262
531 565 0.0032
556 565 0.0255
562 565 0.019
560 566 0.0107
560 567 0.0149
569 568 0.0296
570 568 0.019
571 568 0.0178
572 568 0.0628
576 568 0.1755
568 569 0.0296
568 570 0.019
568 571 0.0178
568 572 0.0628
574 573 0.0083
575 573 0.0114
576 573 0.099
573 574 0.0083
573 575 0.0114
557 576 0.0423
568 576 0.1755
573 576 0.099
558 577 0.0206
578 577 0.0257
579 577 0.0313
577 578 0.0257
577 579 0.0313
1 580 0.0311
581 580 0.2501
583 580 0.1307
580 581 0.2501
582 581 0.308
583 581 0.4521
581 582 0.308
583 582 0.6398
584 582 0.1816
580 583 0.1307
581 583 0.4521
582 583 0.6398
584 583 0.0752
582 584 0.1816
583 584 0.0752
585 584 0.3429
584 585 0.3429
586 585 0.2649
606 585 0.1302
533 586 0.247
585 586 0.2649
587 586 0.6707
586 587 0.6707
588 587 0.1214
590 587 0.4103
587 588 0.1214
589 588 1.1013
592 588 0.1671
605 588 0.1912
588 589 1.1013
590 589 0.1891
592 589 0.1656
587 590 0.4103
589 590 0.1891
591 590 0.0283
590 591 0.0283
638 591 0.2311
641 591 0.0335
588 592 0.1671
589 592 0.1656
593 592 0.0476
595 592 0.0464
592 593 0.0476
594 593 0.0609
596 593 0.1082
593 594 0.0609
592 595 0.0464
596 595 0.1698
603 595 0.1725
593 596 0.1082
595 596 0.1698
617 596 0.0657
1 597 0.033
598 597 0.4413
606 597 0.1219
597 598 0.4413
599 598 0.3811
607 598 0.1212
598 599 0.3811
600 599 0.2236
606 599 0.1836
599 600 0.2236
601 600 0.0425
604 600 0.0533
600 601 0.0425
602 601 0.2368
604 601 0.098
601 602 0.2368
603 602 0.0453
605 602 0.1129
595 603 0.1725
602 603 0.0453
618 603 0.0602
600 604 0.0533
601 604 0.098
605 604 0.2494
588 605 0.1912
602 605 0.1129
604 605 0.2494
585 606 0.1302
597 606 0.1219
599 606 0.1836
598 607 0.1212
3 608 0.0923
609 608 0.2
611 608 0.1749
608 609 0.2
610 609 0.0474
623 609 0.4564
609 610 0.0474
3 611 0.0754
608 611 0.1749
612 611 0.2462
611 612 0.2462
613 612 0.1531
645 612 0.0755
650 612 0.0758
612 613 0.1531
614 613 0.2302
651 613 0.3778
613 614 0.2302
615 614 0.3519
644 614 0.0398
651 614 0.2587
614 615 0.3519
616 615 0.2734
619 615 0.1712
615 616 0.2734
617 616 0.2118
619 616 0.1129
596 617 0.0657
616 617 0.2118
618 617 0.8026
632 617 0.469
603 618 0.0602
617 618 0.8026
619 618 0.0842
615 619 0.1712
616 619 0.1129
618 619 0.0842
620 619 0.4127
628 619 0.5907
619 620 0.4127
621 620 0.1457
622 620 0.0331
620 621 0.1457
620 622 0.0331
609 623 0.4564
624 623 0.0549
627 623 0.1138
629 623 0.084
623 624 0.0549
625 624 0.1742
626 624 0.0803
624 625 0.1742
624 626 0.0803
623 627 0.1138
628 627 0.3848
630 627 0.1455
619 628 0.5907
627 628 0.3848
631 628 0.0993
623 629 0.084
627 630 0.1455
628 631 0.0993
617 632 0.469
633 632 0.0406
634 632 0.0945
632 633 0.0406
632 634 0.0945
635 634 0.0718
636 634 0.0537
637 634 0.0541
634 635 0.0718
690 635 0.0373
691 635 0.0315
634 636 0.0537
682 636 0.1261
686 636 0.0348
692 636 0.0181
634 637 0.0541
676 637 0.034
678 637 0.565
591 638 0.2311
639 638 0.1291
640 638 0.0292
638 639 0.1291
638 640 0.0292
642 640 0.026
643 640 0.0464
591 641 0.0335
640 642 0.026
640 643 0.0464
614 644 0.0398
658 644 0.09
693 644 0.0642
1 645 0.0225
612 645 0.0755
646 645 0.0853
645 646 0.0853
647 646 0.2704
648 646 0.0724
649 646 0.0779
646 647 0.2704
649 647 0.3751
730 647 0.2663
646 648 0.0724
646 649 0.0779
647 649 0.3751
650 649 0.4352
612 650 0.0758
649 650 0.4352
651 650 0.3591
652 650 0.0822
613 651 0.3778
614 651 0.2587
650 651 0.3591
652 651 0.2552
650 652 0.0822
651 652 0.2552
653 652 0.1515
652 653 0.1515
654 653 0.3515
729 653 0.0193
653 654 0.3515
655 654 0.024
656 654 0.0572
654 655 0.024
654 656 0.0572
657 656 0.1627
695 656 0.1009
737 656 0.1446
656 657 0.1627
658 657 0.0433
659 657 0.0391
644 658 0.09
657 658 0.0433
659 658 0.2702
657 659 0.0391
658 659 0.2702
660 659 0.1089
659 660 0.1089
662 661 0.2879
678 661 0.2475
680 661 0.0223
661 662 0.2879
663 662 0.095
672 662 0.0597
662 663 0.095
664 663 0.072
671 663 0.0142
663 664 0.072
665 664 0.0641
668 664 0.0387
664 665 0.0641
666 665 0.0262
667 665 0.0171
665 666 0.0262
665 667 0.0171
664 668 0.0387
669 668 0.0165
670 668 0.0139
668 669 0.0165
668 670 0.0139
663 671 0.0142
662 672 0.0597
673 672 0.0253
674 672 0.0112
675 672 0.0045
672 673 0.0253
672 674 0.0112
672 675 0.0045
637 676 0.034
678 677 0.0222
637 678 0.565
661 678 0.2475
677 678 0.0222
680 679 0.0161
661 680 0.0223
679 680 0.0161
681 680 0.0072
680 681 0.0072
636 682 0.1261
683 682 0.0606
684 682 0.3358
682 683 0.0606
684 683 0.0378
685 683 0.0203
682 684 0.3358
683 684 0.0378
687 684 0.2305
683 685 0.0203
636 686 0.0348
692 686 0.1039
705 686 0.0221
684 687 0.2305
688 687 0.0312
689 687 0.0252
687 688 0.0312
687 689 0.0252
635 690 0.0373
635 691 0.0315
692 691 0.1591
693 691 0.0793
636 692 0.0181
686 692 0.1039
691 692 0.1591
644 693 0.0642
691 693 0.0793
694 693 0.0189
693 694 0.0189
656 695 0.1009
696 695 0.126
703 695 0.0923
695 696 0.126
697 696 0.7375
700 696 0.2825
696 697 0.7375
698 697 0.0989
699 697 0.0887
697 698 0.0989
699 698 0.3605
742 698 0.1005
697 699 0.0887
698 699 0.3605
718 699 0.3359
696 700 0.2825
701 700 0.2446
702 700 0.036
700 701 0.2446
700 702 0.036
695 703 0.0923
704 703 0.0286
707 703 0.284
703 704 0.0286
705 704 0.0204
708 704 0.062
686 705 0.0221
704 705 0.0204
706 705 0.0441
705 706 0.0441
703 707 0.284
708 707 0.025
711 707 0.291
704 708 0.062
707 708 0.025
709 708 0.0408
710 708 0.0245
708 709 0.0408
708 710 0.0245
707 711 0.291
712 711 0.0746
716 711 0.1905
711 712 0.0746
713 712 0.0253
716 712 0.1158
712 713 0.0253
714 713 0.0522
715 713 0.0587
713 714 0.0522
713 715 0.0587
778 715 0.0364
779 715 0.051
711 716 0.1905
712 716 0.1158
717 716 0.0229
716 717 0.0229
699 718 0.3359
719 718 0.2542
748 718 0.5549
718 719 0.2542
720 719 0.0904
722 719 0.0579
723 719 0.0557
719 720 0.0904
721 720 0.1492
774 720 0.0293
720 721 0.1492
775 721 0.051
776 721 0.0805
719 722 0.0579
719 723 0.0557
4 724 0.0785
725 724 0.0735
728 724 0.5797
724 725 0.0735
726 725 0.1071
727 725 0.0456
725 726 0.1071
725 727 0.0456
724 728 0.5797
729 728 0.523
730 728 0.2573
653 729 0.0193
728 729 0.523
730 729 0.33
647 730 0.2663
728 730 0.2573
729 730 0.33
731 730 0.1028
730 731 0.1028
4 732 0.0749
4 733 0.0955
734 733 0.211
941 733 0.2956
733 734 0.211
735 734 0.0842
945 734 0.049
734 735 0.0842
736 735 0.7519
925 735 0.2043
735 736 0.7519
737 736 0.0543
741 736 0.2566
656 737 0.1446
736 737 0.0543
738 737 0.1245
737 738 0.1245
739 738 0.2185
740 738 0.1163
738 739 0.2185
738 740 0.1163
736 741 0.2566
742 741 0.0408
929 741 0.2653
698 742 0.1005
741 742 0.0408
743 742 0.1295
742 743 0.1295
745 744 0.2806
749 744 0.1881
793 744 0.1059
929 744 0.1006
744 745 0.2806
746 745 0.3729
752 745 0.1042
745 746 0.3729
747 746 0.1105
755 746 0.37
746 747 0.1105
748 747 0.0501
758 747 0.204
718 748 0.5549
747 748 0.0501
766 748 0.5053
744 749 0.1881
750 749 0.2488
751 749 0.4854
749 750 0.2488
749 751 0.4854
745 752 0.1042
753 752 0.2497
754 752 0.3147
752 753 0.2497
754 753 0.3133
791 753 0.0908
752 754 0.3147
753 754 0.3133
796 754 0.2297
746 755 0.37
756 755 0.17
757 755 0.2423
755 756 0.17
755 757 0.2423
747 758 0.204
759 758 0.2835
791 758 0.4638
758 759 0.2835
760 759 0.1112
792 759 0.2097
759 760 0.1112
761 760 0.2473
767 760 0.1109
789 760 0.0452
760 761 0.2473
762 761 0.3393
763 761 0.5025
761 762 0.3393
763 762 0.6035
766 762 0.3096
761 763 0.5025
762 763 0.6035
764 763 0.159
763 764 0.159
765 764 0.0258
766 764 0.0948
764 765 0.0258
748 766 0.5053
762 766 0.3096
764 766 0.0948
760 767 0.1109
768 767 0.1479
771 767 0.0303
767 768 0.1479
769 768 0.043
770 768 0.0199
768 769 0.043
768 770 0.0199
767 771 0.0303
772 771 0.0524
789 771 0.0306
771 772 0.0524
773 772 0.0198
789 772 0.0129
772 773 0.0198
720 774 0.0293
721 775 0.051
721 776 0.0805
777 776 0.0092
782 776 0.4474
776 777 0.0092
715 778 0.0364
715 779 0.051
780 779 0.0249
781 779 0.0464
779 780 0.0249
779 781 0.0464
776 782 0.4474
783 782 0.0546
785 782 0.0178
782 783 0.0546
784 783 0.0747
786 783 0.1495
783 784 0.0747
782 785 0.0178
783 786 0.1495
787 786 0.0342
788 786 0.023
786 787 0.0342
786 788 0.023
760 789 0.0452
771 789 0.0306
772 789 0.0129
790 789 0.0641
848 789 0.0503
789 790 0.0641
849 790 0.1926
850 790 0.2333
854 790 0.0478
753 791 0.0908
758 791 0.4638
792 791 0.0689
804 791 0.0429
821 791 0.0275
759 792 0.2097
791 792 0.0689
821 792 0.0475
744 793 0.1059
794 793 0.3179
928 793 0.0953
793 794 0.3179
795 794 0.3807
935 794 0.1123
794 795 0.3807
796 795 0.1574
799 795 0.0881
800 795 0.1788
754 796 0.2297
795 796 0.1574
802 796 0.4052
798 797 0.4615
802 797 0.263
803 797 0.1888
797 798 0.4615
802 798 0.1212
811 798 0.3737
823 798 0.1254
795 799 0.0881
822 799 0.0885
833 799 0.1737
795 800 0.1788
801 800 0.1332
833 800 0.0927
800 801 0.1332
836 801 0.7143
934 801 0.2356
796 802 0.4052
797 802 0.263
798 802 0.1212
797 803 0.1888
804 803 0.3309
811 803 0.448
791 804 0.0429
803 804 0.3309
805 804 0.2997
804 805 0.2997
806 805 0.2979
812 805 0.1073
821 805 0.1196
805 806 0.2979
807 806 0.5249
809 806 1.0955
806 807 0.5249
808 807 0.2612
814 807 0.2384
807 808 0.2612
809 808 0.5491
810 808 0.4365
806 809 1.0955
808 809 0.5491
810 809 0.1782
808 810 0.4365
809 810 0.1782
815 810 0.3037
798 811 0.3737
803 811 0.448
812 811 0.4697
805 812 0.1073
811 812 0.4697
813 812 0.3917
820 812 0.0824
812 813 0.3917
814 813 0.8361
817 813 0.4264
807 814 0.2384
813 814 0.8361
815 814 0.8292
817 814 0.9597
810 815 0.3037
814 815 0.8292
816 815 0.0875
848 815 0.2375
815 816 0.0875
813 817 0.4264
814 817 0.9597
818 817 0.8389
819 817 0.7452
817 818 0.8389
819 818 0.3175
824 818 0.2057
817 819 0.7452
818 819 0.3175
820 819 0.654
824 819 0.2131
812 820 0.0824
819 820 0.654
823 820 0.145
827 820 0.2962
791 821 0.0275
792 821 0.0475
805 821 0.1196
799 822 0.0885
823 822 0.1216
830 822 0.0391
798 823 0.1254
820 823 0.145
822 823 0.1216
818 824 0.2057
819 824 0.2131
825 824 0.3842
824 825 0.3842
826 825 0.1769
988 825 0.1296
825 826 0.1769
846 826 0.0894
847 826 0.1033
820 827 0.2962
828 827 0.6614
830 827 0.3053
827 828 0.6614
829 828 0.2558
831 828 0.2867
828 829 0.2558
822 830 0.0391
827 830 0.3053
831 830 0.1257
828 831 0.2867
830 831 0.1257
832 831 0.1287
831 832 0.1287
840 832 0.5038
889 832 0.1752
799 833 0.1737
800 833 0.0927
834 833 0.0758
835 833 0.3231
833 834 0.0758
835 834 0.1238
842 834 0.2963
833 835 0.3231
834 835 0.1238
836 835 0.4405
801 836 0.7143
835 836 0.4405
837 836 0.3039
962 836 0.153
836 837 0.3039
838 837 0.2319
842 837 0.2089
837 838 0.2319
839 838 0.5959
841 838 0.2906
838 839 0.5959
840 839 0.0428
907 839 0.1832
832 840 0.5038
839 840 0.0428
841 840 0.3672
838 841 0.2906
840 841 0.3672
842 841 0.3019
834 842 0.2963
837 842 0.2089
841 842 0.3019
844 843 0.0314
845 843 0.0651
988 843 0.1595
843 844 0.0314
843 845 0.0651
826 846 0.0894
826 847 0.1033
789 848 0.0503
815 848 0.2375
849 848 0.2134
790 849 0.1926
848 849 0.2134
850 849 0.5171
790 850 0.2333
849 850 0.5171
851 850 0.1056
850 851 0.1056
852 851 0.1505
853 851 0.0484
892 851 0.0198
851 852 0.1505
851 853 0.0484
790 854 0.0478
855 854 0.1149
861 854 0.0139
862 854 0.2101
867 854 0.0616
854 855 0.1149
856 855 0.034
857 855 0.1772
855 856 0.034
867 856 0.0304
868 856 0.0253
869 856 0.0272
855 857 0.1772
858 857 0.0118
859 857 0.0652
857 858 0.0118
857 859 0.0652
860 859 0.0816
870 859 0.0491
859 860 0.0816
854 861 0.0139
854 862 0.2101
863 862 0.0078
864 862 0.0434
862 863 0.0078
862 864 0.0434
865 864 0.011
866 864 0.0141
864 865 0.011
864 866 0.0141
854 867 0.0616
856 867 0.0304
868 867 0.0081
856 868 0.0253
867 868 0.0081
871 868 0.354
883 868 0.026
891 868 0.0732
856 869 0.0272
859 870 0.0491
871 870 0.0367
874 870 0.1347
868 871 0.354
870 871 0.0367
872 871 0.0768
871 872 0.0768
873 872 0.0078
877 872 0.0549
880 872 0.1672
872 873 0.0078
870 874 0.1347
875 874 0.043
876 874 0.0141
874 875 0.043
874 876 0.0141
872 877 0.0549
878 877 0.0063
879 877 0.0048
877 878 0.0063
877 879 0.0048
872 880 0.1672
881 880 0.0118
882 880 0.0268
880 881 0.0118
880 882 0.0268
868 883 0.026
884 883 0.0078
886 883 0.0355
883 884 0.0078
885 884 0.0429
886 884 0.0113
887 884 0.0131
884 885 0.0429
883 886 0.0355
884 886 0.0113
888 886 0.0024
884 887 0.0131
886 888 0.0024
832 889 0.1752
890 889 0.1901
906 889 0.0281
988 889 0.0351
889 890 0.1901
891 890 0.0812
894 890 0.0694
989 890 0.0514
868 891 0.0732
890 891 0.0812
893 891 0.0591
851 892 0.0198
891 893 0.0591
890 894 0.0694
895 894 0.1127
898 894 0.0177
894 895 0.1127
896 895 0.1253
897 895 0.2034
895 896 0.1253
897 896 0.2599
899 896 0.0713
895 897 0.2034
896 897 0.2599
902 897 0.0153
903 897 0.0186
904 897 0.0009
905 897 0.0061
894 898 0.0177
896 899 0.0713
900 899 0.0186
901 899 0.0069
899 900 0.0186
899 901 0.0069
897 902 0.0153
897 903 0.0186
897 904 0.0009
897 905 0.0061
889 906 0.0281
907 906 0.2593
908 906 0.0594
839 907 0.1832
906 907 0.2593
980 907 0.027
906 908 0.0594
909 908 0.0122
910 908 0.0109
911 908 0.0559
908 909 0.0122
908 910 0.0109
908 911 0.0559
912 911 0.19
922 911 0.0492
911 912 0.19
913 912 0.164
918 912 0.0364
921 912 0.0379
912 913 0.164
914 913 0.0054
915 913 0.1101
913 914 0.0054
913 915 0.1101
916 915 0.0033
917 915 0.0296
915 916 0.0033
915 917 0.0296
912 918 0.0364
919 918 0.0054
920 918 0.0085
918 919 0.0054
918 920 0.0085
912 921 0.0379
911 922 0.0492
923 922 0.0311
924 922 0.0188
922 923 0.0311
922 924 0.0188
735 925 0.2043
926 925 0.3342
928 925 0.54
925 926 0.3342
927 926 0.3547
930 926 0.1899
939 926 0.0518
926 927 0.3547
940 927 0.4744
950 927 0.0976
793 928 0.0953
925 928 0.54
929 928 0.1651
741 929 0.2653
744 929 0.1006
928 929 0.1651
926 930 0.1899
931 930 0.0588
937 930 0.084
930 931 0.0588
932 931 0.8217
936 931 0.2251
931 932 0.8217
933 932 0.7112
935 932 0.2781
932 933 0.7112
934 933 0.4396
935 933 0.0938
801 934 0.2356
933 934 0.4396
936 934 0.2598
794 935 0.1123
932 935 0.2781
933 935 0.0938
931 936 0.2251
934 936 0.2598
958 936 0.0829
962 936 0.1294
930 937 0.084
938 937 0.5385
939 937 0.3779
937 938 0.5385
926 939 0.0518
937 939 0.3779
950 939 0.0537
927 940 0.4744
1 941 0.0237
733 941 0.2956
942 941 0.2073
941 942 0.2073
943 942 0.1177
944 942 0.2541
942 943 0.1177
942 944 0.2541
734 945 0.049
1 946 0.0262
947 946 0.2572
1112 946 0.123
946 947 0.2572
948 947 0.1119
949 947 0.1947
947 948 0.1119
949 948 0.2438
950 948 0.1716
947 949 0.1947
948 949 0.2438
964 949 0.2309
927 950 0.0976
939 950 0.0537
948 950 0.1716
951 950 0.3555
954 950 0.0688
950 951 0.3555
952 951 0.0446
953 951 0.0329
951 952 0.0446
951 953 0.0329
950 954 0.0688
955 954 0.1723
956 954 0.2583
954 955 0.1723
954 956 0.2583
957 956 0.0515
958 956 0.0978
959 956 0.05
956 957 0.0515
936 958 0.0829
956 958 0.0978
959 958 0.2385
956 959 0.05
958 959 0.2385
960 959 0.2041
961 959 0.2268
959 960 0.2041
959 961 0.2268
836 962 0.153
936 962 0.1294
963 962 0.0687
962 963 0.0687
949 964 0.2309
965 964 0.504
1128 964 0.0113
964 965 0.504
966 965 0.2378
971 965 0.0545
1030 965 0.0634
965 966 0.2378
967 966 0.5959
972 966 0.0335
966 967 0.5959
968 967 0.4386
973 967 0.0593
967 968 0.4386
969 968 0.0874
974 968 0.1342
1030 968 0.1476
968 969 0.0874
970 969 0.0198
974 969 0.0513
975 969 0.0954
978 969 0.0393
969 970 0.0198
965 971 0.0545
966 972 0.0335
967 973 0.0593
968 974 0.1342
969 974 0.0513
1000 974 0.0433
1004 974 0.1601
1023 974 0.1867
969 975 0.0954
976 975 0.1561
977 975 0.1725
975 976 0.1561
977 976 0.1259
979 976 0.0823
975 977 0.1725
976 977 0.1259
1003 977 0.4044
969 978 0.0393
976 979 0.0823
980 979 0.2251
984 979 0.1826
907 980 0.027
979 980 0.2251
981 980 0.0671
982 980 0.0662
980 981 0.0671
980 982 0.0662
983 982 0.0422
986 982 0.021
982 983 0.0422
979 984 0.1826
985 984 0.0962
987 984 0.0754
984 985 0.0962
986 985 0.052
1034 985 0.0778
982 986 0.021
985 986 0.052
990 986 0.0739
984 987 0.0754
825 988 0.1296
843 988 0.1595
889 988 0.0351
890 989 0.0514
986 990 0.0739
190 991 0.1135
992 991 0.0693
993 991 0.0775
991 992 0.0693
991 993 0.0775
994 993 0.0666
997 993 0.4308
993 994 0.0666
995 994 0.0492
997 994 0.0907
994 995 0.0492
996 995 0.0595
998 995 0.0199
995 996 0.0595
190 997 0.0708
993 997 0.4308
994 997 0.0907
995 998 0.0199
141 999 0.0168
974 1000 0.0433
1001 1000 0.1892
1002 1000 0.2634
1000 1001 0.1892
1000 1002 0.2634
977 1003 0.4044
974 1004 0.1601
1005 1004 0.2462
1006 1004 0.0041
1004 1005 0.2462
1006 1005 0.3989
1017 1005 0.1434
1004 1006 0.0041
1005 1006 0.3989
1007 1006 0.1421
1006 1007 0.1421
1008 1007 0.1953
1014 1007 0.0212
1007 1008 0.1953
1009 1008 0.3025
1013 1008 0.0141
1008 1009 0.3025
1010 1009 0.3086
1012 1009 0.0136
1009 1010 0.3086
1011 1010 0.1089
1081 1010 0.0351
1010 1011 0.1089
1041 1011 0.0112
1042 1011 0.3769
1054 1011 0.0252
1009 1012 0.0136
1008 1013 0.0141
1007 1014 0.0212
1015 1014 0.0261
1016 1014 0.0161
1014 1015 0.0261
1014 1016 0.0161
1005 1017 0.1434
1018 1017 0.0472
1020 1017 0.1889
1017 1018 0.0472
1019 1018 0.0257
1020 1018 0.066
1022 1018 0.0256
1018 1019 0.0257
1017 1020 0.1889
1018 1020 0.066
1021 1020 0.0131
1020 1021 0.0131
1018 1022 0.0256
974 1023 0.1867
1024 1023 0.0184
1025 1023 0.1126
1023 1024 0.0184
1023 1025 0.1126
1026 1025 0.0416
1027 1025 0.0595
1025 1026 0.0416
1028 1026 0.0893
1032 1026 0.1703
1025 1027 0.0595
1028 1027 0.1574
1029 1027 0.0226
1026 1028 0.0893
1027 1028 0.1574
1074 1028 0.021
1027 1029 0.0226
965 1030 0.0634
968 1030 0.1476
1031 1030 0.0894
1030 1031 0.0894
1032 1031 0.037
1033 1031 0.0327
1026 1032 0.1703
1031 1032 0.037
1069 1032 0.0484
1031 1033 0.0327
985 1034 0.0778
1035 1034 0.0766
1040 1034 0.0146
1034 1035 0.0766
1037 1035 0.0071
1038 1035 0.1855
1040 1035 0.0119
1038 1036 0.0275
1035 1037 0.0071
1035 1038 0.1855
1036 1038 0.0275
1039 1038 0.0201
1038 1039 0.0201
1034 1040 0.0146
1035 1040 0.0119
1041 1040 0.0216
1011 1041 0.0112
1040 1041 0.0216
1042 1041 0.0416
1011 1042 0.3769
1041 1042 0.0416
1043 1042 0.0169
1047 1042 0.247
1042 1043 0.0169
1044 1043 0.0436
1049 1043 0.0148
1043 1044 0.0436
1045 1044 0.0124
1046 1044 0.005
1044 1045 0.0124
1050 1045 0.0147
1051 1045 0.0069
1044 1046 0.005
1042 1047 0.247
1048 1047 0.49
1056 1047 0.0515
1047 1048 0.49
1049 1048 0.3277
1057 1048 0.1336
1043 1049 0.0148
1048 1049 0.3277
1050 1049 0.2475
1053 1049 0.0067
1045 1050 0.0147
1049 1050 0.2475
1052 1050 0.009
1045 1051 0.0069
1050 1052 0.009
1049 1053 0.0067
1011 1054 0.0252
1055 1054 0.0365
1066 1054 0.149
1054 1055 0.0365
1056 1055 0.5241
1099 1055 0.0199
1047 1056 0.0515
1055 1056 0.5241
1065 1056 0.0388
1048 1057 0.1336
1058 1057 0.1536
1064 1057 0.0066
1057 1058 0.1536
1059 1058 0.0735
1063 1058 0.0092
1058 1059 0.0735
1060 1059 0.0201
1061 1059 0.0101
1062 1059 0.013
1059 1060 0.0201
1059 1061 0.0101
1059 1062 0.013
1058 1063 0.0092
1057 1064 0.0066
1056 1065 0.0388
1054 1066 0.149
1067 1066 0.7003
1076 1066 0.0292
1093 1066 0.0972
1066 1067 0.7003
1068 1067 0.27
1073 1067 0.0404
1067 1068 0.27
1069 1068 0.3207
1074 1068 0.1205
1032 1069 0.0484
1068 1069 0.3207
1070 1069 0.355
1069 1070 0.355
1071 1070 0.3848
1082 1070 0.0988
1070 1071 0.3848
1072 1071 0.3269
1130 1071 0.4367
1071 1072 0.3269
1087 1072 0.0771
1089 1072 0.0539
1129 1072 0.1838
1067 1073 0.0404
1028 1074 0.021
1068 1074 0.1205
1075 1074 0.031
1074 1075 0.031
1066 1076 0.0292
1077 1076 0.0174
1078 1076 0.0438
1076 1077 0.0174
1076 1078 0.0438
1079 1078 0.0318
1080 1078 0.0436
1078 1079 0.0318
1078 1080 0.0436
1010 1081 0.0351
1070 1082 0.0988
1083 1082 0.0607
1086 1082 0.033
1082 1083 0.0607
1084 1083 0.0839
1085 1083 0.0749
1083 1084 0.0839
1083 1085 0.0749
1082 1086 0.033
1072 1087 0.0771
1088 1087 0.2652
1125 1087 0.0522
1087 1088 0.2652
1089 1088 0.2912
1127 1088 0.1247
1072 1089 0.0539
1088 1089 0.2912
1090 1089 0.1095
1089 1090 0.1095
1091 1090 0.0858
1092 1090 0.0693
1090 1091 0.0858
1090 1092 0.0693
1066 1093 0.0972
1094 1093 0.0368
1168 1093 0.0151
1093 1094 0.0368
1095 1094 0.1441
1100 1094 0.1537
1194 1094 0.0406
1094 1095 0.1441
1096 1095 0.0345
1097 1095 0.0925
1095 1096 0.0345
1095 1097 0.0925
1098 1097 0.0155
1101 1097 0.0104
1097 1098 0.0155
1055 1099 0.0199
1094 1100 0.1537
1101 1100 0.3515
1105 1100 0.0383
1097 1101 0.0104
1100 1101 0.3515
1102 1101 0.0169
1101 1102 0.0169
1103 1102 0.0144
1104 1102 0.018
1102 1103 0.0144
1102 1104 0.018
1100 1105 0.0383
1106 1105 0.0092
1107 1105 0.0256
1105 1106 0.0092
