125 1 2221.7285
4 2 5691.5196
5 2 6835.27
6 2 8605.852
8 2 6101.2813
10 2 5017.5615
11 2 6447.4533
12 2 7616.1462
13 2 5878.8948
15 2 3862.4952
16 2 4111.8421
17 2 5515.7198
18 2 4952.947
21 2 4686.0356
22 2 5128.2051
24 2 187.6525
33 2 1525.553
40 2 2901.0734
53 2 3557.4529
88 2 2010.8586
95 2 4710.3156
187 3 198.3733
2 4 5691.5196
2 5 6835.27
114 5 15926.1029
175 5 202.8398
2 6 8605.852
96 6 5952.381
101 6 21299.2545
108 6 5733.945
114 6 12212.9946
81 7 76.3942
2 8 6101.2813
88 8 9950.2488
89 8 4046.9446
95 8 10870.7468
36 9 126.1034
2 10 5017.5615
11 10 1384.2746
81 10 115.5669
2 11 6447.4533
10 11 1384.2746
12 11 4132.2314
2 12 7616.1462
11 12 4132.2314
71 12 13328.0021
2 13 5878.8948
63 13 16823.6878
64 13 23786.8696
71 13 18129.079
75 14 5583.4729
2 15 3862.4952
2 16 4111.8421
2 17 5515.7198
40 17 2239.1402
47 17 268.9618
68 17 6915.6293
2 18 4952.947
51 19 1371.3659
164 20 501.002
2 21 4686.0356
34 21 1123.4693
38 21 83.3333
2 22 5128.2051
33 22 5000.0
34 22 4582.9514
35 23 39.5257
2 24 187.6525
25 24 113.8952
28 24 229.4631
24 25 113.8952
26 25 270.8559
27 25 654.4503
232 25 1198.7533
25 26 270.8559
25 27 654.4503
24 28 229.4631
29 28 253.2287
30 28 1361.0998
28 29 253.2287
28 30 1361.0998
31 30 1666.1113
119 30 260.078
30 31 1666.1113
116 31 465.1163
117 31 402.0909
133 32 405.6795
2 33 1525.553
22 33 5000.0
231 33 99.6016
21 34 1123.4693
22 34 4582.9514
121 34 53.5045
133 34 102.522
23 35 39.5257
9 36 126.1034
139 37 5711.0223
143 37 12528.1884
218 37 85.7633
21 38 83.3333
41 39 4480.2867
66 39 1474.4913
67 39 7032.3488
2 40 2901.0734
17 40 2239.1402
68 40 3844.6751
39 41 4480.2867
69 41 2035.4162
73 41 2075.1193
43 42 1731.6017
68 42 332.3363
122 42 59.3824
42 43 1731.6017
45 43 6191.9505
124 43 732.0644
123 44 429.0004
43 45 6191.9505
143 46 2461.8415
17 47 268.9618
48 47 1240.5409
122 47 135.3913
47 48 1240.5409
52 49 2117.2983
127 49 387.8976
128 49 4312.2035
126 50 224.0645
19 51 1371.3659
49 52 2117.2983
2 53 3557.4529
54 53 706.2147
63 53 21848.3723
53 54 706.2147
55 54 2576.6555
56 54 92.1659
63 54 9920.6349
64 54 17705.3824
54 55 2576.6555
56 55 144.2377
58 55 591.3661
54 56 92.1659
55 56 144.2377
131 56 66.0066
61 57 481.4636
55 58 591.3661
59 58 948.7666
62 58 257.1355
58 59 948.7666
60 59 1424.0957
179 59 68.1199
59 60 1424.0957
107 60 301.7502
134 60 2633.6582
57 61 481.4636
58 62 257.1355
13 63 16823.6878
53 63 21848.3723
54 63 9920.6349
13 64 23786.8696
54 64 17705.3824
71 64 25290.8447
72 64 15733.1655
66 65 685.8711
39 66 1474.4913
65 66 685.8711
69 66 1034.4471
39 67 7032.3488
147 67 9950.2488
150 67 21008.4034
151 67 2740.4768
17 68 6915.6293
40 68 3844.6751
42 68 332.3363
41 69 2035.4162
66 69 1034.4471
70 69 610.8735
69 70 610.8735
72 70 376.3643
74 70 626.1741
76 70 346.9813
12 71 13328.0021
13 71 18129.079
64 71 25290.8447
72 71 9505.7034
64 72 15733.1655
70 72 376.3643
71 72 9505.7034
41 73 2075.1193
154 73 478.6979
155 73 597.0149
70 74 626.1741
14 75 5583.4729
145 75 383.8772
151 75 550.055
153 75 1216.397
70 76 346.9813
77 76 4327.1311
78 76 590.3188
138 76 293.5995
184 76 699.7901
185 76 11303.2666
76 77 4327.1311
139 77 11618.4501
142 77 2332.6335
143 77 1395.2839
76 78 590.3188
98 79 4222.973
137 80 551.8764
7 81 76.3942
10 81 115.5669
82 81 6277.4639
136 81 280.5836
81 82 6277.4639
84 83 2135.3833
83 84 2135.3833
85 84 145.2644
88 84 331.1258
84 85 145.2644
163 86 158.5289
156 87 239.521
2 88 2010.8586
8 88 9950.2488
84 88 331.1258
8 89 4046.9446
90 89 1077.7023
95 89 1630.5234
89 90 1077.7023
91 90 1826.8177
186 90 210.3934
90 91 1826.8177
96 92 666.2225
94 93 81.2348
161 93 162.7075
163 93 1151.4105
93 94 81.2348
2 95 4710.3156
8 95 10870.7468
89 95 1630.5234
96 95 14126.289
6 96 5952.381
92 96 666.2225
95 96 14126.289
101 96 2701.9724
98 97 465.7662
79 98 4222.973
97 98 465.7662
100 98 1834.5258
115 99 142.6941
98 100 1834.5258
102 100 325.6268
162 100 400.1601
6 101 21299.2545
96 101 2701.9724
102 101 1968.5039
100 102 325.6268
101 102 1968.5039
103 102 1089.562
102 103 1089.562
104 103 216.3566
105 103 3131.8509
164 103 319.4888
103 104 216.3566
103 105 3131.8509
106 105 3083.5646
165 105 682.1282
105 106 3083.5646
167 106 1869.8579
168 106 1504.6645
60 107 301.7502
6 108 5733.945
114 108 6353.2402
171 108 196.7342
110 109 2287.2827
109 110 2287.2827
173 110 307.8818
227 110 151.7911
112 111 190.3674
111 112 190.3674
174 113 227.5831
5 114 15926.1029
6 114 12212.9946
108 114 6353.2402
99 115 142.6941
31 116 465.1163
31 117 402.0909
118 117 1124.9859
230 117 96.0615
117 118 1124.9859
30 119 260.078
133 120 810.3728
34 121 53.5045
42 122 59.3824
47 122 135.3913
233 122 1027.538
44 123 429.0004
43 124 732.0644
197 124 295.5956
199 124 64.1026
1 125 2221.7285
50 126 224.0645
49 127 387.8976
176 127 753.012
197 127 34.0252
49 128 4312.2035
129 128 828.5004
130 128 1738.5257
128 129 828.5004
128 130 1738.5257
178 130 656.5988
189 130 155.0868
56 131 66.0066
132 131 3051.5716
134 131 465.9832
200 131 97.9432
131 132 3051.5716
32 133 405.6795
34 133 102.522
120 133 810.3728
60 134 2633.6582
131 134 465.9832
135 134 271.9608
134 135 271.9608
180 135 1611.8633
201 135 76.864
81 136 280.5836
80 137 551.8764
76 138 293.5995
37 139 5711.0223
77 139 11618.4501
140 139 2755.58
139 140 2755.58
141 140 162.893
217 140 74.5156
140 141 162.893
77 142 2332.6335
37 143 12528.1884
46 143 2461.8415
77 143 1395.2839
226 144 94.6074
75 145 383.8772
146 145 500.7511
183 145 104.6135
145 146 500.7511
67 147 9950.2488
148 147 488.5198
149 147 754.1478
147 148 488.5198
147 149 754.1478
205 149 174.4896
210 149 162.6281
67 150 21008.4034
152 150 1493.4289
154 150 4786.9794
67 151 2740.4768
75 151 550.055
152 151 4557.8851
181 151 544.6623
150 152 1493.4289
151 152 4557.8851
153 152 5861.6647
75 153 1216.397
152 153 5861.6647
155 153 3913.8943
73 154 478.6979
150 154 4786.9794
155 154 4897.1596
73 155 597.0149
153 155 3913.8943
154 155 4897.1596
87 156 239.521
225 157 70.6215
159 158 721.5007
160 158 533.3333
222 158 248.5707
158 159 721.5007
158 160 533.3333
93 161 162.7075
100 162 400.1601
86 163 158.5289
93 163 1151.4105
221 163 172.6221
20 164 501.002
103 164 319.4888
165 164 4210.5263
105 165 682.1282
164 165 4210.5263
166 165 207.7275
165 166 207.7275
106 167 1869.8579
106 168 1504.6645
169 168 1735.5085
170 168 3735.5248
168 169 1735.5085
219 169 176.4291
220 169 135.1717
168 170 3735.5248
108 171 196.7342
172 171 751.8797
187 171 841.0429
171 172 751.8797
110 173 307.8818
228 173 131.2508
229 173 81.8331
113 174 227.5831
5 175 202.8398
127 176 753.012
177 176 2060.1566
196 176 159.388
176 177 2060.1566
193 177 111.21
195 177 121.1827
130 178 656.5988
189 178 2900.232
191 178 459.3477
59 179 68.1199
135 180 1611.8633
151 181 544.6623
182 181 348.3107
202 181 229.5157
181 182 348.3107
145 183 104.6135
76 184 699.7901
76 185 11303.2666
90 186 210.3934
3 187 198.3733
171 187 841.0429
188 187 535.0455
187 188 535.0455
130 189 155.0868
178 189 2900.232
190 189 434.5937
189 190 434.5937
178 191 459.3477
192 191 705.7163
193 191 113.5976
191 192 705.7163
177 193 111.21
191 193 113.5976
194 193 557.7245
193 194 557.7245
177 195 121.1827
176 196 159.388
124 197 295.5956
127 197 34.0252
198 197 168.1237
197 198 168.1237
124 199 64.1026
131 200 97.9432
135 201 76.864
181 202 229.5157
203 202 1517.4507
204 202 223.7637
202 203 1517.4507
202 204 223.7637
149 205 174.4896
206 205 492.126
207 205 1334.2228
205 206 492.126
205 207 1334.2228
208 207 561.4823
209 207 841.7508
207 208 561.4823
207 209 841.7508
149 210 162.6281
211 210 1705.9024
213 210 14027.2128
210 211 1705.9024
212 211 1281.7226
214 211 1535.8624
211 212 1281.7226
210 213 14027.2128
211 214 1535.8624
215 214 470.1457
216 214 465.9832
214 215 470.1457
214 216 465.9832
140 217 74.5156
37 218 85.7633
169 219 176.4291
169 220 135.1717
163 221 172.6221
158 222 248.5707
223 222 1577.5359
224 222 2199.736
222 223 1577.5359
222 224 2199.736
157 225 70.6215
144 226 94.6074
110 227 151.7911
173 228 131.2508
173 229 81.8331
117 230 96.0615
33 231 99.6016
25 232 1198.7533
122 233 1027.538
