303 1 70.5219
7 2 6261.7408
9 2 5476.4513
10 2 5694.7608
11 2 6385.696
12 2 5668.9342
13 2 4599.816
14 2 338.9831
15 2 281.1358
20 2 1804.7284
22 2 2567.3941
26 2 316.7564
27 2 2289.9015
36 2 1733.7032
40 2 866.5511
41 2 3136.7629
44 2 1914.242
53 2 3996.8026
54 2 2736.7269
55 2 622.665
60 2 3521.1268
61 2 532.7651
63 2 1696.0651
82 2 451.4673
83 2 606.0606
84 2 87.26
8 3 2269.1173
8 4 1448.8554
6 5 81.7661
5 6 81.7661
174 6 625.7822
176 6 139.3534
298 6 1031.9917
2 7 6261.7408
19 7 6402.0487
297 7 136.2955
3 8 2269.1173
4 8 1448.8554
290 8 351.6174
2 9 5476.4513
21 9 611.2469
22 9 4805.382
2 10 5694.7608
31 10 1309.2433
36 10 1713.2088
2 11 6385.696
38 11 587.1991
86 11 31.7965
2 12 5668.9342
40 12 3795.0664
42 12 188.6081
2 13 4599.816
45 13 185.77
48 13 329.5979
52 13 1126.253
53 13 4670.7146
2 14 338.9831
88 14 148.28
90 14 5443.6581
95 14 5221.9321
2 15 281.1358
16 15 1960.3999
87 15 1291.8228
15 16 1960.3999
94 16 219.5872
95 16 6978.3671
175 17 33.9789
98 18 872.6003
99 18 1963.4793
297 18 13431.8334
7 19 6402.0487
2 20 1804.7284
9 21 611.2469
2 22 2567.3941
9 22 4805.382
23 22 940.7338
22 23 940.7338
97 23 216.2162
102 23 90.0901
178 24 26.5675
97 25 5136.1068
98 25 1314.5787
291 25 562.7462
2 26 316.7564
2 27 2289.9015
28 27 10477.7871
30 27 380.5175
85 27 217.8175
27 28 10477.7871
29 28 1780.6268
295 28 74.9064
28 29 1780.6268
27 30 380.5175
31 30 415.11
33 30 163.2387
10 31 1309.2433
30 31 415.11
32 31 357.5259
31 32 357.5259
30 33 163.2387
34 33 143.0206
35 33 344.2341
33 34 143.0206
33 35 344.2341
2 36 1733.7032
10 36 1713.2088
37 36 88.968
36 37 88.968
104 37 143.287
105 37 81.8331
11 38 587.1991
39 38 154.5356
40 38 248.88
38 39 154.5356
2 40 866.5511
12 40 3795.0664
38 40 248.88
2 41 3136.7629
43 41 1497.4543
106 41 25.5428
12 42 188.6081
41 43 1497.4543
2 44 1914.242
13 45 185.77
46 45 586.5103
47 45 234.9072
154 45 64.0615
45 46 586.5103
107 46 1962.3234
109 46 60.4961
45 47 234.9072
13 48 329.5979
49 48 7209.8053
69 48 104.6463
77 48 114.5869
48 49 7209.8053
50 49 5797.1014
81 49 663.57
114 49 273.224
49 50 5797.1014
51 50 1481.701
81 50 552.1811
50 51 1481.701
110 51 122.0256
111 51 508.1301
112 51 1319.9578
13 52 1126.253
2 53 3996.8026
13 53 4670.7146
54 53 5485.4635
2 54 2736.7269
53 54 5485.4635
55 54 6891.7988
2 55 622.665
54 55 6891.7988
56 55 836.1204
55 56 836.1204
57 56 4533.0916
61 56 3001.2005
56 57 4533.0916
58 57 565.931
60 57 429.5533
68 57 1836.5473
57 58 565.931
64 58 5973.7157
129 58 57.4383
66 59 3099.814
123 59 2378.687
127 59 82.6446
2 60 3521.1268
57 60 429.5533
61 60 1363.8843
62 60 252.1432
2 61 532.7651
56 61 3001.2005
60 61 1363.8843
60 62 252.1432
130 62 2649.7085
134 62 471.0316
2 63 1696.0651
58 64 5973.7157
65 64 8880.9947
130 64 84.8176
64 65 8880.9947
66 65 3153.5793
67 65 1150.4832
59 66 3099.814
65 66 3153.5793
128 66 51.3875
65 67 1150.4832
57 68 1836.5473
69 68 3825.5547
75 68 213.3561
48 69 104.6463
68 69 3825.5547
70 69 2993.1158
76 69 361.7945
69 70 2993.1158
71 70 4748.3381
79 70 90.6618
70 71 4748.3381
72 71 3538.5704
80 71 75.7002
71 72 3538.5704
73 72 3481.8942
77 72 1174.1223
78 72 6414.3682
122 72 245.5193
72 73 3481.8942
74 73 10937.3291
117 73 108.1783
73 74 10937.3291
77 74 2721.8291
113 74 6349.2063
118 74 165.5629
68 75 213.3561
69 76 361.7945
48 77 114.5869
72 77 1174.1223
74 77 2721.8291
72 78 6414.3682
70 79 90.6618
71 80 75.7002
49 81 663.57
50 81 552.1811
115 81 492.126
2 82 451.4673
141 82 82.1693
172 82 56.6893
2 83 606.0606
2 84 87.26
137 84 169.1189
215 84 28.4981
27 85 217.8175
11 86 31.7965
15 87 1291.8228
14 88 148.28
89 88 616.1429
90 88 170.1838
88 89 616.1429
92 89 180.4728
138 89 695.8942
143 89 356.3792
14 90 5443.6581
88 90 170.1838
91 90 2367.9848
90 91 2367.9848
92 91 4821.6008
200 91 150.3307
89 92 180.4728
91 92 4821.6008
93 92 382.7019
210 92 57.4713
92 93 382.7019
144 93 274.8008
204 93 675.2194
16 94 219.5872
147 94 108.9562
193 94 147.1021
297 94 213.6752
14 95 5221.9321
16 95 6978.3671
96 95 260.078
189 95 182.0499
95 96 260.078
145 96 4168.4035
146 96 886.5248
23 97 216.2162
25 97 5136.1068
98 97 761.035
18 98 872.6003
25 98 1314.5787
97 98 761.035
18 99 1963.4793
100 99 251.7623
148 99 250.8781
99 100 251.7623
149 101 14398.8481
183 101 65.0195
184 101 99.7009
291 101 1014.3017
23 102 90.0901
103 102 1248.5953
292 102 403.8772
102 103 1248.5953
37 104 143.287
37 105 81.8331
152 105 1208.3132
173 105 179.7591
41 106 25.5428
153 106 1656.7263
282 106 132.8198
46 107 1962.3234
108 107 172.4435
285 107 104.6792
288 107 135.4096
107 108 172.4435
46 109 60.4961
51 110 122.0256
51 111 508.1301
155 111 5998.8002
156 111 967.118
273 111 190.4762
51 112 1319.9578
155 112 209.6436
271 112 81.4996
74 113 6349.2063
114 113 9082.6521
120 113 1443.2097
49 114 273.224
113 114 9082.6521
115 114 1572.5743
81 115 492.126
114 115 1572.5743
116 115 1751.6202
115 116 1751.6202
266 116 878.7346
271 116 89.2857
73 117 108.1783
74 118 165.5629
120 119 229.0951
113 120 1443.2097
119 120 229.0951
121 120 964.3202
120 121 964.3202
157 121 2774.6948
159 121 476.8717
72 122 245.5193
59 123 2378.687
124 123 3059.9755
247 123 69.0608
123 124 3059.9755
125 124 431.2204
126 124 815.6607
124 125 431.2204
159 125 1101.4429
160 125 558.0357
262 125 199.4018
124 126 815.6607
161 126 1610.8247
162 126 3745.3184
59 127 82.6446
130 127 192.0123
133 127 241.6043
66 128 51.3875
58 129 57.4383
62 130 2649.7085
64 130 84.8176
127 130 192.0123
131 130 1881.4675
167 130 58.2751
130 131 1881.4675
132 131 4144.2188
133 131 232.8831
223 131 133.672
131 132 4144.2188
164 132 750.1875
165 132 24.57
127 133 241.6043
131 133 232.8831
247 133 47.1254
293 133 80.0641
62 134 471.0316
135 134 167.6727
136 134 728.863
134 135 167.6727
134 136 728.863
167 136 1155.0012
170 136 3575.2592
84 137 169.1189
139 137 100.9591
207 137 2014.5044
89 138 695.8942
139 138 5714.2857
141 138 801.2821
137 139 100.9591
138 139 5714.2857
140 139 2683.8433
141 139 1473.6222
139 140 2683.8433
209 140 671.5917
210 140 306.0912
82 141 82.1693
138 141 801.2821
139 141 1473.6222
142 141 421.23
141 142 421.23
89 143 356.3792
93 144 274.8008
96 145 4168.4035
194 145 139.1401
195 145 773.3952
96 146 886.5248
94 147 108.9562
191 147 264.2706
192 147 425.7131
99 148 250.8781
149 148 2158.8946
191 148 239.12
101 149 14398.8481
148 149 2158.8946
150 149 3700.9623
149 150 3700.9623
151 150 5411.2554
188 150 504.5409
150 151 5411.2554
105 152 1208.3132
106 153 1656.7263
280 153 44.6229
281 153 32.7011
45 154 64.0615
286 154 329.7066
287 154 347.9471
111 155 5998.8002
112 155 209.6436
272 155 91.7431
111 156 967.118
121 157 2774.6948
158 157 2980.6259
159 157 1782.2135
157 158 2980.6259
258 158 1263.9029
261 158 72.3066
262 158 2760.1435
121 159 476.8717
125 159 1101.4429
157 159 1782.2135
125 160 558.0357
126 161 1610.8247
258 161 3474.6352
262 161 4752.8517
126 162 3745.3184
163 162 2677.3762
242 162 15.1172
162 163 2677.3762
255 163 10342.3312
260 163 951.4748
132 164 750.1875
165 164 1073.4221
235 164 416.1465
293 164 2094.2408
132 165 24.57
164 165 1073.4221
231 165 223.2641
243 166 164.3115
244 166 233.4267
246 166 521.6484
293 166 728.863
130 167 58.2751
136 167 1155.0012
168 167 611.9951
169 167 89.8473
167 168 611.9951
167 169 89.8473
136 170 3575.2592
171 170 3721.6226
218 170 38.4172
170 171 3721.6226
217 171 4599.816
222 171 3627.1309
224 171 262.8121
82 172 56.6893
105 173 179.7591
174 173 109.577
175 173 154.321
6 174 625.7822
173 174 109.577
176 174 155.0388
17 175 33.9789
173 175 154.321
176 175 79.5545
6 176 139.3534
174 176 155.0388
175 176 79.5545
177 176 557.4136
176 177 557.4136
24 178 26.5675
180 178 314.2678
294 178 82.9187
180 179 1102.779
182 179 3748.1259
292 179 101.8849
178 180 314.2678
179 180 1102.779
181 180 1223.3912
182 180 2395.2096
180 181 1223.3912
179 182 3748.1259
180 182 2395.2096
183 182 213.9495
185 182 87.4126
101 183 65.0195
182 183 213.9495
184 183 80.7754
101 184 99.7009
183 184 80.7754
185 184 488.9976
187 184 234.192
182 185 87.4126
184 185 488.9976
186 185 1179.5235
185 186 1179.5235
184 187 234.192
150 188 504.5409
189 188 362.7131
192 188 1772.7353
193 188 4980.0797
95 189 182.0499
188 189 362.7131
190 189 771.6049
189 190 771.6049
147 191 264.2706
148 191 239.12
192 191 1115.2002
147 192 425.7131
188 192 1772.7353
191 192 1115.2002
193 192 1783.1669
94 193 147.1021
188 193 4980.0797
192 193 1783.1669
145 194 139.1401
145 195 773.3952
196 195 65.0618
197 195 546.4481
195 196 65.0618
195 197 546.4481
198 197 1543.2099
199 197 2964.7198
197 198 1543.2099
197 199 2964.7198
91 200 150.3307
201 200 376.6478
204 200 134.7164
200 201 376.6478
202 201 918.2736
203 201 141.3028
201 202 918.2736
201 203 141.3028
93 204 675.2194
200 204 134.7164
205 204 340.1361
213 204 31.3087
204 205 340.1361
206 205 172.7116
299 205 204.6664
205 206 172.7116
137 207 2014.5044
208 207 2172.0243
209 207 981.3543
207 208 2172.0243
209 208 3139.7174
211 208 781.25
212 208 1484.5606
140 209 671.5917
207 209 981.3543
208 209 3139.7174
92 210 57.4713
140 210 306.0912
211 210 1097.6948
213 210 299.4909
208 211 781.25
210 211 1097.6948
212 211 2511.9317
208 212 1484.5606
211 212 2511.9317
213 212 1148.1056
204 213 31.3087
210 213 299.4909
212 213 1148.1056
214 213 219.106
213 214 219.106
84 215 28.4981
216 215 1473.405
302 215 437.8284
215 216 1473.405
171 217 4599.816
218 217 292.6544
221 217 1106.0723
170 218 38.4172
217 218 292.6544
219 218 74.0741
221 218 269.7599
218 219 74.0741
220 219 766.2835
302 219 209.7755
219 220 766.2835
217 221 1106.0723
218 221 269.7599
302 221 335.9086
171 222 3627.1309
223 222 53.0223
225 222 778.8162
228 222 1102.9006
131 223 133.672
222 223 53.0223
230 223 256.8053
171 224 262.8121
222 225 778.8162
226 225 981.3543
228 225 2997.6019
225 226 981.3543
227 226 672.9475
229 226 1554.2431
226 227 672.9475
222 228 1102.9006
225 228 2997.6019
229 228 3965.1071
226 229 1554.2431
228 229 3965.1071
230 229 1149.2932
223 230 256.8053
229 230 1149.2932
240 230 2013.2877
165 231 223.2641
232 231 626.1741
233 231 403.7142
231 232 626.1741
233 232 4821.6008
237 232 4244.4822
231 233 403.7142
232 233 4821.6008
234 233 393.391
233 234 393.391
235 234 772.7975
241 234 559.5971
164 235 416.1465
234 235 772.7975
236 235 35.3607
235 236 35.3607
232 237 4244.4822
238 237 4321.5212
240 237 116.4415
237 238 4321.5212
239 238 1445.7135
240 238 316.2555
238 239 1445.7135
230 240 2013.2877
237 240 116.4415
238 240 316.2555
234 241 559.5971
162 242 15.1172
244 242 1237.3175
248 242 1000.2
166 243 164.3115
244 243 1453.4884
247 243 117.1783
166 244 233.4267
242 244 1237.3175
243 244 1453.4884
245 244 1812.2508
244 245 1812.2508
246 245 72.4638
249 245 108.5305
166 246 521.6484
245 246 72.4638
253 246 219.6354
123 247 69.0608
133 247 47.1254
243 247 117.1783
242 248 1000.2
251 248 185.2538
276 248 162.4695
245 249 108.5305
250 249 5099.4391
252 249 564.6527
249 250 5099.4391
248 251 185.2538
252 251 1905.1248
278 251 2660.9899
249 252 564.6527
251 252 1905.1248
253 252 1205.9817
246 253 219.6354
252 253 1205.9817
254 253 2394.636
253 254 2394.636
163 255 10342.3312
256 255 815.6607
257 255 270.2703
279 255 2173.913
255 256 815.6607
276 256 333.0003
279 256 1705.9024
255 257 270.2703
261 257 6105.0061
264 257 3926.1877
265 257 365.8983
158 258 1263.9029
161 258 3474.6352
259 258 6016.8472
258 259 6016.8472
260 259 623.4414
261 259 2431.9066
163 260 951.4748
259 260 623.4414
261 260 402.4145
158 261 72.3066
257 261 6105.0061
259 261 2431.9066
260 261 402.4145
263 261 834.0284
125 262 199.4018
158 262 2760.1435
161 262 4752.8517
261 263 834.0284
274 263 741.2898
275 263 1042.7529
257 264 3926.1877
257 265 365.8983
116 266 878.7346
267 266 16260.1626
269 266 2242.1525
266 267 16260.1626
268 267 8688.0973
274 267 390.3201
267 268 8688.0973
269 268 5070.9939
270 268 778.8162
275 268 1036.8066
266 269 2242.1525
268 269 5070.9939
271 269 399.0423
268 270 778.8162
112 271 81.4996
116 271 89.2857
269 271 399.0423
155 272 91.7431
111 273 190.4762
263 274 741.2898
267 274 390.3201
275 274 1688.9039
263 275 1042.7529
268 275 1036.8066
274 275 1688.9039
248 276 162.4695
256 276 333.0003
277 276 1606.6838
278 276 1410.4372
276 277 1606.6838
278 277 2240.1434
279 277 931.0987
251 278 2660.9899
276 278 1410.4372
277 278 2240.1434
255 279 2173.913
256 279 1705.9024
277 279 931.0987
153 280 44.6229
153 281 32.7011
106 282 132.8198
283 282 103.9393
284 282 66.1813
282 283 103.9393
282 284 66.1813
107 285 104.6792
154 286 329.7066
154 287 347.9471
107 288 135.4096
289 288 75.4717
290 288 431.0345
288 289 75.4717
8 290 351.6174
288 290 431.0345
303 290 64.5161
25 291 562.7462
101 291 1014.3017
292 291 37.8501
102 292 403.8772
179 292 101.8849
291 292 37.8501
133 293 80.0641
164 293 2094.2408
166 293 728.863
178 294 82.9187
295 294 3759.3985
298 294 269.9784
28 295 74.9064
294 295 3759.3985
296 295 196.3094
298 295 191.1315
295 296 196.3094
7 297 136.2955
18 297 13431.8334
94 297 213.6752
6 298 1031.9917
294 298 269.9784
295 298 191.1315
205 299 204.6664
300 299 559.9104
301 299 400.0
299 300 559.9104
299 301 400.0
215 302 437.8284
219 302 209.7755
221 302 335.9086
1 303 70.5219
290 303 64.5161
304 303 122.6392
303 304 122.6392
