2 1 6009.6154
3 1 5361.9303
4 1 5470.4595
5 1 6031.3631
6 1 5509.6419
7 1 4462.2936
8 1 369.4126
9 1 242.8953
13 1 2031.2817
15 1 2547.1218
18 1 322.8931
19 1 2287.806
29 1 1878.9929
32 1 864.3042
33 1 3122.0731
37 1 2021.8358
46 1 3920.0314
47 1 2617.801
48 1 859.8452
53 1 3323.3632
54 1 527.7045
56 1 1690.6171
75 1 312.1099
76 1 773.3952
77 1 81.0373
1 2 6009.6154
12 2 6056.9352
94 2 135.8511
1 3 5361.9303
14 3 652.7415
15 3 4916.4208
1 4 5470.4595
24 4 1791.4726
29 4 1810.9381
1 5 6031.3631
31 5 868.0556
80 5 41.876
1 6 5509.6419
32 6 3825.5547
34 6 205.2124
1 7 4462.2936
38 7 226.1932
41 7 369.4126
45 7 1285.1819
46 7 4576.659
1 8 369.4126
83 8 133.1558
85 8 6218.9055
89 8 5200.208
1 9 242.8953
10 9 1868.4604
82 9 1054.8523
9 10 1868.4604
89 10 6693.4404
143 10 81.3008
93 11 848.1764
94 11 3322.2591
95 11 1838.2353
2 12 6056.9352
1 13 2031.2817
3 14 652.7415
1 15 2547.1218
3 15 4916.4208
16 15 867.3027
15 16 867.3027
91 16 256.0819
98 16 102.0512
92 17 5530.9735
93 17 1190.0512
298 17 662.6905
1 18 322.8931
1 19 2287.806
20 19 510.7252
21 19 10690.6136
23 19 523.2862
19 20 510.7252
78 20 138.8118
79 20 110.5583
19 21 10690.6136
22 21 1537.279
177 21 43.611
21 22 1537.279
19 23 523.2862
24 23 735.2941
26 23 197.6675
4 24 1791.4726
23 24 735.2941
25 24 758.1501
24 25 758.1501
23 26 197.6675
27 26 161.8385
28 26 465.9832
26 27 161.8385
26 28 465.9832
1 29 1878.9929
4 29 1810.9381
30 29 94.3396
29 30 94.3396
100 30 151.0118
101 30 132.6612
5 31 868.0556
32 31 643.5006
81 31 37.8644
1 32 864.3042
6 32 3825.5547
31 32 643.5006
1 33 3122.0731
35 33 27.571
36 33 29.5072
102 33 36.6166
6 34 205.2124
33 35 27.571
33 36 29.5072
1 37 2021.8358
7 38 226.1932
39 38 1051.4142
40 38 453.1038
150 38 78.0031
38 39 1051.4142
103 39 2239.1402
105 39 194.3635
38 40 453.1038
7 41 369.4126
42 41 8257.6383
62 41 192.6782
70 41 119.9904
41 42 8257.6383
43 42 7057.163
74 42 881.8342
110 42 261.0285
42 43 7057.163
44 43 1901.1407
74 43 688.2312
43 44 1901.1407
106 44 182.615
107 44 478.4689
108 44 1689.7601
7 45 1285.1819
1 46 3920.0314
7 46 4576.659
47 46 5714.2857
1 47 2617.801
46 47 5714.2857
48 47 7423.905
1 48 859.8452
47 48 7423.905
49 48 778.2101
48 49 778.2101
50 49 4366.8122
54 49 2634.3519
49 50 4366.8122
51 50 569.152
53 50 477.7831
61 50 2187.2266
50 51 569.152
57 51 6435.0064
125 51 143.3075
59 52 3338.8982
119 52 2686.0059
123 52 102.7116
1 53 3323.3632
50 53 477.7831
54 53 1072.0412
55 53 238.7205
1 54 527.7045
49 54 2634.3519
53 54 1072.0412
53 55 238.7205
126 55 2726.2814
130 55 495.0495
1 56 1690.6171
51 57 6435.0064
58 57 9569.378
126 57 114.771
57 58 9569.378
59 58 3727.1711
60 58 1796.6223
52 59 3338.8982
58 59 3727.1711
124 59 91.9118
58 60 1796.6223
50 61 2187.2266
62 61 5045.4087
68 61 303.9514
41 62 192.6782
61 62 5045.4087
63 62 3546.0993
69 62 430.1075
62 63 3546.0993
64 63 7363.7703
72 63 244.081
63 64 7363.7703
65 64 5777.0075
73 64 225.1238
64 65 5777.0075
66 65 4549.5905
70 65 1052.8532
71 65 6410.2564
118 65 543.7738
65 66 4549.5905
67 66 12781.1861
113 66 125.8653
66 67 12781.1861
70 67 2137.6657
109 67 7209.8053
114 67 202.0202
61 68 303.9514
62 69 430.1075
41 70 119.9904
65 70 1052.8532
67 70 2137.6657
65 71 6410.2564
63 72 244.081
64 73 225.1238
42 74 881.8342
43 74 688.2312
111 74 544.3658
1 75 312.1099
137 75 81.367
168 75 57.3723
1 76 773.3952
1 77 81.0373
133 77 161.6815
217 77 26.3852
20 78 138.8118
20 79 110.5583
5 80 41.876
31 81 37.8644
9 82 1054.8523
8 83 133.1558
84 83 719.9424
85 83 168.2369
83 84 719.9424
87 84 217.0139
134 84 803.8585
139 84 363.901
8 85 6218.9055
83 85 168.2369
86 85 2651.8165
85 86 2651.8165
87 86 5192.108
201 86 152.952
84 87 217.0139
86 87 5192.108
88 87 357.3981
212 87 66.1376
87 88 357.3981
140 88 341.8803
205 88 652.3157
8 89 5200.208
10 89 6693.4404
90 89 317.0577
189 89 192.4928
89 90 317.0577
141 90 4490.3458
142 90 742.3905
16 91 256.0819
92 91 2044.1537
94 91 124.6883
17 92 5530.9735
91 92 2044.1537
93 92 653.5948
11 93 848.1764
17 93 1190.0512
92 93 653.5948
2 94 135.8511
11 94 3322.2591
91 94 124.6883
11 95 1838.2353
96 95 227.0148
144 95 226.5006
95 96 227.0148
145 97 15805.279
183 97 84.4595
184 97 105.6859
298 97 1166.725
16 98 102.0512
99 98 1333.8669
299 98 464.4682
98 99 1333.8669
30 100 151.0118
30 101 132.6612
148 101 1043.2968
169 101 166.251
33 102 36.6166
149 102 1683.2183
287 102 201.0454
39 103 2239.1402
104 103 210.482
290 103 119.1611
293 103 154.0357
103 104 210.482
39 105 194.3635
44 106 182.615
44 107 478.4689
151 107 5385.0296
152 107 833.3333
278 107 198.9654
44 108 1689.7601
151 108 313.7747
276 108 87.3362
67 109 7209.8053
110 109 10649.6273
116 109 1969.2792
42 110 261.0285
109 110 10649.6273
111 110 1888.5741
74 111 544.3658
110 111 1888.5741
112 111 1854.5994
111 112 1854.5994
271 112 781.8608
276 112 77.2798
66 113 125.8653
67 114 202.0202
116 115 314.6633
109 116 1969.2792
115 116 314.6633
117 116 1065.3031
116 117 1065.3031
153 117 3184.7134
155 117 724.113
65 118 543.7738
52 119 2686.0059
120 119 3295.9789
252 119 72.5163
119 120 3295.9789
121 120 562.7462
122 120 898.4726
120 121 562.7462
155 121 1624.6954
156 121 621.8905
267 121 176.616
120 122 898.4726
157 122 1505.1174
158 122 3888.0249
52 123 102.7116
126 123 215.3316
129 123 289.9391
59 124 91.9118
51 125 143.3075
55 126 2726.2814
57 126 114.771
123 126 215.3316
127 126 2247.6961
163 126 75.643
126 127 2247.6961
128 127 4636.0686
129 127 262.8812
228 127 154.8467
127 128 4636.0686
160 128 801.9246
161 128 25.6082
123 129 289.9391
127 129 262.8812
252 129 53.6769
300 129 99.0099
55 130 495.0495
131 130 175.9015
132 130 728.863
130 131 175.9015
130 132 728.863
163 132 1134.1726
166 132 3736.9208
77 133 161.6815
135 133 147.2754
209 133 2420.7214
84 134 803.8585
135 134 6153.8462
137 134 919.9632
133 135 147.2754
134 135 6153.8462
136 135 3317.85
137 135 1851.509
135 136 3317.85
211 136 645.1613
212 136 297.5305
75 137 81.367
134 137 919.9632
135 137 1851.509
138 137 500.7511
137 138 500.7511
84 139 363.901
88 140 341.8803
90 141 4490.3458
195 141 130.7531
196 141 836.8201
90 142 742.3905
10 143 81.3008
191 143 307.8818
192 143 513.0836
95 144 226.5006
145 144 2556.2372
191 144 305.0641
97 145 15805.279
144 145 2556.2372
146 145 3868.472
145 146 3868.472
147 146 6045.9492
188 146 533.9028
146 147 6045.9492
101 148 1043.2968
102 149 1683.2183
285 149 56.8505
286 149 47.9616
38 150 78.0031
291 150 317.2589
292 150 404.6945
107 151 5385.0296
108 151 313.7747
277 151 88.2613
107 152 833.3333
117 153 3184.7134
154 153 3577.8175
155 153 2248.2014
153 154 3577.8175
263 154 1327.3162
266 154 65.703
267 154 3194.8882
117 155 724.113
121 155 1624.6954
153 155 2248.2014
121 156 621.8905
122 157 1505.1174
263 157 3743.9161
267 157 4950.495
122 158 3888.0249
159 158 2564.1026
247 158 15.5909
158 159 2564.1026
260 159 9066.1831
265 159 533.9028
128 160 801.9246
161 160 1182.5922
240 160 504.2864
300 160 2143.1633
128 161 25.6082
160 161 1182.5922
236 161 303.9514
248 162 125.329
249 162 231.6423
251 162 529.1005
300 162 469.9248
126 163 75.643
132 163 1134.1726
164 163 509.684
165 163 117.1783
163 164 509.684
163 165 117.1783
132 166 3736.9208
167 166 4063.3889
221 166 51.2033
166 167 4063.3889
220 167 4955.4014
227 167 3904.7247
229 167 297.1768
75 168 57.3723
101 169 166.251
170 169 116.3603
172 169 119.9041
169 170 116.3603
171 170 747.3842
174 170 193.0129
170 171 747.3842
169 172 119.9041
173 172 99.2063
174 172 119.861
172 173 99.2063
170 174 193.0129
172 174 119.861
175 174 754.1478
176 174 999.001
174 175 754.1478
174 176 999.001
21 177 43.611
178 177 345.6619
180 177 352.8582
177 178 345.6619
180 179 1037.9905
182 179 4037.1417
299 179 132.6788
177 180 352.8582
179 180 1037.9905
181 180 1127.5228
182 180 1731.6017
180 181 1127.5228
179 182 4037.1417
180 182 1731.6017
183 182 226.3468
185 182 100.05
97 183 84.4595
182 183 226.3468
184 183 103.434
97 184 105.6859
183 184 103.434
185 184 413.9073
187 184 207.9867
182 185 100.05
184 185 413.9073
186 185 1139.6011
185 186 1139.6011
184 187 207.9867
146 188 533.9028
189 188 351.9887
192 188 1742.1603
193 188 3941.6634
89 189 192.4928
188 189 351.9887
190 189 793.0214
189 190 793.0214
143 191 307.8818
144 191 305.0641
192 191 1125.4924
143 192 513.0836
188 192 1742.1603
191 192 1125.4924
193 192 1747.9462
188 193 3941.6634
192 193 1747.9462
194 193 203.6245
193 194 203.6245
141 195 130.7531
141 196 836.8201
197 196 68.6813
198 196 571.4286
196 197 68.6813
196 198 571.4286
199 198 1213.0034
200 198 2683.1232
198 199 1213.0034
198 200 2683.1232
86 201 152.952
202 201 449.8426
205 201 142.9184
201 202 449.8426
203 202 1100.9578
204 202 134.0662
202 203 1100.9578
202 204 134.0662
88 205 652.3157
201 205 142.9184
206 205 401.2841
215 205 62.383
205 206 401.2841
207 206 193.2367
208 206 446.628
206 207 193.2367
206 208 446.628
133 209 2420.7214
210 209 2145.0021
211 209 773.3952
209 210 2145.0021
211 210 2772.387
213 210 652.3157
214 210 1433.6918
136 211 645.1613
209 211 773.3952
210 211 2772.387
87 212 66.1376
136 212 297.5305
213 212 975.6098
215 212 320.5128
210 213 652.3157
212 213 975.6098
214 213 2129.4719
210 214 1433.6918
213 214 2129.4719
215 214 1392.176
205 215 62.383
212 215 320.5128
214 215 1392.176
216 215 237.023
215 216 237.023
77 217 26.3852
218 217 1335.2918
219 217 552.1811
217 218 1335.2918
217 219 552.1811
167 220 4955.4014
221 220 349.7726
225 220 1061.7966
166 221 51.2033
220 221 349.7726
222 221 76.5697
225 221 236.2949
221 222 76.5697
223 222 639.7953
224 222 593.1198
222 223 639.7953
222 224 593.1198
220 225 1061.7966
221 225 236.2949
226 225 429.5533
225 226 429.5533
167 227 3904.7247
228 227 89.4454
230 227 902.5271
233 227 1338.3298
127 228 154.8467
227 228 89.4454
235 228 315.6566
167 229 297.1768
227 230 902.5271
231 230 1297.1851
233 230 3362.4748
230 231 1297.1851
232 231 700.2801
234 231 2413.7099
231 232 700.2801
227 233 1338.3298
230 233 3362.4748
234 233 4030.6328
231 234 2413.7099
233 234 4030.6328
235 234 1045.2597
228 235 315.6566
234 235 1045.2597
245 235 2014.0987
161 236 303.9514
237 236 585.4801
238 236 417.7109
236 237 585.4801
238 237 5192.108
242 237 4233.7003
236 238 417.7109
237 238 5192.108
239 238 557.4136
238 239 557.4136
240 239 831.2552
246 239 593.4718
160 240 504.2864
239 240 831.2552
241 240 46.1467
240 241 46.1467
237 242 4233.7003
243 242 3976.1431
245 242 122.1598
242 243 3976.1431
244 243 1593.1177
245 243 507.0994
243 244 1593.1177
235 245 2014.0987
242 245 122.1598
243 245 507.0994
239 246 593.4718
158 247 15.5909
249 247 1698.6581
253 247 1273.8854
162 248 125.329
249 248 1392.9517
252 248 119.3317
162 249 231.6423
247 249 1698.6581
248 249 1392.9517
250 249 2403.2684
249 250 2403.2684
251 250 103.5733
254 250 75.0188
162 251 529.1005
250 251 103.5733
258 251 173.0104
119 252 72.5163
129 252 53.6769
248 252 119.3317
247 253 1273.8854
256 253 189.7173
281 253 259.4034
250 254 75.0188
255 254 3648.3035
257 254 738.5524
254 255 3648.3035
253 256 189.7173
257 256 1661.9578
283 256 3277.6139
254 257 738.5524
256 257 1661.9578
258 257 1565.1902
251 258 173.0104
257 258 1565.1902
259 258 2790.1786
258 259 2790.1786
159 260 9066.1831
261 260 685.8711
262 260 313.4796
284 260 1596.424
260 261 685.8711
281 261 298.8643
284 261 1621.2711
260 262 313.4796
266 262 5896.2264
269 262 3901.6777
270 262 481.4636
154 263 1327.3162
157 263 3743.9161
264 263 6906.0773
263 264 6906.0773
265 264 896.0573
266 264 2395.7834
159 265 533.9028
264 265 896.0573
266 265 476.1905
154 266 65.703
262 266 5896.2264
264 266 2395.7834
265 266 476.1905
268 266 660.9385
121 267 176.616
154 267 3194.8882
157 267 4950.495
266 268 660.9385
279 268 793.0214
280 268 1189.9096
262 269 3901.6777
262 270 481.4636
112 271 781.8608
272 271 15304.5608
274 271 1368.3634
271 272 15304.5608
273 272 8298.7552
279 272 492.126
272 273 8298.7552
274 273 3512.4693
275 273 503.2713
280 273 985.2217
271 274 1368.3634
273 274 3512.4693
276 274 409.8361
273 275 503.2713
108 276 87.3362
112 276 77.2798
274 276 409.8361
151 277 88.2613
107 278 198.9654
268 279 793.0214
272 279 492.126
280 279 1589.8251
268 280 1189.9096
273 280 985.2217
279 280 1589.8251
253 281 259.4034
261 281 298.8643
282 281 1276.6501
283 281 1121.705
281 282 1276.6501
283 282 2412.5452
284 282 948.7666
256 283 3277.6139
281 283 1121.705
282 283 2412.5452
260 284 1596.424
261 284 1621.2711
282 284 948.7666
149 285 56.8505
149 286 47.9616
102 287 201.0454
288 287 192.6782
289 287 89.6057
287 288 192.6782
287 289 89.6057
103 290 119.1611
150 291 317.2589
150 292 404.6945
103 293 154.0357
294 293 66.313
295 293 514.9331
293 294 66.313
293 295 514.9331
296 295 599.1612
297 295 186.9858
295 296 599.1612
295 297 186.9858
17 298 662.6905
97 298 1166.725
299 298 48.0769
98 299 464.4682
179 299 132.6788
298 299 48.0769
129 300 99.0099
160 300 2143.1633
162 300 469.9248
