2 1 5037.7834
3 1 6706.9081
4 1 7168.4588
5 1 4595.5882
6 1 4045.3074
7 1 4570.3839
8 1 5341.8803
9 1 5305.0398
10 1 3384.0948
11 1 4372.5404
12 1 4355.4007
13 1 3310.1622
14 1 6246.0962
15 1 5151.9835
25 1 2891.845
26 1 1597.1889
60 1 2760.9056
106 1 3226.8474
1 2 5037.7834
179 2 2701.2426
180 2 3576.5379
1 3 6706.9081
169 3 2954.2097
176 3 18244.8458
1 4 7168.4588
128 4 14867.6777
142 4 13540.9614
176 4 26511.1347
1 5 4595.5882
120 5 19215.9877
122 5 13736.2637
1 6 4045.3074
115 6 10440.593
116 6 10855.406
1 7 4570.3839
99 7 10919.4147
100 7 18168.6047
1 8 5341.8803
100 8 16998.1302
102 8 8203.4454
1 9 5305.0398
87 9 17683.466
102 9 12328.936
1 10 3384.0948
63 10 8880.9947
66 10 6337.1356
75 10 4826.2548
1 11 4372.5404
61 11 5868.5446
63 11 8389.2617
1 12 4355.4007
37 12 2985.966
43 12 11828.7201
50 12 4601.9328
1 13 3310.1622
34 13 8628.1277
37 13 5621.1355
1 14 6246.0962
16 14 2731.4941
25 14 5243.8385
1 15 5151.9835
16 15 2632.2717
18 15 10196.7982
14 16 2731.4941
15 16 2632.2717
17 16 389.5598
19 16 2364.0662
32 16 1853.5681
16 17 389.5598
19 17 206.9108
22 17 167.0286
15 18 10196.7982
19 18 6138.7354
177 18 4737.0914
179 18 1706.1935
16 19 2364.0662
17 19 206.9108
18 19 6138.7354
20 19 2176.7523
183 19 1839.9264
19 20 2176.7523
21 20 570.7763
177 20 1081.0811
20 21 570.7763
22 21 2852.2533
187 21 3156.5657
188 21 2160.2938
17 22 167.0286
21 22 2852.2533
23 22 6613.7566
24 22 11870.8452
22 23 6613.7566
285 23 4177.1094
297 23 484.2615
22 24 11870.8452
165 24 604.9607
284 24 1033.8054
1 25 2891.845
14 25 5243.8385
26 25 1398.9927
1 26 1597.1889
25 26 1398.9927
27 26 6635.7001
32 26 2290.9507
26 27 6635.7001
28 27 1021.3461
31 27 276.9316
34 27 773.9938
27 28 1021.3461
29 28 6184.2919
34 28 328.1917
36 28 9132.4201
28 29 6184.2919
30 29 1424.0957
36 29 7639.4194
189 29 401.7678
190 29 848.8964
369 29 559.5971
29 30 1424.0957
192 30 940.7338
193 30 1280.7377
27 31 276.9316
191 31 6341.1541
364 31 94.6074
16 32 1853.5681
26 32 2290.9507
33 32 252.9724
32 33 252.9724
13 34 8628.1277
27 34 773.9938
28 34 328.1917
35 34 5959.4756
37 34 4610.4195
34 35 5959.4756
36 35 824.4023
37 35 3920.0314
28 36 9132.4201
29 36 7639.4194
35 36 824.4023
368 36 536.4807
12 37 2985.966
13 37 5621.1355
34 37 4610.4195
35 37 3920.0314
38 37 2352.9412
42 37 4329.0043
49 37 7418.3976
37 38 2352.9412
39 38 1180.6375
49 38 3125.9769
38 39 1180.6375
40 39 2279.462
44 39 631.7119
48 39 128.5512
39 40 2279.462
41 40 12853.4704
197 40 3197.9533
40 41 12853.4704
195 41 1215.2145
196 41 12777.9198
37 42 4329.0043
12 43 11828.7201
44 43 10534.0777
49 43 6329.1139
39 44 631.7119
43 44 10534.0777
45 44 1152.0737
44 45 1152.0737
46 45 1639.8819
52 45 476.4173
57 45 190.949
45 46 1639.8819
47 46 5197.5052
198 46 706.7138
46 47 5197.5052
198 47 1075.2688
199 47 1933.488
360 47 66.2691
39 48 128.5512
37 49 7418.3976
38 49 3125.9769
43 49 6329.1139
12 50 4601.9328
51 50 10880.2089
60 50 9514.7479
50 51 10880.2089
52 51 222.0742
60 51 4192.8721
45 52 476.4173
51 52 222.0742
53 52 588.9282
58 52 3821.1693
52 53 588.9282
54 53 940.7338
65 53 1203.3694
53 54 940.7338
55 54 7092.1986
58 54 6234.414
54 55 7092.1986
56 55 9633.9114
206 55 1769.9115
209 55 2714.4408
55 56 9633.9114
208 56 310.8486
209 56 3988.8313
358 56 166.917
45 57 190.949
52 58 3821.1693
54 58 6234.414
59 58 7692.3077
58 59 7692.3077
1 60 2760.9056
50 60 9514.7479
51 60 4192.8721
61 60 10667.8046
65 60 385.6537
11 61 5868.5446
60 61 10667.8046
62 61 3447.0872
61 62 3447.0872
63 62 3575.2592
65 62 4889.9756
10 63 8880.9947
11 63 8389.2617
62 63 3575.2592
71 63 13403.0291
205 63 252.2704
68 64 152.3229
202 64 211.4165
203 64 268.6728
204 64 3394.4331
205 64 8481.7642
53 65 1203.3694
60 65 385.6537
62 65 4889.9756
10 66 6337.1356
67 66 3456.6194
71 66 14068.655
73 66 28620.4923
78 66 738.5524
66 67 3456.6194
68 67 458.0852
70 67 56.0852
64 68 152.3229
67 68 458.0852
69 68 1877.2292
68 69 1877.2292
200 69 87.6424
201 69 112.638
67 70 56.0852
63 71 13403.0291
66 71 14068.655
72 71 3474.6352
71 72 3474.6352
66 73 28620.4923
74 73 1751.9271
81 73 966.1836
73 74 1751.9271
75 74 886.5248
81 74 1782.849
10 75 4826.2548
74 75 886.5248
76 75 2997.6019
75 76 2997.6019
77 76 6734.0067
82 76 759.3014
105 76 9569.378
106 76 8888.8889
76 77 6734.0067
78 77 177.683
212 77 190.8397
66 78 738.5524
77 78 177.683
79 78 1817.5209
81 78 1144.8197
186 78 1140.7712
78 79 1817.5209
80 79 2767.0172
212 79 914.0768
79 80 2767.0172
210 80 164.6904
211 80 155.2554
73 81 966.1836
74 81 1782.849
78 81 1144.8197
76 82 759.3014
83 82 13791.2012
355 82 64.6412
82 83 13791.2012
84 83 12774.6551
86 83 2999.4001
83 84 12774.6551
86 84 2090.301
219 84 12797.5429
216 85 2245.1729
217 85 909.9181
218 85 756.4297
220 85 16007.6837
83 86 2999.4001
84 86 2090.301
215 86 67.2948
9 87 17683.466
88 87 15740.595
105 87 16835.0168
87 88 15740.595
89 88 4480.2867
104 88 146.6706
88 89 4480.2867
90 89 3966.6799
102 89 3625.8158
103 89 58.2072
89 90 3966.6799
91 90 10930.1563
100 90 1573.5641
90 91 10930.1563
92 91 643.915
101 91 669.344
242 91 123.259
91 92 643.915
93 92 528.5412
94 92 4796.1631
92 93 528.5412
223 93 139.0821
224 93 7662.8352
92 94 4796.1631
95 94 5341.8803
97 94 15720.7986
101 94 402.5765
94 95 5341.8803
96 95 16567.2631
224 95 146.7567
225 95 375.2345
95 96 16567.2631
97 96 14142.2712
225 96 1034.6611
230 96 6297.2292
231 96 1666.1113
233 96 2575.3284
238 96 4466.2796
336 96 240.096
94 97 15720.7986
96 97 14142.2712
98 97 5431.8305
97 98 5431.8305
99 98 289.6871
227 98 97.9432
7 99 10919.4147
98 99 289.6871
100 99 20487.605
107 99 8968.6099
7 100 18168.6047
8 100 16998.1302
90 100 1573.5641
99 100 20487.605
101 100 7616.1462
91 101 669.344
94 101 402.5765
100 101 7616.1462
8 102 8203.4454
9 102 12328.936
89 102 3625.8158
89 103 58.2072
88 104 146.6706
76 105 9569.378
87 105 16835.0168
106 105 15715.8573
1 106 3226.8474
76 106 8888.8889
105 106 15715.8573
99 107 8968.6099
108 107 1688.3336
115 107 10345.5411
107 108 1688.3336
109 108 4278.9902
115 108 3303.6009
108 109 4278.9902
110 109 3615.329
117 109 789.8894
109 110 3615.329
111 110 3160.5563
113 110 467.7268
110 111 3160.5563
112 111 3242.5422
243 111 248.942
111 112 3242.5422
114 112 17458.1006
244 112 355.366
110 113 467.7268
227 113 77.8816
228 113 555.2471
112 114 17458.1006
248 114 2169.1974
250 114 976.5625
6 115 10440.593
107 115 10345.5411
108 115 3303.6009
6 116 10855.406
117 116 7473.8416
119 116 128.5678
109 117 789.8894
116 117 7473.8416
118 117 244.4988
117 118 244.4988
116 119 128.5678
5 120 19215.9877
121 120 180.1802
122 120 10215.5481
120 121 180.1802
124 121 490.918
125 121 2263.9801
5 122 13736.2637
120 122 10215.5481
123 122 153.1863
124 122 238.379
128 122 12578.6164
122 123 153.1863
121 124 490.918
122 124 238.379
125 124 818.3306
126 124 1559.3326
127 124 1496.1101
131 124 2416.6264
121 125 2263.9801
124 125 818.3306
251 125 3741.1149
124 126 1559.3326
124 127 1496.1101
4 128 14867.6777
122 128 12578.6164
129 128 1978.2394
143 128 9487.666
144 128 4683.8407
128 129 1978.2394
130 129 5032.7126
145 129 13360.0534
129 130 5032.7126
131 130 10622.4772
145 130 4640.3712
124 131 2416.6264
130 131 10622.4772
132 131 11328.8773
138 131 754.1478
252 131 237.4733
131 132 11328.8773
133 132 14577.2595
140 132 1725.6255
132 133 14577.2595
134 133 13196.094
139 133 3171.5826
133 134 13196.094
135 134 32959.7891
139 134 2444.3901
255 134 222.4199
134 135 32959.7891
136 135 40832.9931
256 135 5027.6521
135 136 40832.9931
137 136 16302.5758
258 136 616.1429
136 137 16302.5758
259 137 9560.2294
264 137 3200.0
131 138 754.1478
133 139 3171.5826
134 139 2444.3901
140 139 8849.5575
141 139 9225.0923
132 140 1725.6255
139 140 8849.5575
326 140 95.6938
139 141 9225.0923
254 141 227.6349
325 141 386.3988
4 142 13540.9614
143 142 13925.6371
146 142 688.7052
154 142 13561.1608
128 143 9487.666
142 143 13925.6371
144 143 7468.2599
128 144 4683.8407
143 144 7468.2599
145 144 12629.4519
129 145 13360.0534
130 145 4640.3712
144 145 12629.4519
142 146 688.7052
147 146 12365.5249
151 146 211.3271
152 146 2423.6549
146 147 12365.5249
148 147 11108.6425
314 147 101.4096
147 148 11108.6425
149 148 5249.3438
153 148 3871.4673
271 148 1080.7306
148 149 5249.3438
150 149 15921.0317
267 149 6426.7352
149 150 15921.0317
265 150 273.4482
266 150 2061.8557
146 151 211.3271
146 152 2423.6549
148 153 3871.4673
142 154 13561.1608
155 154 2890.1734
176 154 8741.2587
154 155 2890.1734
156 155 6640.1062
170 155 2079.4344
155 156 6640.1062
157 156 6297.2292
173 156 309.5975
156 157 6297.2292
158 157 2216.8034
162 157 1645.8196
157 158 2216.8034
159 158 10630.3816
162 158 6056.9352
307 158 135.7405
158 159 10630.3816
160 159 11111.1111
166 159 2230.1517
167 159 12479.7205
159 160 11111.1111
161 160 2192.5016
273 160 434.4049
160 161 2192.5016
164 161 449.0346
274 161 2031.2817
277 161 9832.8417
299 161 48.2625
157 162 1645.8196
158 162 6056.9352
163 162 3111.3877
162 163 3111.3877
164 163 2460.0246
167 163 3673.7693
161 164 449.0346
163 164 2460.0246
165 164 1605.1364
24 165 604.9607
164 165 1605.1364
281 165 3477.0515
284 165 966.1836
289 165 90.0901
159 166 2230.1517
159 167 12479.7205
163 167 3673.7693
168 167 783.6991
167 168 783.6991
3 169 2954.2097
170 169 24108.0039
179 169 3016.5913
180 169 10159.5042
155 170 2079.4344
169 170 24108.0039
171 170 9017.1326
170 171 9017.1326
172 171 2558.8536
173 171 678.4261
178 171 4840.2711
180 171 23540.4896
171 172 2558.8536
156 173 309.5975
171 173 678.4261
174 173 8216.9269
173 174 8216.9269
175 174 320.1024
177 174 2394.636
178 174 3285.1511
179 174 3412.9693
174 175 320.1024
3 176 18244.8458
4 176 26511.1347
154 176 8741.2587
18 177 4737.0914
20 177 1081.0811
174 177 2394.636
179 177 5324.8136
181 177 398.0892
182 177 4108.4634
171 178 4840.2711
174 178 3285.1511
179 178 4972.6504
2 179 2701.2426
18 179 1706.1935
169 179 3016.5913
174 179 3412.9693
177 179 5324.8136
178 179 4972.6504
2 180 3576.5379
169 180 10159.5042
171 180 23540.4896
177 181 398.0892
177 182 4108.4634
19 183 1839.9264
185 184 606.4281
184 185 606.4281
78 186 1140.7712
21 187 3156.5657
21 188 2160.2938
29 189 401.7678
29 190 848.8964
31 191 6341.1541
30 192 940.7338
30 193 1280.7377
194 193 5675.3689
365 193 229.2001
193 194 5675.3689
365 194 389.8635
367 194 1626.0163
41 195 1215.2145
41 196 12777.9198
363 196 185.9427
370 196 154.2496
40 197 3197.9533
46 198 706.7138
47 198 1075.2688
370 198 249.7502
47 199 1933.488
359 199 173.581
361 199 97.371
69 200 87.6424
69 201 112.638
64 202 211.4165
64 203 268.6728
64 204 3394.4331
63 205 252.2704
64 205 8481.7642
206 205 255.4931
55 206 1769.9115
205 206 255.4931
207 206 269.4691
206 207 269.4691
56 208 310.8486
55 209 2714.4408
56 209 3988.8313
357 209 84.7458
80 210 164.6904
80 211 155.2554
77 212 190.8397
79 212 914.0768
213 212 459.9816
214 212 535.6186
212 213 459.9816
212 214 535.6186
86 215 67.2948
85 216 2245.1729
218 216 354.9876
352 216 238.6065
85 217 909.9181
85 218 756.4297
216 218 354.9876
351 218 69.3963
356 218 87.4126
84 219 12797.5429
220 219 18288.2224
221 219 10336.9857
85 220 16007.6837
219 220 18288.2224
222 220 9242.1442
219 221 10336.9857
220 222 9242.1442
93 223 139.0821
348 223 277.855
349 223 701.7544
350 223 100.3714
93 224 7662.8352
95 224 146.7567
225 224 2759.3819
95 225 375.2345
96 225 1034.6611
224 225 2759.3819
240 225 4933.3991
235 226 987.1668
241 226 4393.6731
347 226 2248.707
98 227 97.9432
113 227 77.8816
230 227 39.1083
113 228 555.2471
229 228 666.2225
346 228 232.7747
228 229 666.2225
96 230 6297.2292
227 230 39.1083
346 230 989.1197
96 231 1666.1113
232 231 156.6661
339 231 305.2503
231 232 156.6661
96 233 2575.3284
234 233 1515.8405
236 233 1065.0762
340 233 693.0007
233 234 1515.8405
342 234 2948.9826
344 234 144.8646
226 235 987.1668
236 235 383.5827
237 235 592.0663
238 235 4721.4353
240 235 1394.3112
241 235 1359.6193
233 236 1065.0762
235 236 383.5827
237 236 1265.8228
235 237 592.0663
236 237 1265.8228
340 237 3491.6201
96 238 4466.2796
235 238 4721.4353
239 238 1025.5358
238 239 1025.5358
225 240 4933.3991
235 240 1394.3112
241 240 7320.6442
226 241 4393.6731
235 241 1359.6193
240 241 7320.6442
91 242 123.259
111 243 248.942
112 244 355.366
245 244 354.7357
246 244 1088.9687
247 244 124.8284
244 245 354.7357
332 245 78.064
333 245 3373.8192
244 246 1088.9687
249 246 152.207
330 246 597.0149
244 247 124.8284
114 248 2169.1974
249 248 1717.3278
251 248 97.371
246 249 152.207
248 249 1717.3278
335 249 3775.0094
114 250 976.5625
125 251 3741.1149
248 251 97.371
335 251 80.5153
131 252 237.4733
253 252 1743.0713
327 252 287.6043
328 252 418.0602
252 253 1743.0713
141 254 227.6349
134 255 222.4199
135 256 5027.6521
257 256 909.9181
322 256 628.9308
256 257 909.9181
136 258 616.1429
264 258 1447.597
320 258 558.9715
137 259 9560.2294
260 259 4606.1723
264 259 9460.7379
259 260 4606.1723
261 260 797.4482
262 260 3312.3551
263 260 862.069
260 261 797.4482
318 261 151.7451
319 261 353.7319
260 262 3312.3551
260 263 862.069
315 263 252.0161
316 263 519.7505
317 263 1010.101
137 264 3200.0
258 264 1447.597
259 264 9460.7379
320 264 542.8882
150 265 273.4482
150 266 2061.8557
149 267 6426.7352
268 267 15852.8852
269 267 4840.2711
271 267 14721.0364
308 267 87.4126
267 268 15852.8852
269 268 5537.0986
309 268 664.0106
267 269 4840.2711
268 269 5537.0986
270 269 3114.2946
269 270 3114.2946
148 271 1080.7306
267 271 14721.0364
272 271 2274.7953
271 272 2274.7953
160 273 434.4049
161 274 2031.2817
275 274 827.8146
276 274 1443.2097
274 275 827.8146
274 276 1443.2097
161 277 9832.8417
278 277 5558.6437
306 277 212.3593
277 278 5558.6437
279 278 3467.4064
305 278 291.2056
278 279 3467.4064
280 279 3497.7265
304 279 335.7958
279 280 3497.7265
300 280 2218.7708
303 280 1148.5012
165 281 3477.0515
282 281 184.5018
283 281 526.5929
281 282 184.5018
281 283 526.5929
24 284 1033.8054
165 284 966.1836
298 284 254.972
23 285 4177.1094
286 285 2083.7675
287 285 7911.3924
285 286 2083.7675
288 286 1306.1651
290 286 235.5713
285 287 7911.3924
288 287 2451.5813
296 287 282.167
286 288 1306.1651
287 288 2451.5813
292 288 4470.2727
165 289 90.0901
286 290 235.5713
291 290 2551.0204
292 290 161.4466
290 291 2551.0204
288 292 4470.2727
290 292 161.4466
293 292 561.4823
292 293 561.4823
294 293 1306.1651
295 293 555.5556
293 294 1306.1651
293 295 555.5556
287 296 282.167
23 297 484.2615
284 298 254.972
161 299 48.2625
280 300 2218.7708
301 300 1538.4615
302 300 1663.6167
300 301 1538.4615
300 302 1663.6167
280 303 1148.5012
279 304 335.7958
278 305 291.2056
277 306 212.3593
158 307 135.7405
267 308 87.4126
268 309 664.0106
310 309 1990.0498
313 309 865.0519
309 310 1990.0498
311 310 4644.6818
312 310 6261.7408
310 311 4644.6818
310 312 6261.7408
309 313 865.0519
147 314 101.4096
263 315 252.0161
263 316 519.7505
263 317 1010.101
261 318 151.7451
261 319 353.7319
258 320 558.9715
264 320 542.8882
321 320 4982.561
320 321 4982.561
256 322 628.9308
323 322 1070.8931
324 322 874.1259
322 323 1070.8931
322 324 874.1259
141 325 386.3988
140 326 95.6938
252 327 287.6043
252 328 418.0602
335 329 1109.1393
246 330 597.0149
331 330 468.3841
333 330 4368.72
330 331 468.3841
245 332 78.064
245 333 3373.8192
330 333 4368.72
334 333 49.3583
333 334 49.3583
249 335 3775.0094
251 335 80.5153
329 335 1109.1393
96 336 240.096
337 336 1498.801
338 336 892.8571
346 336 1560.5493
336 337 1498.801
336 338 892.8571
231 339 305.2503
233 340 693.0007
237 340 3491.6201
341 340 473.2608
340 341 473.2608
234 342 2948.9826
343 342 3785.0114
345 342 1080.8474
342 343 3785.0114
234 344 144.8646
342 345 1080.8474
228 346 232.7747
230 346 989.1197
336 346 1560.5493
226 347 2248.707
223 348 277.855
223 349 701.7544
223 350 100.3714
218 351 69.3963
216 352 238.6065
353 352 521.6484
354 352 752.4454
352 353 521.6484
352 354 752.4454
82 355 64.6412
218 356 87.4126
209 357 84.7458
56 358 166.917
199 359 173.581
47 360 66.2691
199 361 97.371
370 362 61.3874
196 363 185.9427
31 364 94.6074
193 365 229.2001
194 365 389.8635
366 365 562.4297
365 366 562.4297
194 367 1626.0163
36 368 536.4807
29 369 559.5971
196 370 154.2496
198 370 249.7502
362 370 61.3874
