2 1 6510.4167
3 1 7220.2166
4 1 5175.9834
5 1 7575.7576
6 1 5633.8028
7 1 5385.0296
8 1 8285.0041
9 1 6788.8663
10 1 5602.2409
11 1 6169.0315
12 1 6161.4295
13 1 3167.5641
60 1 4122.0115
81 1 4535.1474
1 2 6510.4167
98 2 366.5689
208 2 182.8488
1 3 7220.2166
93 3 1667.2224
94 3 547.3454
97 3 4861.4487
98 3 5285.4123
100 3 128.3038
1 4 5175.9834
86 4 2172.9683
88 4 304.5067
89 4 943.3962
91 4 26525.1989
96 4 15903.3079
1 5 7575.7576
75 5 662.2517
83 5 14626.2981
1 6 5633.8028
73 6 1961.9384
85 6 6373.4863
1 7 5385.0296
63 7 3969.8293
66 7 11680.8784
69 7 11617.1004
85 7 14827.9953
1 8 8285.0041
52 8 7949.1256
58 8 1853.2246
1 9 6788.8663
52 9 2812.1485
53 9 1147.8421
1 10 5602.2409
26 10 418.41
28 10 1222.1951
41 10 2922.2677
45 10 12450.1992
59 10 686.8132
1 11 6169.0315
12 11 6770.4807
22 11 4819.2771
24 11 2554.931
25 11 1647.7179
1 12 6161.4295
11 12 6770.4807
15 12 713.2668
19 12 1639.6131
22 12 4965.2433
1 13 3167.5641
14 13 3607.5036
156 13 200.4812
13 14 3607.5036
15 14 1445.0867
18 14 173.1602
12 15 713.2668
14 15 1445.0867
16 15 463.6069
15 16 463.6069
17 16 2587.9917
102 16 631.3131
105 16 339.213
157 16 3304.6927
16 17 2587.9917
14 18 173.1602
12 19 1639.6131
20 19 2210.4332
23 19 5503.5773
19 20 2210.4332
21 20 207.6843
23 20 1663.34
20 21 207.6843
105 21 5428.8817
106 21 778.2101
11 22 4819.2771
12 22 4965.2433
23 22 3227.889
24 22 4681.6479
19 23 5503.5773
20 23 1663.34
22 23 3227.889
11 24 2554.931
22 24 4681.6479
25 24 8084.0744
11 25 1647.7179
24 25 8084.0744
26 25 1008.6746
10 26 418.41
25 26 1008.6746
27 26 1136.3636
26 27 1136.3636
108 27 4500.45
112 27 2149.6131
115 27 4027.3862
10 28 1222.1951
29 28 1020.6165
38 28 2995.8059
28 29 1020.6165
30 29 3474.6352
34 29 545.8515
29 30 3474.6352
31 30 5310.6745
37 30 2211.4109
30 31 5310.6745
32 31 11103.7086
36 31 1170.275
39 31 245.2182
31 32 11103.7086
33 32 1783.1669
36 32 3554.9236
159 32 92.8505
32 33 1783.1669
118 33 644.3299
120 33 424.9894
29 34 545.8515
35 34 750.7508
204 34 768.6395
34 35 750.7508
31 36 1170.275
32 36 3554.9236
158 36 247.1577
30 37 2211.4109
28 38 2995.8059
39 38 335.7958
40 38 1486.9888
45 38 4677.2685
31 39 245.2182
38 39 335.7958
121 39 1284.1916
38 40 1486.9888
10 41 2922.2677
42 41 16123.831
46 41 63.1712
41 42 16123.831
43 42 274.2732
45 42 6743.0883
42 43 274.2732
44 43 1311.9916
47 43 1266.1433
51 43 2749.5188
43 44 1311.9916
124 44 2754.8209
160 44 52.0562
10 45 12450.1992
38 45 4677.2685
42 45 6743.0883
41 46 63.1712
59 46 1644.196
101 46 155.7875
43 47 1266.1433
48 47 9328.3582
59 47 519.7505
47 48 9328.3582
49 48 2963.8411
61 48 1082.4854
48 49 2963.8411
51 49 1777.1459
161 49 188.253
51 50 10730.7651
128 50 3563.7919
129 50 3573.9814
43 51 2749.5188
49 51 1777.1459
50 51 10730.7651
8 52 7949.1256
9 52 2812.1485
53 52 628.9308
54 52 435.5401
55 52 3369.2722
56 52 4670.7146
57 52 4137.3604
9 53 1147.8421
52 53 628.9308
54 53 505.0505
52 54 435.5401
53 54 505.0505
59 54 638.1621
52 55 3369.2722
52 56 4670.7146
57 56 10527.4239
58 56 8333.3333
52 57 4137.3604
56 57 10527.4239
61 57 6583.2785
8 58 1853.2246
56 58 8333.3333
60 58 9319.6645
10 59 686.8132
46 59 1644.196
47 59 519.7505
54 59 638.1621
1 60 4122.0115
58 60 9319.6645
62 60 307.9766
48 61 1082.4854
57 61 6583.2785
62 61 940.7338
60 62 307.9766
61 62 940.7338
164 62 42.6803
7 63 3969.8293
64 63 3022.061
65 63 859.1065
69 63 4873.2943
63 64 3022.061
69 64 1186.6619
186 64 109.2419
63 65 859.1065
7 66 11680.8784
67 66 4863.8132
162 66 75.358
66 67 4863.8132
68 67 566.8934
163 67 75.358
67 68 566.8934
7 69 11617.1004
63 69 4873.2943
64 69 1186.6619
70 69 5753.7399
69 70 5753.7399
71 70 75.0188
72 70 510.2041
70 71 75.0188
134 71 199.5211
135 71 1818.5125
70 72 510.2041
6 73 1961.9384
74 73 1091.1075
85 73 3183.6995
73 74 1091.1075
75 74 930.2326
85 74 9881.4229
5 75 662.2517
74 75 930.2326
76 75 394.7888
75 76 394.7888
77 76 3990.423
165 76 86.2813
76 77 3990.423
78 77 1084.7163
133 77 1057.306
77 78 1084.7163
79 78 304.5995
82 78 28.8018
78 79 304.5995
80 79 559.5971
82 79 196.2709
79 80 559.5971
139 80 1429.797
143 80 1176.886
1 81 4535.1474
82 81 477.7831
83 81 6381.6209
84 81 5917.1598
86 81 3993.6102
165 81 2784.7396
78 82 28.8018
79 82 196.2709
81 82 477.7831
5 83 14626.2981
81 83 6381.6209
84 83 9832.8417
81 84 5917.1598
83 84 9832.8417
165 84 1354.83
6 85 6373.4863
7 85 14827.9953
73 85 3183.6995
74 85 9881.4229
4 86 2172.9683
81 86 3993.6102
87 86 211.4165
86 87 211.4165
145 87 262.2607
207 87 108.4599
4 88 304.5067
4 89 943.3962
90 89 103.9825
146 89 266.5245
89 90 103.9825
4 91 26525.1989
92 91 1383.5086
96 91 26253.6099
91 92 1383.5086
93 92 3135.7792
97 92 3362.4748
3 93 1667.2224
92 93 3135.7792
94 93 1214.9192
3 94 547.3454
93 94 1214.9192
95 94 547.9452
150 94 305.2503
94 95 547.9452
148 95 3522.367
167 95 28.5878
4 96 15903.3079
91 96 26253.6099
97 96 5063.2911
3 97 4861.4487
92 97 3362.4748
96 97 5063.2911
2 98 366.5689
3 98 5285.4123
208 98 332.2259
153 99 97.561
154 99 150.8068
155 99 3183.6995
208 99 1147.4469
3 100 128.3038
46 101 155.7875
16 102 631.3131
103 102 462.963
104 102 604.5949
173 102 700.7708
176 102 53.6193
102 103 462.963
102 104 604.5949
171 104 2532.9281
172 104 303.3981
16 105 339.213
21 105 5428.8817
106 105 2420.1355
21 106 778.2101
105 106 2420.1355
107 106 1173.0205
179 106 172.6817
106 107 1173.0205
177 107 644.3299
178 107 413.2231
27 108 4500.45
109 108 238.9486
110 108 731.5289
108 109 238.9486
180 109 181.6201
181 109 438.4042
108 110 731.5289
111 110 1374.5704
113 110 3703.7037
203 110 3724.3948
110 111 1374.5704
27 112 2149.6131
113 112 16038.4924
115 112 9216.5899
110 113 3703.7037
112 113 16038.4924
114 113 2406.1598
115 113 4945.5984
116 113 7358.3517
117 113 5089.0585
113 114 2406.1598
27 115 4027.3862
112 115 9216.5899
113 115 4945.5984
113 116 7358.3517
113 117 5089.0585
33 118 644.3299
121 118 1567.6438
206 118 361.9254
206 119 4048.583
33 120 424.9894
39 121 1284.1916
118 121 1567.6438
122 121 750.1875
182 121 158.1528
205 121 86.4304
121 122 750.1875
123 122 2019.794
206 122 3938.5585
122 123 2019.794
183 123 263.4352
184 123 909.9181
206 123 3062.7871
44 124 2754.8209
125 124 638.1621
126 124 69.1085
127 124 141.7635
124 125 638.1621
124 126 69.1085
124 127 141.7635
50 128 3563.7919
50 129 3573.9814
130 129 2660.9899
132 129 61.5385
129 130 2660.9899
131 130 2344.1163
185 130 31.4367
130 131 2344.1163
129 132 61.5385
77 133 1057.306
71 134 199.5211
71 135 1818.5125
136 135 731.5289
137 135 138.1215
187 135 44.2478
135 136 731.5289
138 136 2319.1095
188 136 793.6508
135 137 138.1215
136 138 2319.1095
80 139 1429.797
140 139 2023.0629
143 139 142.633
191 139 79.4913
139 140 2023.0629
141 140 585.4801
142 140 2852.2533
144 140 87.0322
140 141 585.4801
192 141 3371.5442
193 141 4003.2026
140 142 2852.2533
80 143 1176.886
139 143 142.633
194 143 1618.3849
140 144 87.0322
194 144 4894.7626
196 144 489.2368
197 144 8347.2454
87 145 262.2607
89 146 266.5245
147 146 3023.8887
168 146 128.9823
146 147 3023.8887
169 147 173.0703
170 147 33.3111
95 148 3522.367
149 148 287.0264
166 148 209.2926
148 149 287.0264
94 150 305.2503
151 150 552.7916
152 150 639.3862
150 151 552.7916
150 152 639.3862
99 153 97.561
99 154 150.8068
99 155 3183.6995
13 156 200.4812
16 157 3304.6927
36 158 247.1577
32 159 92.8505
44 160 52.0562
49 161 188.253
66 162 75.358
67 163 75.358
62 164 42.6803
76 165 86.2813
81 165 2784.7396
84 165 1354.83
148 166 209.2926
95 167 28.5878
146 168 128.9823
147 169 173.0703
147 170 33.3111
104 171 2532.9281
104 172 303.3981
102 173 700.7708
174 173 402.5765
175 173 772.2008
173 174 402.5765
173 175 772.2008
102 176 53.6193
107 177 644.3299
107 178 413.2231
106 179 172.6817
109 180 181.6201
109 181 438.4042
121 182 158.1528
123 183 263.4352
123 184 909.9181
130 185 31.4367
64 186 109.2419
135 187 44.2478
136 188 793.6508
189 188 446.0303
190 188 2343.0178
188 189 446.0303
188 190 2343.0178
139 191 79.4913
141 192 3371.5442
141 193 4003.2026
143 194 1618.3849
144 194 4894.7626
195 194 191.9754
194 195 191.9754
144 196 489.2368
144 197 8347.2454
198 197 11137.0977
200 197 138.0834
197 198 11137.0977
199 198 1589.3198
201 198 1356.3
202 198 3765.0602
198 199 1589.3198
197 200 138.0834
198 201 1356.3
198 202 3765.0602
110 203 3724.3948
34 204 768.6395
121 205 86.4304
118 206 361.9254
119 206 4048.583
122 206 3938.5585
123 206 3062.7871
87 207 108.4599
2 208 182.8488
98 208 332.2259
99 208 1147.4469
