2 1 6373.4863
3 1 6858.7106
4 1 6261.7408
5 1 5219.2067
6 1 5364.8069
7 1 6489.2927
8 1 7256.894
9 1 6501.9506
10 1 5552.4708
11 1 6357.2791
12 1 5827.5058
13 1 5854.8009
14 1 6657.7896
15 1 7407.4074
17 1 2078.5699
25 1 3974.5628
1 2 6373.4863
1 3 6858.7106
26 3 283.849
27 3 5737.2347
28 3 264.131
1 4 6261.7408
27 4 5659.3096
30 4 1755.0018
1 5 5219.2067
6 5 5159.9587
32 5 56.3698
1 6 5364.8069
5 6 5159.9587
33 6 1457.3011
49 6 101.3582
1 7 6489.2927
33 7 3663.0037
37 7 11645.5107
1 8 7256.894
15 8 3156.5657
37 8 15044.3809
39 8 9000.9001
1 9 6501.9506
15 9 2274.7953
41 9 61.9195
1 10 5552.4708
25 10 5797.1014
42 10 2043.3183
154 10 4492.363
1 11 6357.2791
21 11 14725.3718
120 11 411.1842
1 12 5827.5058
19 12 1150.6156
21 12 15489.4672
45 12 124.7816
1 13 5854.8009
17 13 3014.7724
47 13 332.5574
1 14 6657.7896
1 15 7407.4074
8 15 3156.5657
9 15 2274.7953
17 16 3703.7037
43 16 364.4315
123 16 326.1579
1 17 2078.5699
13 17 3014.7724
16 17 3703.7037
47 18 3594.5363
60 18 168.152
112 18 50.5561
12 19 1150.6156
20 19 44.1306
21 19 1882.1758
19 20 44.1306
11 21 14725.3718
12 21 15489.4672
19 21 1882.1758
23 22 283.2861
22 23 283.2861
24 23 1391.5948
25 23 645.5778
23 24 1391.5948
1 25 3974.5628
10 25 5797.1014
23 25 645.5778
3 26 283.849
78 26 60.4961
130 26 76.0456
3 27 5737.2347
4 27 5659.3096
29 27 456.621
3 28 264.131
55 28 129.7859
167 28 208.8119
27 29 456.621
57 29 1039.069
58 29 7824.7261
170 29 490.6771
4 30 1755.0018
54 31 138.3317
5 32 56.3698
6 33 1457.3011
7 33 3663.0037
34 33 467.2897
37 33 2710.7617
33 34 467.2897
38 34 1376.2731
122 34 580.0464
36 35 138.3317
51 35 580.0464
122 35 592.7682
35 36 138.3317
7 37 11645.5107
8 37 15044.3809
33 37 2710.7617
34 38 1376.2731
8 39 9000.9001
122 40 69.2521
9 41 61.9195
10 42 2043.3183
16 43 364.4315
44 43 2534.8542
133 43 51.8403
43 44 2534.8542
69 44 236.2949
74 44 81.5661
12 45 124.7816
63 45 2268.088
147 45 3072.1966
103 46 79.3651
121 46 331.3453
143 46 72.6744
13 47 332.5574
18 47 3594.5363
142 47 31.746
155 48 68.306
6 49 101.3582
50 49 397.6143
98 49 418.41
49 50 397.6143
35 51 580.0464
52 51 2142.7041
53 51 157.3069
51 52 2142.7041
64 52 2632.2717
66 52 112.5366
51 53 157.3069
31 54 138.3317
28 55 129.7859
67 56 810.3728
29 57 1039.069
58 57 654.0222
96 57 57.241
29 58 7824.7261
57 58 654.0222
59 58 1561.2802
58 59 1561.2802
91 59 277.1619
95 59 161.7076
18 60 168.152
108 60 144.9696
144 60 5885.8152
63 61 1069.4043
63 62 499.2511
45 63 2268.088
61 63 1069.4043
62 63 499.2511
52 64 2632.2717
65 64 498.2561
97 64 70.6215
64 65 498.2561
100 65 126.968
102 65 24.8262
52 66 112.5366
56 67 810.3728
68 67 336.3606
169 67 169.0903
67 68 336.3606
86 68 968.9922
171 68 429.5533
44 69 236.2949
70 69 529.1005
72 69 359.7122
69 70 529.1005
132 71 594.1771
69 72 359.7122
131 73 359.5829
44 74 81.5661
123 75 90.9091
77 76 382.263
76 77 382.263
124 77 573.3945
125 77 425.1701
126 77 233.1546
26 78 60.4961
162 78 93.1966
166 78 1070.4346
81 79 95.9693
163 79 1423.6902
164 79 345.3039
165 79 1715.8545
81 80 344.5899
79 81 95.9693
80 81 344.5899
82 81 888.8889
81 82 888.8889
83 82 330.142
84 82 269.5418
82 83 330.142
82 84 269.5418
168 85 71.4796
68 86 968.9922
87 86 5627.462
88 86 614.6281
86 87 5627.462
86 88 614.6281
90 89 485.6727
93 89 79.1139
172 89 112.8032
89 90 485.6727
59 91 277.1619
92 91 216.1228
94 91 64.3501
91 92 216.1228
89 93 79.1139
91 94 64.3501
59 95 161.7076
57 96 57.241
64 97 70.6215
49 98 418.41
99 98 82.7815
159 98 1510.574
98 99 82.7815
65 100 126.968
101 100 1803.1013
158 100 221.1411
100 101 1803.1013
65 102 24.8262
156 102 215.8895
157 102 709.2199
46 103 79.3651
150 103 79.6813
151 103 491.1591
153 104 757.5758
152 105 1386.9626
108 106 394.9447
108 107 254.6473
60 108 144.9696
106 108 394.9447
107 108 254.6473
119 109 353.1073
111 110 35.7526
110 111 35.7526
18 112 50.5561
113 112 805.153
134 112 154.4163
112 113 805.153
114 113 6435.0064
137 113 461.8938
113 114 6435.0064
137 114 306.3725
139 114 355.7453
116 115 1643.1153
118 115 2241.1475
140 115 390.9304
115 116 1643.1153
141 117 959.6929
115 118 2241.1475
109 119 353.1073
11 120 411.1842
46 121 331.3453
34 122 580.0464
35 122 592.7682
40 122 69.2521
16 123 326.1579
75 123 90.9091
129 123 65.8328
77 124 573.3945
77 125 425.1701
77 126 233.1546
128 127 686.8132
127 128 686.8132
123 129 65.8328
26 130 76.0456
73 131 359.5829
71 132 594.1771
43 133 51.8403
112 134 154.4163
135 134 1115.6979
136 134 553.0973
134 135 1115.6979
134 136 553.0973
113 137 461.8938
114 137 306.3725
138 137 4526.9353
137 138 4526.9353
114 139 355.7453
115 140 390.9304
117 141 959.6929
47 142 31.746
46 143 72.6744
60 144 5885.8152
146 145 41.9287
145 146 41.9287
45 147 3072.1966
149 148 103.2738
148 149 103.2738
103 150 79.6813
103 151 491.1591
105 152 1386.9626
104 153 757.5758
10 154 4492.363
48 155 68.306
102 156 215.8895
102 157 709.2199
100 158 221.1411
98 159 1510.574
161 160 571.4286
160 161 571.4286
78 162 93.1966
79 163 1423.6902
79 164 345.3039
79 165 1715.8545
78 166 1070.4346
28 167 208.8119
85 168 71.4796
67 169 169.0903
29 170 490.6771
68 171 429.5533
89 172 112.8032
174 173 388.1988
173 174 388.1988
