2 1 7479.4316
3 1 6949.2703
4 1 6119.951
5 1 4997.5012
6 1 5130.8363
7 1 5711.0223
8 1 6548.7885
9 1 6211.1801
10 1 5399.568
11 1 6997.9006
12 1 5941.7706
13 1 6273.5257
14 1 66.4894
52 1 4106.7762
60 1 2642.7061
62 1 2105.2632
63 1 1932.3671
79 1 500.5005
87 1 3496.5035
111 1 1677.5709
144 1 2163.0976
155 1 256.0164
157 1 564.6527
159 1 653.1679
241 1 2226.1799
1 2 7479.4316
15 2 958.7728
20 2 896.861
29 2 846.0237
48 2 1654.8072
49 2 2427.1845
1 3 6949.2703
63 3 2345.2158
78 3 581.0575
167 3 35.1
1 4 6119.951
80 4 1101.0791
81 4 498.2561
85 4 1697.7929
1 5 4997.5012
85 5 4633.9203
268 5 21.5285
1 6 5130.8363
90 6 1315.4433
96 6 586.8545
97 6 64.7668
1 7 5711.0223
100 7 934.5794
109 7 7794.2323
1 8 6548.7885
109 8 7347.5386
110 8 5527.916
111 8 3059.9755
1 9 6211.1801
111 9 1968.5039
122 9 580.3831
125 9 1094.3314
1 10 5399.568
141 10 1986.8865
144 10 3050.6406
1 11 6997.9006
150 11 351.9887
151 11 1029.2301
1 12 5941.7706
1 13 6273.5257
53 13 3795.0664
56 13 18611.5764
1 14 66.4894
2 15 958.7728
16 15 1183.2919
179 15 28.547
202 15 885.7396
15 16 1183.2919
17 16 850.3401
19 16 140.4494
16 17 850.3401
18 17 1056.0777
193 17 118.8919
360 17 10.9975
17 18 1056.0777
197 18 1842.6387
201 18 3980.8917
16 19 140.4494
2 20 896.861
21 20 1001.402
28 20 66.1376
20 21 1001.402
22 21 7651.1094
27 21 438.9816
21 22 7651.1094
23 22 6743.0883
26 22 777.605
22 23 6743.0883
24 23 884.1733
25 23 448.6317
361 23 38.1243
23 24 884.1733
278 24 147.776
374 24 30.9981
23 25 448.6317
22 26 777.605
21 27 438.9816
20 28 66.1376
2 29 846.0237
30 29 3401.3605
44 29 141.3627
29 30 3401.3605
31 30 7788.162
41 30 535.0455
30 31 7788.162
32 31 6882.3125
45 31 64.8508
31 32 6882.3125
33 32 10452.5975
41 32 2279.9818
46 32 264.3405
32 33 10452.5975
34 33 2692.5148
42 33 603.5003
206 33 214.5002
33 34 2692.5148
35 34 3679.1759
40 34 936.3296
47 34 383.2886
34 35 3679.1759
36 35 7680.4916
217 35 42.0521
35 36 7680.4916
37 36 5841.1215
39 36 5611.6723
36 37 5841.1215
38 37 10873.1108
212 37 1309.5862
37 38 10873.1108
36 39 5611.6723
34 40 936.3296
30 41 535.0455
32 41 2279.9818
42 41 1724.1379
33 42 603.5003
41 42 1724.1379
43 42 225.4283
42 43 225.4283
204 43 306.2787
209 43 40.0641
29 44 141.3627
31 45 64.8508
32 46 264.3405
34 47 383.2886
2 48 1654.8072
2 49 2427.1845
50 49 2574.0026
52 49 1943.2569
49 50 2574.0026
51 50 539.0836
52 50 1707.3587
53 50 417.8855
50 51 539.0836
1 52 4106.7762
49 52 1943.2569
50 52 1707.3587
13 53 3795.0664
50 53 417.8855
54 53 386.5481
55 53 400.3203
53 54 386.5481
53 55 400.3203
13 56 18611.5764
57 56 165.7825
59 56 1034.6611
56 57 165.7825
58 57 1367.2409
219 57 112.4227
57 58 1367.2409
56 59 1034.6611
1 60 2642.7061
61 60 384.7634
164 60 835.4219
60 61 384.7634
62 61 360.6203
64 61 1613.684
65 61 683.9945
1 62 2105.2632
61 62 360.6203
63 62 15840.3295
64 62 694.4444
1 63 1932.3671
3 63 2345.2158
62 63 15840.3295
67 63 2771.6186
61 64 1613.684
62 64 694.4444
75 64 132.1004
61 65 683.9945
166 66 3763.6432
167 66 39.2311
196 66 747.9432
63 67 2771.6186
68 67 3292.7231
78 67 288.6003
67 68 3292.7231
69 68 1364.6288
71 68 6150.0615
77 68 251.3194
68 69 1364.6288
70 69 2505.6377
71 69 5743.8254
196 69 110.6562
69 70 2505.6377
72 70 1522.9973
175 70 569.152
68 71 6150.0615
69 71 5743.8254
72 71 9057.971
70 72 1522.9973
71 72 9057.971
73 72 1747.3353
75 72 787.4016
72 73 1747.3353
74 73 1897.5332
76 73 1896.4536
73 74 1897.5332
177 74 200.2403
180 74 1883.5939
195 74 147.2971
274 74 78.3085
64 75 132.1004
72 75 787.4016
180 75 377.2161
186 75 4014.452
73 76 1896.4536
68 77 251.3194
3 78 581.0575
67 78 288.6003
166 78 2609.6033
1 79 500.5005
4 80 1101.0791
4 81 498.2561
82 81 218.3406
83 81 568.8282
81 82 218.3406
81 83 568.8282
84 83 1038.6373
168 83 420.1681
83 84 1038.6373
313 84 67.3854
314 84 342.2313
4 85 1697.7929
5 85 4633.9203
86 85 328.6231
85 86 328.6231
1 87 3496.5035
88 87 136.2583
89 87 447.0273
87 88 136.2583
87 89 447.0273
92 89 8417.5084
268 89 31.2891
317 89 23.5571
6 90 1315.4433
91 90 403.2258
96 90 306.9368
90 91 403.2258
92 91 4308.4877
95 91 137.2119
89 92 8417.5084
91 92 4308.4877
93 92 252.8445
94 92 136.2212
92 93 252.8445
266 93 74.7943
267 93 140.0364
487 93 56.2114
92 94 136.2212
91 95 137.2119
6 96 586.8545
90 96 306.9368
480 96 63.3312
6 97 64.7668
98 97 404.0404
99 97 299.4012
97 98 404.0404
97 99 299.4012
104 99 177.0225
105 99 194.9698
106 99 130.9072
7 100 934.5794
101 100 4732.6077
111 100 99.4036
113 100 150.8978
100 101 4732.6077
102 101 2511.9317
107 101 175.3156
101 102 2511.9317
103 102 6877.5791
114 102 698.812
102 103 6877.5791
104 103 592.0663
108 103 52.2193
99 104 177.0225
103 104 592.0663
105 104 1265.6626
99 105 194.9698
104 105 1265.6626
106 105 288.9338
264 105 84.674
99 106 130.9072
105 106 288.9338
264 106 162.1797
265 106 159.4388
101 107 175.3156
103 108 52.2193
7 109 7794.2323
8 109 7347.5386
110 109 26560.425
8 110 5527.916
109 110 26560.425
111 110 4612.5461
1 111 1677.5709
8 111 3059.9755
9 111 1968.5039
100 111 99.4036
110 111 4612.5461
112 111 2737.476
111 112 2737.476
113 112 818.3306
121 112 283.3664
122 112 2648.3051
100 113 150.8978
112 113 818.3306
114 113 1994.8135
102 114 698.812
113 114 1994.8135
115 114 1873.7118
114 115 1873.7118
116 115 652.7415
117 115 646.4124
474 115 407.6641
115 116 652.7415
260 116 188.5014
261 116 163.9344
262 116 344.3526
115 117 646.4124
118 117 1527.4171
119 117 5133.4702
257 117 117.4122
117 118 1527.4171
258 118 132.8551
473 118 501.002
474 118 5793.7428
117 119 5133.4702
120 119 908.2652
124 119 1238.3901
119 120 908.2652
121 120 6002.401
124 120 217.8649
112 121 283.3664
120 121 6002.401
254 121 209.6876
9 122 580.3831
112 122 2648.3051
123 122 41.1523
122 123 41.1523
119 124 1238.3901
120 124 217.8649
256 124 175.2848
9 125 1094.3314
126 125 1178.6893
130 125 2430.7244
141 125 1883.5939
125 126 1178.6893
127 126 2210.922
129 126 1230.9207
126 127 2210.922
128 127 809.0615
140 127 825.0825
251 127 85.1064
127 128 809.0615
249 128 752.4454
250 128 243.4275
253 128 349.6503
126 129 1230.9207
125 130 2430.7244
131 130 5608.525
243 130 1108.7704
425 130 21.645
130 131 5608.525
132 131 5002.5013
133 131 34.9406
131 132 5002.5013
133 132 12262.4157
138 132 2536.14
131 133 34.9406
132 133 12262.4157
134 133 7558.579
133 134 7558.579
135 134 11558.0213
139 134 788.6435
134 135 11558.0213
136 135 1670.2856
137 135 1075.2688
139 135 343.9972
243 135 2192.021
135 136 1670.2856
244 136 46.4253
245 136 6138.7354
135 137 1075.2688
243 137 2949.8525
249 137 2609.6033
132 138 2536.14
134 139 788.6435
135 139 343.9972
242 139 419.1115
442 139 35.9195
127 140 825.0825
10 141 1986.8865
125 141 1883.5939
142 141 77.5194
143 141 33.3
141 142 77.5194
141 143 33.3
1 144 2163.0976
10 144 3050.6406
145 144 270.7826
144 145 270.7826
146 145 251.8257
147 145 401.2841
145 146 251.8257
145 147 401.2841
148 147 211.2379
239 147 271.3704
147 148 211.2379
238 149 6082.7251
241 149 269.9784
425 149 512.8205
11 150 351.9887
11 151 1029.2301
152 151 1668.8919
153 151 144.9696
151 152 1668.8919
151 153 144.9696
154 153 251.9526
224 153 34.3289
153 154 251.9526
220 154 9354.537
292 154 27.5179
405 154 21.6357
1 155 256.0164
156 155 1001.402
158 155 297.3536
155 156 1001.402
1 157 564.6527
158 157 399.361
221 157 313.9717
155 158 297.3536
157 158 399.361
220 158 1012.8634
1 159 653.1679
160 159 4368.72
162 159 1267.9092
159 160 4368.72
161 160 588.2353
226 160 48.3325
160 161 588.2353
227 161 2821.6704
233 161 875.6567
159 162 1267.9092
163 162 3549.8758
227 162 1005.7327
162 163 3549.8758
60 164 835.4219
166 165 184.8087
66 166 3763.6432
78 166 2609.6033
165 166 184.8087
3 167 35.1
66 167 39.2311
168 167 370.6449
169 167 697.3501
83 168 420.1681
167 168 370.6449
269 168 111.4951
167 169 697.3501
171 170 385.3565
172 170 5184.0332
196 170 823.7232
170 171 385.3565
170 172 5184.0332
173 172 231.1604
174 172 79.6178
176 172 35.7526
172 173 231.1604
172 174 79.6178
70 175 569.152
176 175 107.1582
177 175 3305.7851
172 176 35.7526
175 176 107.1582
271 176 276.9316
74 177 200.2403
175 177 3305.7851
178 177 1016.2602
271 177 127.8772
177 178 1016.2602
272 178 444.247
273 178 670.6908
274 178 662.6905
336 178 572.4098
15 179 28.547
74 180 1883.5939
75 180 377.2161
181 180 1198.1788
180 181 1198.1788
182 181 1445.5045
186 181 113.1606
181 182 1445.5045
183 182 576.7013
185 182 174.1553
187 182 193.2367
182 183 576.7013
184 183 5282.6202
192 183 80.0641
183 184 5282.6202
197 184 660.502
200 184 112.4101
276 184 782.4726
342 184 462.7487
182 185 174.1553
75 186 4014.452
181 186 113.1606
187 186 4230.1184
182 187 193.2367
186 187 4230.1184
188 187 5437.7379
187 188 5437.7379
189 188 4004.8058
194 188 2244.6689
188 189 4004.8058
190 189 2538.0711
193 189 98.0392
189 190 2538.0711
191 190 1122.8385
192 190 856.1644
190 191 1122.8385
183 192 80.0641
190 192 856.1644
193 192 661.3757
17 193 118.8919
189 193 98.0392
192 193 661.3757
188 194 2244.6689
74 195 147.2971
66 196 747.9432
69 196 110.6562
170 196 823.7232
18 197 1842.6387
184 197 660.502
198 197 6671.1141
277 197 55.8971
197 198 6671.1141
199 198 713.2668
277 198 43.6872
198 199 713.2668
200 199 2975.305
351 199 618.047
184 200 112.4101
199 200 2975.305
275 200 470.1457
18 201 3980.8917
15 202 885.7396
205 203 95.1475
280 203 440.9171
281 203 623.053
374 203 150.0825
43 204 306.2787
205 204 553.0973
207 204 115.3403
280 204 62.1504
203 205 95.1475
204 205 553.0973
208 205 255.102
33 206 214.5002
207 206 168.5772
378 206 372.7171
204 207 115.3403
206 207 168.5772
208 207 473.4848
205 208 255.102
207 208 473.4848
281 208 242.483
43 209 40.0641
211 210 2345.7659
283 210 30.6466
378 210 774.5933
386 210 287.6043
210 211 2345.7659
284 211 5509.6419
384 211 151.9526
37 212 1309.5862
213 212 2566.0765
377 212 837.5209
212 213 2566.0765
214 213 88.1834
216 213 653.5948
385 213 174.0038
213 214 88.1834
215 214 257.9979
291 214 60.6061
389 214 17.1733
214 215 257.9979
216 215 673.8544
390 215 48.8998
213 216 653.5948
215 216 673.8544
391 216 219.9252
35 217 42.0521
218 217 216.8727
286 217 384.7634
217 218 216.8727
57 219 112.4227
288 219 158.1278
405 219 12.2234
154 220 9354.537
158 220 1012.8634
221 220 5740.5281
222 220 754.1478
223 220 91.3242
157 221 313.9717
220 221 5740.5281
222 221 518.4033
220 222 754.1478
221 222 518.4033
225 222 269.6872
220 223 91.3242
153 224 34.3289
222 225 269.6872
406 225 77.7001
407 225 1125.7458
160 226 48.3325
238 226 384.1721
298 226 1583.5313
302 226 209.9076
161 227 2821.6704
162 227 1005.7327
228 227 7272.7273
232 227 684.4627
237 227 3644.3149
227 228 7272.7273
229 228 7087.1722
293 228 77.7605
228 229 7087.1722
230 229 595.2381
231 229 454.1326
297 229 308.4516
424 229 3202.0493
229 230 595.2381
294 230 5151.9835
297 230 697.8367
229 231 454.1326
410 231 35.524
411 231 65.9196
227 232 684.4627
161 233 875.6567
234 233 937.2071
237 233 5364.8069
233 234 937.2071
235 234 217.1081
236 234 4644.6818
423 234 4095.0041
424 234 8347.2454
234 235 217.1081
296 235 581.3953
303 235 3276.54
234 236 4644.6818
227 237 3644.3149
233 237 5364.8069
423 237 6226.6501
149 238 6082.7251
226 238 384.1721
299 238 443.8526
147 239 271.3704
241 240 563.3803
1 241 2226.1799
149 241 269.9784
240 241 563.3803
139 242 419.1115
130 243 1108.7704
135 243 2192.021
137 243 2949.8525
136 244 46.4253
136 245 6138.7354
246 245 6459.9483
248 245 873.3624
245 246 6459.9483
247 246 214.5923
249 246 6127.451
448 246 21691.974
246 247 214.5923
442 247 26.0552
451 247 41.841
245 248 873.3624
128 249 752.4454
137 249 2609.6033
246 249 6127.451
445 249 3531.0734
128 250 243.4275
127 251 85.1064
252 251 1790.5103
254 251 923.361
251 252 1790.5103
253 252 562.4297
254 252 960.6148
128 253 349.6503
252 253 562.4297
308 253 50.9424
472 253 318.3699
121 254 209.6876
251 254 923.361
252 254 960.6148
257 255 1140.2509
309 255 1327.4924
465 255 213.1287
472 255 1292.4906
124 256 175.2848
117 257 117.4122
255 257 1140.2509
472 257 900.09
118 258 132.8551
469 259 123.2894
473 259 4500.45
474 259 484.731
475 259 66.1376
116 260 188.5014
116 261 163.9344
116 262 344.3526
263 262 1464.9868
310 262 247.7701
262 263 1464.9868
310 263 147.167
475 263 51.7866
105 264 84.674
106 264 162.1797
311 264 175.3463
106 265 159.4388
480 265 5336.1793
481 265 37.4532
93 266 74.7943
93 267 140.0364
312 267 853.2423
319 267 73.3676
5 268 21.5285
89 268 31.2891
316 268 176.2736
317 268 27.5028
168 269 111.4951
270 269 1365.3741
271 269 7552.8701
333 269 148.9869
269 270 1365.3741
330 270 189.179
332 270 108.7075
176 271 276.9316
177 271 127.8772
269 271 7552.8701
178 272 444.247
178 273 670.6908
334 273 341.9973
335 273 76.1615
74 274 78.3085
178 274 662.6905
337 274 1366.4936
341 274 1455.6041
200 275 470.1457
345 275 1542.02
346 275 125.7545
347 275 281.4523
184 276 782.4726
197 277 55.8971
198 277 43.6872
350 277 22.7118
360 277 80.4505
24 278 147.776
279 278 479.8464
371 278 22.1239
278 279 479.8464
369 279 385.9514
370 279 119.5886
203 280 440.9171
204 280 62.1504
373 280 28.1928
203 281 623.053
208 281 242.483
282 281 4580.852
285 281 377.9289
281 282 4580.852
285 282 852.5149
380 282 1246.5719
383 282 1736.4126
210 283 30.6466
211 284 5509.6419
285 284 641.0256
379 284 230.8403
281 285 377.9289
282 285 852.5149
284 285 641.0256
217 286 384.7634
287 286 1050.3098
288 286 235.2941
286 287 1050.3098
288 287 865.0519
388 287 41.632
219 288 158.1278
286 288 235.2941
287 288 865.0519
289 288 480.0768
288 289 480.0768
290 289 2681.6841
388 289 4125.4125
289 290 2681.6841
397 290 22.9253
400 290 92.3361
214 291 60.6061
388 291 227.8423
389 291 222.7668
154 292 27.5179
228 293 77.7605
230 294 5151.9835
296 294 319.2848
411 294 26.4271
420 294 1659.751
420 295 8019.2462
421 295 80.7103
422 295 2299.908
235 296 581.3953
294 296 319.2848
297 296 1055.6318
427 296 1265.3423
229 297 308.4516
230 297 697.8367
296 297 1055.6318
226 298 1583.5313
238 299 443.8526
300 299 4163.1973
435 299 395.5696
299 300 4163.1973
426 300 89.1266
434 300 1115.5734
425 301 195.16
436 301 493.0966
437 301 1729.8045
226 302 209.9076
303 302 2981.5146
426 302 5117.7073
235 303 3276.54
302 303 2981.5146
304 303 315.0599
303 304 315.0599
426 305 1209.775
428 305 91.9963
430 305 6872.8522
307 306 2042.9009
447 306 679.8097
454 306 172.6817
306 307 2042.9009
460 307 112.2586
461 307 172.3544
253 308 50.9424
255 309 1327.4924
468 309 133.1381
473 309 92.5926
262 310 247.7701
263 310 147.167
477 310 72.4113
478 310 414.0787
264 311 175.3463
479 311 136.4443
483 311 118.7366
267 312 853.2423
84 313 67.3854
319 313 55.8036
320 313 536.4807
84 314 342.2313
315 314 10292.3014
321 314 62.2665
314 315 10292.3014
324 315 33.5233
325 315 789.266
268 316 176.2736
89 317 23.5571
268 317 27.5028
318 317 2118.6441
317 318 2118.6441
267 319 73.3676
313 319 55.8036
488 319 956.9378
313 320 536.4807
321 320 158.3281
323 320 34.2818
314 321 62.2665
320 321 158.3281
322 321 181.1922
321 322 181.1922
320 323 34.2818
315 324 33.5233
315 325 789.266
326 325 145.0958
327 325 3906.25
325 326 145.0958
325 327 3906.25
328 327 210.5263
329 327 402.5765
330 327 6934.8128
327 328 210.5263
327 329 402.5765
270 330 189.179
327 330 6934.8128
331 330 1403.9028
330 331 1403.9028
270 332 108.7075
269 333 148.9869
273 334 341.9973
273 335 76.1615
178 336 572.4098
274 337 1366.4936
338 337 5927.6823
341 337 6230.5296
337 338 5927.6823
339 338 9451.7958
343 338 789.8894
338 339 9451.7958
340 339 2970.003
344 339 104.0908
339 340 2970.003
343 340 931.9664
348 340 2296.7386
352 340 4743.833
355 340 2135.3833
274 341 1455.6041
337 341 6230.5296
342 341 352.2367
184 342 462.7487
341 342 352.2367
343 342 6049.6068
338 343 789.8894
340 343 931.9664
342 343 6049.6068
339 344 104.0908
275 345 1542.02
275 346 125.7545
347 346 428.2655
348 346 124.0387
275 347 281.4523
346 347 428.2655
349 347 109.0988
351 347 1280.5737
340 348 2296.7386
346 348 124.0387
349 348 2073.8283
347 349 109.0988
348 349 2073.8283
350 349 677.9661
277 350 22.7118
349 350 677.9661
351 350 756.4297
353 350 7782.1012
359 350 166.5556
199 351 618.047
347 351 1280.5737
350 351 756.4297
340 352 4743.833
353 352 293.5995
354 352 251.004
350 353 7782.1012
352 353 293.5995
358 353 679.3478
352 354 251.004
340 355 2135.3833
356 355 2772.387
357 355 623.4414
355 356 2772.387
355 357 623.4414
353 358 679.3478
350 359 166.5556
17 360 10.9975
277 360 80.4505
361 360 123.1072
23 361 38.1243
360 361 123.1072
362 361 8333.3333
361 362 8333.3333
363 362 9861.9329
369 362 1167.6787
362 363 9861.9329
364 363 106.5076
365 363 1914.9751
367 363 5763.6888
363 364 106.5076
363 365 1914.9751
366 365 337.1544
367 365 9049.7738
368 365 316.3556
365 366 337.1544
363 367 5763.6888
365 367 9049.7738
369 367 2154.708
365 368 316.3556
279 369 385.9514
362 369 1167.6787
367 369 2154.708
279 370 119.5886
278 371 22.1239
372 371 288.4338
375 371 195.7713
371 372 288.4338
280 373 28.1928
24 374 30.9981
203 374 150.0825
375 374 407.6641
371 375 195.7713
374 375 407.6641
376 375 116.9591
375 376 116.9591
212 377 837.5209
378 377 4686.0356
385 377 69.5894
206 378 372.7171
210 378 774.5933
377 378 4686.0356
284 379 230.8403
380 379 2051.7029
381 379 974.6589
282 380 1246.5719
379 380 2051.7029
382 380 6761.3252
379 381 974.6589
380 382 6761.3252
282 383 1736.4126
211 384 151.9526
213 385 174.0038
377 385 69.5894
386 385 2319.6474
210 386 287.6043
385 386 2319.6474
387 386 22366.361
386 387 22366.361
287 388 41.632
289 388 4125.4125
291 388 227.8423
214 389 17.1733
291 389 222.7668
390 389 452.4887
215 390 48.8998
389 390 452.4887
391 390 10.1626
394 390 97.7517
216 391 219.9252
390 391 10.1626
392 391 141.0835
393 391 459.1368
391 392 141.0835
391 393 459.1368
390 394 97.7517
395 394 2106.5936
396 394 7867.8206
394 395 2106.5936
394 396 7867.8206
290 397 22.9253
398 397 5649.7175
399 397 1632.9197
397 398 5649.7175
397 399 1632.9197
290 400 92.3361
401 400 4798.4645
404 400 1269.8413
400 401 4798.4645
402 401 504.5409
404 401 498.008
401 402 504.5409
403 402 1562.5
412 402 308.0715
402 403 1562.5
400 404 1269.8413
401 404 498.008
406 404 1023.8558
154 405 21.6357
219 405 12.2234
406 405 43.802
225 406 77.7001
404 406 1023.8558
405 406 43.802
225 407 1125.7458
408 407 7507.5075
409 407 2874.3892
407 408 7507.5075
409 408 12558.0811
412 408 232.396
407 409 2874.3892
408 409 12558.0811
410 409 93.1099
413 409 2056.3438
231 410 35.524
409 410 93.1099
419 410 535.6186
231 411 65.9196
294 411 26.4271
419 411 314.7624
402 412 308.0715
408 412 232.396
413 412 320.2049
418 412 229.7794
409 413 2056.3438
412 413 320.2049
414 413 416.3197
415 413 7955.4495
413 414 416.3197
413 415 7955.4495
416 415 1008.2678
417 415 2242.6553
415 416 1008.2678
415 417 2242.6553
412 418 229.7794
410 419 535.6186
411 419 314.7624
421 419 777.605
294 420 1659.751
295 420 8019.2462
421 420 32.6158
295 421 80.7103
419 421 777.605
420 421 32.6158
295 422 2299.908
234 423 4095.0041
237 423 6226.6501
424 423 6910.85
229 424 3202.0493
234 424 8347.2454
423 424 6910.85
130 425 21.645
149 425 512.8205
301 425 195.16
300 426 89.1266
302 426 5117.7073
305 426 1209.775
296 427 1265.3423
428 427 9652.5097
429 427 9074.4102
305 428 91.9963
427 428 9652.5097
433 428 9276.4378
427 429 9074.4102
305 430 6872.8522
431 430 586.8545
432 430 7112.3755
430 431 586.8545
430 432 7112.3755
428 433 9276.4378
300 434 1115.5734
299 435 395.5696
301 436 493.0966
301 437 1729.8045
438 437 404.0404
443 437 1678.1339
444 437 5952.381
437 438 404.0404
439 438 43.956
440 438 242.0136
438 439 43.956
440 439 1687.1942
442 439 643.0868
438 440 242.0136
439 440 1687.1942
441 440 240.9058
440 441 240.9058
139 442 35.9195
247 442 26.0552
439 442 643.0868
437 443 1678.1339
437 444 5952.381
249 445 3531.0734
446 445 5461.4965
448 445 10938.5255
445 446 5461.4965
447 446 8012.8205
449 446 8554.3199
306 447 679.8097
446 447 8012.8205
450 447 1514.6925
246 448 21691.974
445 448 10938.5255
449 448 15151.5152
446 449 8554.3199
448 449 15151.5152
450 449 4370.6294
447 450 1514.6925
449 450 4370.6294
454 450 155.8846
247 451 41.841
452 451 1401.7382
453 451 1008.7764
451 452 1401.7382
451 453 1008.7764
306 454 172.6817
450 454 155.8846
455 454 4514.6727
454 455 4514.6727
456 455 586.8545
462 455 37.0508
455 456 586.8545
457 456 1081.7828
458 456 256.4103
459 456 1722.6529
456 457 1081.7828
456 458 256.4103
456 459 1722.6529
307 460 112.2586
307 461 172.3544
455 462 37.0508
463 462 565.931
464 462 262.3295
462 463 565.931
462 464 262.3295
255 465 213.1287
466 465 167.0844
467 465 1196.0292
465 466 167.0844
465 467 1196.0292
309 468 133.1381
259 469 123.2894
470 469 321.4401
471 469 49.7018
469 470 321.4401
469 471 49.7018
253 472 318.3699
255 472 1292.4906
257 472 900.09
118 473 501.002
259 473 4500.45
309 473 92.5926
115 474 407.6641
118 474 5793.7428
259 474 484.731
259 475 66.1376
263 475 51.7866
476 475 130.3441
475 476 130.3441
310 477 72.4113
310 478 414.0787
311 479 136.4443
96 480 63.3312
265 480 5336.1793
485 480 71.8907
265 481 37.4532
482 481 12.6342
483 481 37.4111
481 482 12.6342
311 483 118.7366
481 483 37.4111
484 483 213.7209
483 484 213.7209
480 485 71.8907
486 485 899.2806
487 485 152.765
485 486 899.2806
93 487 56.2114
485 487 152.765
489 487 53.4188
319 488 956.9378
487 489 53.4188
