2 1 4833.2528
3 1 6657.7896
4 1 6854.0096
5 1 4182.3505
6 1 5070.9939
7 1 4239.0844
8 1 4875.6704
9 1 5865.1026
10 1 5540.1662
11 1 4672.8972
12 1 4730.369
13 1 6097.561
14 1 5827.5058
50 1 4173.6227
146 1 3627.1309
1 2 4833.2528
15 2 844.5946
23 2 4226.5427
139 2 22471.9101
1 3 6657.7896
23 3 8517.8876
26 3 3254.149
27 3 4551.6614
1 4 6854.0096
27 4 2828.8543
34 4 8244.0231
44 4 3536.0679
1 5 4182.3505
34 5 7836.9906
49 5 21881.8381
50 5 3891.0506
1 6 5070.9939
56 6 3757.9857
155 6 3194.8882
1 7 4239.0844
57 7 631.7119
62 7 7662.8352
63 7 1950.4584
65 7 5373.4551
67 7 10893.2462
134 7 18214.9362
1 8 4875.6704
69 8 7479.4316
133 8 5783.69
1 9 5865.1026
72 9 3234.1527
83 9 4319.6544
98 9 8976.6607
107 9 7692.3077
133 9 5288.2073
1 10 5540.1662
113 10 3916.9604
117 10 7132.6676
1 11 4672.8972
116 11 29069.7674
151 11 23201.8561
1 12 4730.369
145 12 3542.3309
148 12 670.2413
1 13 6097.561
135 13 9074.4102
144 13 5260.3893
146 13 7331.3783
1 14 5827.5058
135 14 4295.5326
136 14 2651.1135
139 14 3749.5313
243 14 310.1737
2 15 844.5946
16 15 2405.5809
139 15 1542.02
15 16 2405.5809
17 16 13495.2767
249 16 273.4482
16 17 13495.2767
18 17 5773.6721
21 17 1322.0518
22 17 3193.8678
250 17 654.0222
17 18 5773.6721
19 18 3214.4005
20 18 3059.0395
18 19 3214.4005
247 19 1430.6152
342 19 264.9709
18 20 3059.0395
17 21 1322.0518
17 22 3193.8678
2 23 4226.5427
3 23 8517.8876
24 23 8628.1277
25 23 10775.8621
23 24 8628.1277
23 25 10775.8621
3 26 3254.149
27 26 13550.1355
28 26 2570.0334
3 27 4551.6614
4 27 2828.8543
26 27 13550.1355
30 27 3523.6082
26 28 2570.0334
29 28 9960.1594
31 28 12936.6106
33 28 1896.094
163 28 1331.0262
28 29 9960.1594
27 30 3523.6082
31 30 7077.1408
44 30 236.5744
162 30 382.5555
28 31 12936.6106
30 31 7077.1408
32 31 978.4736
31 32 978.4736
28 33 1896.094
156 33 1845.3589
157 33 4308.4877
159 33 4370.6294
4 34 8244.0231
5 34 7836.9906
44 34 7299.2701
49 34 5675.3689
153 34 16806.7227
36 35 2242.6553
153 35 10010.01
181 35 189.1074
35 36 2242.6553
41 36 15290.5199
42 36 1236.5525
43 36 14367.8161
180 36 364.1661
316 36 143.4926
38 37 7137.7587
39 37 16891.8919
42 37 4570.3839
43 37 18382.3529
37 38 7137.7587
42 38 1362.5835
168 38 4703.6689
37 39 16891.8919
40 39 12987.013
168 39 3952.5692
39 40 12987.013
164 40 15243.9024
329 40 729.927
36 41 15290.5199
36 42 1236.5525
37 42 4570.3839
38 42 1362.5835
173 42 2127.6596
36 43 14367.8161
37 43 18382.3529
157 43 198.6097
4 44 3536.0679
30 44 236.5744
34 44 7299.2701
46 45 834.7245
49 45 1491.6468
50 45 4692.6326
45 46 834.7245
47 46 2482.6216
49 46 1004.0161
46 47 2482.6216
48 47 2039.5676
49 47 1053.5188
47 48 2039.5676
182 48 1270.3252
350 48 175.7469
5 49 21881.8381
34 49 5675.3689
45 49 1491.6468
46 49 1004.0161
47 49 1053.5188
153 49 2587.3221
1 50 4173.6227
5 50 3891.0506
45 50 4692.6326
51 50 939.8496
155 50 8802.8169
50 51 939.8496
52 51 9407.3377
58 51 502.2602
154 51 2514.4581
51 52 9407.3377
53 52 5583.4729
59 52 2031.2817
60 52 2102.6072
52 53 5583.4729
54 53 10438.4134
193 53 2023.0629
53 54 10438.4134
55 54 4612.5461
61 54 10298.6612
54 55 4612.5461
183 55 8984.726
185 55 1744.8962
191 55 611.9951
6 56 3757.9857
57 56 7434.9442
155 56 2249.7188
196 56 266.4535
7 57 631.7119
56 57 7434.9442
63 57 1091.5839
252 57 823.7232
51 58 502.2602
194 58 292.8258
195 58 1933.1142
52 59 2031.2817
52 60 2102.6072
193 60 3500.175
194 60 587.1991
54 61 10298.6612
191 61 607.5334
193 61 5730.659
7 62 7662.8352
63 62 1299.5452
65 62 12903.2258
7 63 1950.4584
57 63 1091.5839
62 63 1299.5452
64 63 157.0352
63 64 157.0352
7 65 5373.4551
62 65 12903.2258
66 65 122.384
197 65 85.6164
65 66 122.384
7 67 10893.2462
68 67 235.0729
70 67 17953.3214
67 68 235.0729
8 69 7479.4316
70 69 14513.7881
75 69 13140.6045
134 69 20120.7243
67 70 17953.3214
69 70 14513.7881
71 70 33333.3333
73 70 3407.155
134 70 10683.7607
70 71 33333.3333
72 71 15105.7402
75 71 22222.2222
9 72 3234.1527
71 72 15105.7402
73 72 4861.4487
76 72 7462.6866
79 72 998.004
70 73 3407.155
72 73 4861.4487
74 73 1269.8413
73 74 1269.8413
198 74 2149.1511
251 74 6910.85
69 75 13140.6045
71 75 22222.2222
133 75 18416.2063
72 76 7462.6866
77 76 13661.2022
80 76 1431.8442
76 77 13661.2022
78 77 7183.908
81 77 5122.9508
82 77 3336.67
77 78 7183.908
82 78 1374.5704
251 78 5518.7638
72 79 998.004
80 79 3374.9578
84 79 2091.6126
76 80 1431.8442
79 80 3374.9578
81 80 4982.561
77 81 5122.9508
80 81 4982.561
82 81 4576.659
77 82 3336.67
78 82 1374.5704
81 82 4576.659
9 83 4319.6544
84 83 33333.3333
98 83 6435.0064
79 84 2091.6126
83 84 33333.3333
85 84 7558.579
99 84 11223.3446
102 84 1988.8624
103 84 1842.9783
84 85 7558.579
86 85 10649.6273
104 85 2694.6915
85 86 10649.6273
87 86 8375.2094
91 86 2506.2657
92 86 385.0597
86 87 8375.2094
88 87 2948.1132
89 87 8547.0085
87 88 2948.1132
89 88 3059.9755
203 88 12437.8109
87 89 8547.0085
88 89 3059.9755
90 89 2775.4649
91 89 773.3952
89 90 2775.4649
92 90 1288.992
206 90 1294.1633
207 90 1194.4577
86 91 2506.2657
89 91 773.3952
92 91 5643.3409
86 92 385.0597
90 92 1288.992
91 92 5643.3409
93 92 11764.7059
105 92 23041.4747
92 93 11764.7059
94 93 8123.4768
95 93 8445.9459
96 93 15128.593
97 93 5577.2448
219 93 3437.6074
93 94 8123.4768
209 94 3309.0668
220 94 2523.9778
93 95 8445.9459
93 96 15128.593
93 97 5577.2448
9 98 8976.6607
83 98 6435.0064
99 98 12062.7262
106 98 8635.5786
84 99 11223.3446
98 99 12062.7262
100 99 27322.4044
120 99 1624.9594
99 100 27322.4044
101 100 28409.0909
121 100 695.4103
100 101 28409.0909
102 101 18621.9739
128 101 1537.0427
84 102 1988.8624
101 102 18621.9739
103 102 29940.1198
129 102 651.0417
84 103 1842.9783
102 103 29940.1198
104 103 29585.7988
131 103 5235.6021
85 104 2694.6915
103 104 29585.7988
105 104 18348.6239
92 105 23041.4747
104 105 18348.6239
132 105 5344.7354
98 106 8635.5786
107 106 17574.6924
109 106 983.2842
112 106 9920.6349
9 107 7692.3077
106 107 17574.6924
108 107 1720.2821
107 108 1720.2821
109 108 1737.0158
113 108 2019.794
106 109 983.2842
108 109 1737.0158
110 109 511.7707
111 109 411.5226
112 109 357.0154
109 110 511.7707
109 111 411.5226
106 112 9920.6349
109 112 357.0154
120 112 4773.2697
10 113 3916.9604
108 113 2019.794
114 113 19762.8458
113 114 19762.8458
115 114 7057.163
117 114 6775.0678
118 114 1996.008
114 115 7057.163
116 115 10893.2462
151 115 4480.2867
11 116 29069.7674
115 116 10893.2462
117 116 5797.1014
10 117 7132.6676
114 117 6775.0678
116 117 5797.1014
114 118 1996.008
119 118 191.6076
210 118 356.2522
118 119 191.6076
99 120 1624.9594
112 120 4773.2697
121 120 23752.9691
100 121 695.4103
120 121 23752.9691
122 121 6523.1572
128 121 2977.9631
121 122 6523.1572
123 122 14367.8161
126 122 10952.9025
127 122 5068.4237
122 123 14367.8161
124 123 4056.7951
125 123 3526.0931
126 123 25380.7107
123 124 4056.7951
213 124 4904.3649
214 124 2433.6822
123 125 3526.0931
214 125 801.2821
216 125 20325.2033
122 126 10952.9025
123 126 25380.7107
127 126 742.3905
213 126 732.0644
122 127 5068.4237
126 127 742.3905
223 127 237.6426
101 128 1537.0427
121 128 2977.9631
129 128 2970.003
102 129 651.0417
128 129 2970.003
130 129 610.8735
129 130 610.8735
103 131 5235.6021
132 131 17301.0381
216 131 1222.1951
105 132 5344.7354
131 132 17301.0381
224 132 467.9457
8 133 5783.69
9 133 5288.2073
75 133 18416.2063
7 134 18214.9362
69 134 20120.7243
70 134 10683.7607
13 135 9074.4102
14 135 4295.5326
140 135 819.0008
144 135 12437.8109
14 136 2651.1135
137 136 774.5933
138 136 1324.3279
136 137 774.5933
136 138 1324.3279
2 139 22471.9101
14 139 3749.5313
15 139 1542.02
135 140 819.0008
141 140 2126.7546
143 140 247.0966
152 140 7892.6598
140 141 2126.7546
142 141 9950.2488
233 141 4574.5654
141 142 9950.2488
230 142 134.1562
231 142 553.7099
140 143 247.0966
144 143 1938.3601
145 143 1416.832
147 143 482.1601
13 144 5260.3893
135 144 12437.8109
143 144 1938.3601
145 144 5350.4548
146 144 7230.658
12 145 3542.3309
143 145 1416.832
144 145 5350.4548
1 146 3627.1309
13 146 7331.3783
144 146 7230.658
143 147 482.1601
148 147 997.009
230 147 1551.3497
232 147 877.9631
12 148 670.2413
147 148 997.009
149 148 1101.5642
148 149 1101.5642
150 149 15576.324
151 149 357.6538
149 150 15576.324
225 150 233.3722
226 150 4618.9376
227 150 998.004
11 151 23201.8561
115 151 4480.2867
149 151 357.6538
140 152 7892.6598
34 153 16806.7227
35 153 10010.01
49 153 2587.3221
51 154 2514.4581
6 155 3194.8882
50 155 8802.8169
56 155 2249.7188
33 156 1845.3589
33 157 4308.4877
43 157 198.6097
158 157 3979.3076
157 158 3979.3076
329 158 114.1683
330 158 588.2353
33 159 4370.6294
160 159 2204.5855
332 159 678.4261
159 160 2204.5855
161 160 3998.4006
334 160 167.2241
338 160 153.1394
160 161 3998.4006
333 161 810.3728
335 161 7855.4595
30 162 382.5555
28 163 1331.0262
40 164 15243.9024
165 164 5037.7834
326 164 1501.2761
164 165 5037.7834
166 165 4192.8721
167 165 1514.0045
165 166 4192.8721
322 166 490.4365
325 166 1814.2235
165 167 1514.0045
38 168 4703.6689
39 168 3952.5692
169 168 6626.9052
172 168 1152.2065
178 168 785.546
168 169 6626.9052
170 169 1768.6594
171 169 8904.7195
169 170 1768.6594
321 170 512.2951
322 170 4494.382
169 171 8904.7195
168 172 1152.2065
42 173 2127.6596
174 173 2097.7554
178 173 3237.2936
316 173 249.7502
173 174 2097.7554
175 174 1739.7356
178 174 15151.5152
174 175 1739.7356
176 175 3699.593
177 175 1933.1142
175 176 3699.593
175 177 1933.1142
319 177 397.1406
320 177 369.4126
168 178 785.546
173 178 3237.2936
174 178 15151.5152
179 178 3988.8313
178 179 3988.8313
36 180 364.1661
35 181 189.1074
48 182 1270.3252
55 183 8984.726
184 183 994.0358
187 183 4103.4058
183 184 994.0358
185 184 4587.156
186 184 5917.1598
55 185 1744.8962
184 185 4587.156
349 185 421.0526
184 186 5917.1598
307 186 381.8251
308 186 962.4639
311 186 754.717
183 187 4103.4058
188 187 7716.0494
351 187 482.1601
187 188 7716.0494
189 188 693.4813
190 188 994.0358
351 188 952.381
188 189 693.4813
194 189 311.6236
315 189 931.0987
348 189 156.4211
188 190 994.0358
311 190 418.41
313 190 525.7624
314 190 857.6329
55 191 611.9951
61 191 607.5334
192 191 1073.1917
191 192 1073.1917
53 193 2023.0629
60 193 3500.175
61 193 5730.659
58 194 292.8258
60 194 587.1991
189 194 311.6236
58 195 1933.1142
56 196 266.4535
65 197 85.6164
74 198 2149.1511
292 198 66.0502
294 198 125.3761
200 199 2402.1139
251 199 2990.4306
352 199 138.754
199 200 2402.1139
201 200 875.6567
293 200 139.237
200 201 875.6567
202 201 5608.525
295 201 352.3608
201 202 5608.525
300 202 7668.7117
303 202 167.5884
88 203 12437.8109
204 203 1888.9309
205 203 504.7956
206 203 5238.3447
203 204 1888.9309
203 205 504.7956
295 205 8110.3001
296 205 906.6183
90 206 1294.1633
203 206 5238.3447
207 206 2099.958
297 206 269.4691
90 207 1194.4577
206 207 2099.958
208 207 505.8169
298 207 233.4267
207 208 505.8169
94 209 3309.0668
118 210 356.2522
211 210 625.0
212 210 8591.0653
271 210 152.9988
210 211 625.0
210 212 8591.0653
124 213 4904.3649
126 213 732.0644
214 213 3531.0734
124 214 2433.6822
125 214 801.2821
213 214 3531.0734
215 214 385.9514
214 215 385.9514
274 215 17513.1349
278 215 447.6276
125 216 20325.2033
131 216 1222.1951
217 216 2618.4865
218 216 1974.7235
216 217 2618.4865
288 217 530.2227
289 217 246.4876
216 218 1974.7235
219 218 117.4398
290 218 754.1478
93 219 3437.6074
218 219 117.4398
220 219 1936.8584
221 219 1836.8846
279 219 205.1282
94 220 2523.9778
219 220 1936.8584
283 220 141.2429
219 221 1836.8846
222 221 2890.1734
347 221 134.2642
221 222 2890.1734
127 223 237.6426
132 224 467.9457
150 225 233.3722
150 226 4618.9376
150 227 998.004
228 227 6127.451
265 227 831.9468
227 228 6127.451
265 229 7183.908
267 229 260.0104
268 229 2944.6408
142 230 134.1562
147 230 1551.3497
231 230 1828.8222
142 231 553.7099
230 231 1828.8222
242 231 1916.8104
264 231 151.4234
147 232 877.9631
141 233 4574.5654
234 233 9250.6938
235 233 5941.7706
236 233 2401.537
253 233 122.489
233 234 9250.6938
254 234 626.1741
257 234 306.8426
233 235 5941.7706
238 235 1218.6205
258 235 1289.4907
233 236 2401.537
239 236 565.931
240 236 3011.1412
242 236 1358.6957
258 237 6939.6253
260 237 1028.7008
261 237 865.0519
235 238 1218.6205
236 239 565.931
240 239 890.472
262 239 207.555
263 239 740.1925
236 240 3011.1412
239 240 890.472
241 240 5757.0524
242 240 5271.4813
240 241 5757.0524
231 242 1916.8104
236 242 1358.6957
240 242 5271.4813
14 243 310.1737
244 243 1213.8869
245 243 3266.9062
243 244 1213.8869
246 244 1155.4015
343 244 1157.9435
243 245 3266.9062
244 246 1155.4015
19 247 1430.6152
248 247 1686.6251
341 247 225.8356
247 248 1686.6251
339 248 5146.6804
340 248 761.6146
16 249 273.4482
17 250 654.0222
74 251 6910.85
78 251 5518.7638
199 251 2990.4306
57 252 823.7232
233 253 122.489
234 254 626.1741
255 254 218.1501
256 254 679.3478
254 255 218.1501
254 256 679.3478
234 257 306.8426
235 258 1289.4907
237 258 6939.6253
259 258 280.9778
258 259 280.9778
237 260 1028.7008
237 261 865.0519
239 262 207.555
239 263 740.1925
231 264 151.4234
227 265 831.9468
229 265 7183.908
266 265 158.6043
265 266 158.6043
229 267 260.0104
229 268 2944.6408
269 268 814.3322
270 268 490.4365
268 269 814.3322
268 270 490.4365
210 271 152.9988
272 271 590.3188
273 271 1216.693
271 272 590.3188
271 273 1216.693
215 274 17513.1349
275 274 590.6675
276 274 705.2186
277 274 1233.3498
274 275 590.6675
274 276 705.2186
274 277 1233.3498
215 278 447.6276
219 279 205.1282
280 279 204.918
281 279 6134.9693
282 279 1064.5093
279 280 204.918
279 281 6134.9693
279 282 1064.5093
220 283 141.2429
285 284 2787.845
286 284 450.4505
287 284 725.1632
290 284 2058.8841
284 285 2787.845
284 286 450.4505
284 287 725.1632
217 288 530.2227
217 289 246.4876
218 290 754.1478
284 290 2058.8841
291 290 514.4033
290 291 514.4033
198 292 66.0502
200 293 139.237
198 294 125.3761
201 295 352.3608
205 295 8110.3001
299 295 1736.4126
205 296 906.6183
206 297 269.4691
207 298 233.4267
295 299 1736.4126
202 300 7668.7117
301 300 241.4876
302 300 4985.0449
300 301 241.4876
300 302 4985.0449
304 302 1883.2392
305 302 3649.635
306 302 3321.1558
202 303 167.5884
302 304 1883.2392
302 305 3649.635
302 306 3321.1558
186 307 381.8251
186 308 962.4639
309 308 652.3157
310 308 987.1668
308 309 652.3157
308 310 987.1668
186 311 754.717
190 311 418.41
312 311 582.7506
351 311 209.4241
311 312 582.7506
190 313 525.7624
190 314 857.6329
189 315 931.0987
36 316 143.4926
173 316 249.7502
317 316 414.0787
318 316 1097.2131
316 317 414.0787
316 318 1097.2131
177 319 397.1406
177 320 369.4126
170 321 512.2951
166 322 490.4365
170 322 4494.382
323 322 3551.1364
324 322 9775.1711
322 323 3551.1364
322 324 9775.1711
166 325 1814.2235
164 326 1501.2761
327 326 4269.8548
328 326 2729.2576
326 327 4269.8548
326 328 2729.2576
40 329 729.927
158 329 114.1683
330 329 150.5344
158 330 588.2353
329 330 150.5344
331 330 2029.2208
330 331 2029.2208
159 332 678.4261
161 333 810.3728
160 334 167.2241
161 335 7855.4595
336 335 421.763
337 335 4079.9674
335 336 421.763
335 337 4079.9674
160 338 153.1394
248 339 5146.6804
248 340 761.6146
247 341 225.8356
19 342 264.9709
244 343 1157.9435
344 343 1428.5714
345 343 1476.4506
346 343 1220.4052
343 344 1428.5714
343 345 1476.4506
343 346 1220.4052
221 347 134.2642
189 348 156.4211
185 349 421.0526
48 350 175.7469
187 351 482.1601
188 351 952.381
311 351 209.4241
199 352 138.754
