2 1 7183.908
3 1 7993.6051
4 1 8896.7972
5 1 5934.7181
6 1 5104.6452
7 1 4616.8052
8 1 6082.7251
9 1 7385.5244
10 1 5086.47
11 1 4868.5492
12 1 4826.2548
13 1 5564.8303
14 1 6849.3151
45 1 908.2652
46 1 3706.4492
48 1 266.3825
67 1 3450.6556
133 1 4237.2881
315 1 85.9845
1 2 7183.908
15 2 6195.7869
18 2 3581.6619
32 2 47.5737
1 3 7993.6051
167 3 2670.227
177 3 18298.2617
1 4 8896.7972
134 4 6493.5065
141 4 18953.7528
156 4 3806.6235
158 4 1469.076
177 4 13408.4205
1 5 5934.7181
117 5 9737.0983
118 5 4823.9267
133 5 9980.0399
1 6 5104.6452
106 6 3988.8313
117 6 7220.2166
1 7 4616.8052
98 7 5184.0332
99 7 3657.6445
101 7 3325.5737
103 7 1587.8057
104 7 166.0302
105 7 2750.275
106 7 3350.0838
1 8 6082.7251
96 8 6161.4295
98 8 5010.02
1 9 7385.5244
85 9 11880.7176
96 9 11689.0707
1 10 5086.47
76 10 12531.3283
77 10 18642.8039
85 10 15544.8469
1 11 4868.5492
46 11 1955.0342
49 11 9082.6521
82 11 8904.7195
1 12 4826.2548
42 12 3536.0679
44 12 209.0301
51 12 390.1678
1 13 5564.8303
31 13 5070.9939
33 13 4086.6367
1 14 6849.3151
31 14 2240.1434
32 14 2854.696
2 15 6195.7869
16 15 142.0656
17 15 243.6647
15 16 142.0656
15 17 243.6647
2 18 3581.6619
19 18 418.7605
194 18 111.2471
18 19 418.7605
20 19 517.8664
22 19 599.1612
31 19 600.9615
32 19 28.0426
19 20 517.8664
21 20 1557.6324
22 20 828.5004
195 20 1030.8216
20 21 1557.6324
19 22 599.1612
20 22 828.5004
23 22 5875.4407
30 22 705.7163
31 22 608.2725
22 23 5875.4407
24 23 1676.1649
25 23 10881.3928
23 24 1676.1649
23 25 10881.3928
26 25 7794.2323
27 25 6983.2402
28 25 28546.9597
183 25 368.7316
25 26 7794.2323
25 27 6983.2402
25 28 28546.9597
29 28 3548.616
191 28 2840.1022
28 29 3548.616
184 29 1019.6798
185 29 3096.934
190 29 9852.2167
22 30 705.7163
36 30 3847.6337
37 30 8097.166
13 31 5070.9939
14 31 2240.1434
19 31 600.9615
22 31 608.2725
32 31 1713.2088
2 32 47.5737
14 32 2854.696
19 32 28.0426
31 32 1713.2088
13 33 4086.6367
40 33 425.8944
42 33 2396.9319
313 33 2831.2571
35 34 6954.1029
38 34 6009.6154
313 34 595.9476
34 35 6954.1029
36 35 7137.7587
39 35 3888.0249
30 36 3847.6337
35 36 7137.7587
37 36 11924.6363
30 37 8097.166
36 37 11924.6363
196 37 1717.9179
34 38 6009.6154
35 39 3888.0249
33 40 425.8944
41 40 2777.0064
197 40 1146.0005
40 41 2777.0064
198 41 3246.7532
199 41 1276.3242
12 42 3536.0679
33 42 2396.9319
43 42 1223.6907
42 43 1223.6907
12 44 209.0301
1 45 908.2652
1 46 3706.4492
11 46 1955.0342
47 46 3891.0506
82 46 9174.3119
46 47 3891.0506
1 48 266.3825
49 48 1229.7098
50 48 80.0
11 49 9082.6521
48 49 1229.7098
60 49 459.9816
48 50 80.0
12 51 390.1678
52 51 722.0217
82 51 9746.5887
51 52 722.0217
53 52 11168.193
56 52 2525.8904
52 53 11168.193
54 53 8244.0231
58 53 11510.1289
53 54 8244.0231
55 54 13358.2688
57 54 10055.3042
54 55 13358.2688
59 55 9842.5197
202 55 612.3699
205 55 2159.3608
52 56 2525.8904
200 56 418.0602
201 56 251.067
54 57 10055.3042
53 58 11510.1289
55 59 9842.5197
203 59 9407.3377
204 59 6131.2078
49 60 459.9816
61 60 16992.3534
66 60 2182.9295
60 61 16992.3534
62 61 13229.2631
201 61 1239.0038
61 62 13229.2631
63 62 10725.0107
211 62 248.3238
212 62 1217.1373
62 63 10725.0107
64 63 16567.2631
65 63 9416.1959
213 63 1255.9658
63 64 16567.2631
214 64 2307.3373
215 64 3120.1248
63 65 9416.1959
216 65 314.3666
217 65 7352.9412
60 66 2182.9295
1 67 3450.6556
68 67 3484.3206
76 67 27019.7244
236 67 174.642
67 68 3484.3206
69 68 4743.833
76 68 10907.5044
77 68 15460.7297
78 68 998.004
68 69 4743.833
70 69 237.2479
71 69 1232.4378
69 70 237.2479
78 70 243.843
223 70 323.2062
69 71 1232.4378
72 71 1921.2296
75 71 497.265
235 71 385.6537
71 72 1921.2296
73 72 5817.3357
222 72 512.0328
72 73 5817.3357
74 73 32030.7495
228 73 3663.0037
73 74 32030.7495
231 74 9242.1442
233 74 11048.5029
71 75 497.265
10 76 12531.3283
67 76 27019.7244
68 76 10907.5044
10 77 18642.8039
68 77 15460.7297
85 77 20104.5436
86 77 16469.0382
68 78 998.004
70 78 243.843
79 78 8748.9064
78 79 8748.9064
80 79 1065.8708
268 79 1452.011
79 80 1065.8708
81 80 2559.5086
172 80 10993.8434
80 81 2559.5086
256 81 13267.8785
261 81 22251.8914
262 81 3012.9557
11 82 8904.7195
46 82 9174.3119
51 82 9746.5887
84 83 3805.175
87 83 2589.332
172 83 2133.5609
261 83 1103.5092
83 84 3805.175
86 84 803.2129
88 84 1767.7214
90 84 12071.4631
95 84 10569.7072
268 84 3660.3221
9 85 11880.7176
10 85 15544.8469
77 85 20104.5436
86 85 12594.4584
77 86 16469.0382
84 86 803.2129
85 86 12594.4584
83 87 2589.332
266 87 2239.6417
267 87 2238.6389
84 88 1767.7214
89 88 6548.7885
267 88 999.001
88 89 6548.7885
91 89 2727.7687
251 89 1458.5764
262 89 439.5604
265 89 2409.6386
84 90 12071.4631
91 90 9960.1594
93 90 226.0398
89 91 2727.7687
90 91 9960.1594
92 91 6557.377
94 91 4151.1
238 91 439.3673
248 91 1414.0271
321 91 13020.8333
91 92 6557.377
239 92 14405.0706
246 92 3212.3354
247 92 3385.2404
90 93 226.0398
91 94 4151.1
84 95 10569.7072
8 96 6161.4295
9 96 11689.0707
97 96 44.1112
96 97 44.1112
7 98 5184.0332
8 98 5010.02
99 98 11743.9812
7 99 3657.6445
98 99 11743.9812
100 99 535.3319
101 99 855.432
99 100 535.3319
101 100 1186.6619
102 100 141.5428
7 101 3325.5737
99 101 855.432
100 101 1186.6619
317 101 853.2423
100 102 141.5428
103 102 178.3167
237 102 424.0882
316 102 1906.2143
7 103 1587.8057
102 103 178.3167
318 103 1010.3051
7 104 166.0302
7 105 2750.275
6 106 3988.8313
7 106 3350.0838
107 106 3923.1071
106 107 3923.1071
108 107 468.1648
111 107 1826.484
116 107 5931.1981
319 107 2796.4206
107 108 468.1648
109 108 567.8592
110 108 1121.3277
108 109 567.8592
113 109 1058.2011
269 109 1921.2296
108 110 1121.3277
107 111 1826.484
112 111 7418.3976
116 111 4490.3458
111 112 7418.3976
113 112 7518.797
114 112 19864.9186
109 113 1058.2011
112 113 7518.797
120 113 3045.067
270 113 1608.4928
112 114 19864.9186
115 114 8510.6383
120 114 6381.6209
114 115 8510.6383
116 115 9425.0707
182 115 1290.4891
107 116 5931.1981
111 116 4490.3458
115 116 9425.0707
319 116 6501.9506
5 117 9737.0983
6 117 7220.2166
319 117 2981.5146
5 118 4823.9267
119 118 8613.2644
133 118 4504.5045
118 119 8613.2644
133 119 2817.6951
153 119 39635.3547
182 119 7434.9442
113 120 3045.067
114 120 6381.6209
121 120 4071.6612
122 120 18014.7721
182 120 7861.6352
271 120 765.6968
274 120 1622.06
120 121 4071.6612
123 121 16733.6011
274 121 3621.8761
120 122 18014.7721
125 122 38431.9754
155 122 7547.1698
121 123 16733.6011
124 123 13354.7009
280 123 7007.7085
123 124 13354.7009
276 124 4923.6829
279 124 5208.3333
122 125 38431.9754
126 125 13915.9477
180 125 4079.9674
125 126 13915.9477
127 126 8912.656
129 126 3088.3261
126 127 8912.656
128 127 6108.7355
129 127 3457.8147
127 128 6108.7355
281 128 19372.3363
285 128 1825.8171
126 129 3088.3261
127 129 3457.8147
130 129 24685.2629
136 129 25303.6437
129 130 24685.2629
132 130 2076.8432
287 130 4482.2949
285 131 1833.5167
287 131 7418.3976
289 131 5704.5066
130 132 2076.8432
1 133 4237.2881
5 133 9980.0399
118 133 4504.5045
119 133 2817.6951
134 133 16744.8091
4 134 6493.5065
133 134 16744.8091
135 134 16512.5495
134 135 16512.5495
136 135 7587.2534
153 135 1790.1898
181 135 4440.4973
129 136 25303.6437
135 136 7587.2534
137 136 987.1668
180 136 10817.8278
320 136 2148.6893
136 137 987.1668
139 137 3585.5145
140 137 3068.4259
155 138 11046.0621
180 138 27631.9425
181 138 3898.6355
137 139 3585.5145
144 139 1038.7452
152 139 2708.559
286 139 1844.6781
320 139 950.5703
137 140 3068.4259
4 141 18953.7528
142 141 1936.1084
143 141 5333.3333
141 142 1936.1084
141 143 5333.3333
144 143 6993.007
152 143 2077.7062
156 143 2218.7708
139 144 1038.7452
143 144 6993.007
145 144 5022.6017
150 144 664.0106
144 145 5022.6017
146 145 1027.2214
147 145 471.2535
148 145 5787.037
150 145 1255.3352
145 146 1027.2214
148 146 2574.6653
298 146 1753.4631
145 147 471.2535
145 148 5787.037
146 148 2574.6653
149 148 7751.938
299 148 319.4888
148 149 7751.938
300 149 6321.1125
301 149 9149.1308
302 149 2898.5507
144 150 664.0106
145 150 1255.3352
151 150 502.5126
150 151 502.5126
139 152 2708.559
143 152 2077.7062
320 152 267.2368
119 153 39635.3547
135 153 1790.1898
154 153 8643.0424
153 154 8643.0424
155 154 513.8746
181 154 1645.2781
122 155 7547.1698
138 155 11046.0621
154 155 513.8746
4 156 3806.6235
143 156 2218.7708
157 156 198.334
156 157 198.334
4 158 1469.076
159 158 12313.7545
165 158 2050.8614
158 159 12313.7545
160 159 4472.2719
305 159 1198.897
159 160 4472.2719
164 160 758.1501
179 160 8361.204
162 161 6640.1062
163 161 7434.9442
168 161 1167.406
179 161 9990.01
161 162 6640.1062
308 162 570.1254
309 162 948.7666
161 163 7434.9442
160 164 758.1501
158 165 2050.8614
166 165 562.1135
322 165 485.9086
165 166 562.1135
3 167 2670.227
168 167 4506.5345
179 167 417.3623
161 168 1167.406
167 168 4506.5345
169 168 15455.9505
168 169 15455.9505
170 169 7407.4074
174 169 1632.3865
175 169 2432.4982
169 170 7407.4074
171 170 1545.5951
173 170 4793.8639
170 171 1545.5951
311 171 6906.0773
312 171 7627.7651
80 172 10993.8434
83 172 2133.5609
268 172 711.7438
170 173 4793.8639
169 174 1632.3865
175 174 8733.6245
176 174 3756.574
169 175 2432.4982
174 175 8733.6245
310 175 1231.8305
174 176 3756.574
3 177 18298.2617
4 177 13408.4205
178 177 10588.7336
177 178 10588.7336
160 179 8361.204
161 179 9990.01
167 179 417.3623
125 180 4079.9674
136 180 10817.8278
138 180 27631.9425
135 181 4440.4973
138 181 3898.6355
154 181 1645.2781
115 182 1290.4891
119 182 7434.9442
120 182 7861.6352
25 183 368.7316
29 184 1019.6798
29 185 3096.934
186 185 1784.7582
187 185 1042.1009
185 186 1784.7582
185 187 1042.1009
188 187 371.8855
189 187 2846.5699
187 188 371.8855
187 189 2846.5699
29 190 9852.2167
28 191 2840.1022
192 191 4017.6778
193 191 1084.834
191 192 4017.6778
191 193 1084.834
18 194 111.2471
20 195 1030.8216
37 196 1717.9179
40 197 1146.0005
41 198 3246.7532
41 199 1276.3242
56 200 418.0602
56 201 251.067
61 201 1239.0038
210 201 309.119
55 202 612.3699
59 203 9407.3377
59 204 6131.2078
205 204 11511.4539
209 204 484.0271
55 205 2159.3608
204 205 11511.4539
206 205 6720.4301
205 206 6720.4301
207 206 804.5052
208 206 1214.3291
206 207 804.5052
206 208 1214.3291
204 209 484.0271
201 210 309.119
62 211 248.3238
62 212 1217.1373
63 213 1255.9658
64 214 2307.3373
64 215 3120.1248
65 216 314.3666
65 217 7352.9412
218 217 997.009
219 217 2057.6132
217 218 997.009
217 219 2057.6132
220 219 841.0429
221 219 769.8229
219 220 841.0429
219 221 769.8229
72 222 512.0328
70 223 323.2062
224 223 2592.6886
225 223 9442.8706
228 223 813.0081
223 224 2592.6886
223 225 9442.8706
226 225 1886.0807
227 225 190.5851
225 226 1886.0807
225 227 190.5851
73 228 3663.0037
223 228 813.0081
229 228 308.3565
228 229 308.3565
230 229 577.034
231 229 298.2404
229 230 577.034
74 231 9242.1442
229 231 298.2404
232 231 322.2688
234 231 950.5703
231 232 322.2688
74 233 11048.5029
231 234 950.5703
71 235 385.6537
67 236 174.642
102 237 424.0882
91 238 439.3673
92 239 14405.0706
240 239 3380.6626
241 239 3108.4862
239 240 3380.6626
244 240 165.7275
245 240 162.5488
239 241 3108.4862
242 241 1877.5817
243 241 545.5537
241 242 1877.5817
241 243 545.5537
240 244 165.7275
240 245 162.5488
92 246 3212.3354
92 247 3385.2404
248 247 12732.3657
250 247 730.9942
91 248 1414.0271
247 248 12732.3657
249 248 455.1661
248 249 455.1661
247 250 730.9942
89 251 1458.5764
252 251 2263.4676
255 251 451.2635
251 252 2263.4676
253 252 1147.4469
254 252 1437.6078
252 253 1147.4469
252 254 1437.6078
251 255 451.2635
81 256 13267.8785
257 256 1594.642
258 256 1183.432
256 257 1594.642
256 258 1183.432
259 258 1385.2334
260 258 1927.8967
258 259 1385.2334
258 260 1927.8967
81 261 22251.8914
83 261 1103.5092
264 261 1691.7611
266 261 8718.3958
81 262 3012.9557
89 262 439.5604
263 262 783.0854
264 262 2467.3082
262 263 783.0854
261 264 1691.7611
262 264 2467.3082
265 264 4492.363
89 265 2409.6386
264 265 4492.363
267 265 6988.1202
87 266 2239.6417
261 266 8718.3958
267 266 8650.519
87 267 2238.6389
88 267 999.001
265 267 6988.1202
266 267 8650.519
79 268 1452.011
84 268 3660.3221
172 268 711.7438
109 269 1921.2296
113 270 1608.4928
120 271 765.6968
272 271 1747.9462
273 271 2730.0027
271 272 1747.9462
271 273 2730.0027
120 274 1622.06
121 274 3621.8761
275 274 794.2812
274 275 794.2812
124 276 4923.6829
277 276 888.8889
278 276 783.0854
276 277 888.8889
276 278 783.0854
124 279 5208.3333
123 280 7007.7085
128 281 19372.3363
282 281 966.1836
283 281 198.6887
281 282 966.1836
281 283 198.6887
284 283 453.5147
285 283 692.5208
283 284 453.5147
128 285 1825.8171
131 285 1833.5167
283 285 692.5208
139 286 1844.6781
130 287 4482.2949
131 287 7418.3976
288 287 8547.0085
287 288 8547.0085
131 289 5704.5066
290 289 13817.8803
297 289 6199.628
289 290 13817.8803
291 290 14847.8099
296 290 1581.0277
290 291 14847.8099
292 291 9990.01
295 291 6930.0069
291 292 9990.01
293 292 6020.4696
294 292 13954.7865
292 293 6020.4696
292 294 13954.7865
291 295 6930.0069
290 296 1581.0277
289 297 6199.628
146 298 1753.4631
148 299 319.4888
149 300 6321.1125
149 301 9149.1308
149 302 2898.5507
303 302 2724.0534
304 302 7587.2534
302 303 2724.0534
302 304 7587.2534
159 305 1198.897
306 305 1381.788
307 305 485.4369
305 306 1381.788
305 307 485.4369
162 308 570.1254
162 309 948.7666
175 310 1231.8305
171 311 6906.0773
171 312 7627.7651
33 313 2831.2571
34 313 595.9476
314 313 658.3278
313 314 658.3278
1 315 85.9845
102 316 1906.2143
317 316 1270.4866
318 316 414.9378
101 317 853.2423
316 317 1270.4866
318 317 1052.6316
103 318 1010.3051
316 318 414.9378
317 318 1052.6316
107 319 2796.4206
116 319 6501.9506
117 319 2981.5146
136 320 2148.6893
139 320 950.5703
152 320 267.2368
91 321 13020.8333
165 322 485.9086
