3 1 8741.2587
4 1 7132.6676
5 1 4277.16
7 1 5361.9303
8 1 6949.2703
9 1 7604.5627
10 1 6027.7275
11 1 215.378
14 1 121.0068
39 1 96.5251
306 2 459.9816
1 3 8741.2587
1 4 7132.6676
46 4 7874.0157
60 4 382.263
124 4 71.7875
1 5 4277.16
171 6 26.137
1 7 5361.9303
20 7 8873.1145
29 7 10001.0001
33 7 647.6684
1 8 6949.2703
19 8 4030.6328
21 8 4666.3556
1 9 7604.5627
17 9 1162.3852
19 9 2510.6703
1 10 6027.7275
1 11 215.378
35 12 41.0846
16 13 75.4717
100 13 731.5289
170 13 141.6029
1 14 121.0068
100 15 8718.3958
13 16 75.4717
9 17 1162.3852
19 17 400.3203
24 17 335.1206
54 18 91.9963
107 18 977.5171
120 18 20.8551
8 19 4030.6328
9 19 2510.6703
17 19 400.3203
21 19 7320.6442
7 20 8873.1145
21 20 5595.9709
84 20 903.3424
8 21 4666.3556
19 21 7320.6442
20 21 5595.9709
99 21 2292.5264
201 22 1117.5682
31 23 54.6747
120 23 136.7989
164 23 56.338
177 23 2293.578
17 24 335.1206
25 24 2074.6888
260 24 48.5437
24 25 2074.6888
74 25 447.6276
77 25 2375.2969
27 26 3259.4524
31 26 3428.1796
125 26 1934.9845
26 27 3259.4524
28 27 119.1327
108 27 78.3085
27 28 119.1327
7 29 10001.0001
30 29 3407.155
101 29 5672.1497
29 30 3407.155
32 30 547.6451
84 30 805.8018
85 30 1666.9445
23 31 54.6747
26 31 3428.1796
201 31 366.5689
30 32 547.6451
94 32 3037.6671
129 32 232.7747
7 33 647.6684
34 33 667.1114
39 33 523.0126
102 33 687.7579
33 34 667.1114
12 35 41.0846
169 35 207.857
203 35 43.0849
306 36 609.0134
38 37 6711.4094
66 37 345.3039
177 37 11074.1971
37 38 6711.4094
40 38 1271.1326
113 38 2085.5057
1 39 96.5251
33 39 523.0126
104 39 197.5504
38 40 1271.1326
42 41 943.3962
43 41 647.2492
102 41 27.6549
41 42 943.3962
41 43 647.2492
45 44 3381.8059
44 45 3381.8059
4 46 7874.0157
47 46 524.9344
53 46 220.1189
46 47 524.9344
109 47 159.9488
114 47 111.7693
266 48 5750.4313
50 49 2933.4116
52 49 632.9114
266 49 606.7961
49 50 2933.4116
51 50 896.0573
298 50 357.2705
50 51 896.0573
52 51 131.4406
178 51 349.162
49 52 632.9114
51 52 131.4406
127 52 508.9059
229 52 506.3291
270 52 125.4076
46 53 220.1189
54 53 432.7131
167 53 76.864
18 54 91.9963
53 54 432.7131
169 54 397.2984
172 55 260.8923
229 55 77.1605
270 55 1078.6323
73 56 184.8771
58 57 39.093
172 57 101.9264
229 57 54.9149
57 58 39.093
178 59 101.7501
4 60 382.263
61 60 3436.4261
124 60 473.4848
60 61 3436.4261
62 61 5310.6745
181 61 42.0875
61 62 5310.6745
115 62 329.7066
116 62 6075.3341
64 63 2082.0321
65 63 457.8755
70 63 4096.6817
298 63 541.1255
63 64 2082.0321
66 64 401.4452
298 64 168.5488
63 65 457.8755
37 66 345.3039
64 66 401.4452
176 66 1694.9153
68 67 1525.3203
69 67 554.3237
298 67 1709.9863
67 68 1525.3203
67 69 554.3237
63 70 4096.6817
97 71 2765.4867
138 71 58.4112
143 71 1576.2926
141 72 786.7821
208 72 4474.2729
209 72 4728.1324
56 73 184.8771
151 73 8025.6822
153 73 1981.3751
25 74 447.6276
75 74 261.5063
128 74 1527.8839
74 75 261.5063
77 75 469.4836
153 75 2322.8804
160 76 40.3714
282 76 868.0556
283 76 2031.2817
25 77 2375.2969
75 77 469.4836
78 77 9009.009
83 77 295.5956
145 77 376.7898
77 78 9009.009
79 78 1808.9725
152 78 172.6221
78 79 1808.9725
149 79 6215.0404
213 79 202.6753
147 80 8431.7032
149 80 10818.9982
150 80 2199.2523
222 80 359.7122
100 81 4027.3862
139 82 1666.3889
144 82 4170.1418
213 82 161.4987
77 83 295.5956
20 84 903.3424
30 84 805.8018
86 84 218.1501
30 85 1666.9445
84 86 218.1501
87 86 3628.447
91 86 183.4189
145 86 214.3163
86 87 3628.447
88 87 7358.3517
92 87 258.8662
87 88 7358.3517
89 88 6317.1194
93 88 1170.549
88 89 6317.1194
90 89 1775.5682
93 89 1670.0067
89 90 1775.5682
138 90 1695.7775
139 90 9149.1308
86 91 183.4189
87 92 258.8662
88 93 1170.549
89 93 1670.0067
144 93 4231.9086
32 94 3037.6671
95 94 4185.8518
133 94 319.5909
94 95 4185.8518
96 95 1393.7282
138 95 59.2066
95 96 1393.7282
98 96 374.9531
143 96 1624.1676
71 97 2765.4867
133 97 92.9368
134 97 1665.5563
96 98 374.9531
143 98 517.8664
146 98 2290.9507
21 99 2292.5264
13 100 731.5289
15 100 8718.3958
81 100 4027.3862
29 101 5672.1497
33 102 687.7579
41 102 27.6549
103 102 3753.7538
102 103 3753.7538
104 103 1935.359
229 103 80.0
39 104 197.5504
103 104 1935.359
105 104 2639.9155
104 105 2639.9155
106 105 4638.2189
172 105 623.8303
105 106 4638.2189
173 106 1061.008
174 106 8628.1277
18 107 977.5171
125 107 16.4312
203 107 2688.8949
27 108 78.3085
201 108 2491.9013
203 108 1859.0816
47 109 159.9488
110 109 1235.4831
166 109 162.681
109 110 1235.4831
111 110 701.2623
166 110 204.96
110 111 701.2623
112 111 6756.7568
301 111 306.5604
111 112 6756.7568
294 112 164.4196
302 112 967.118
38 113 2085.5057
47 114 111.7693
163 114 3066.544
165 114 711.7438
62 115 329.7066
121 115 20024.0288
162 115 1478.1966
62 116 6075.3341
117 116 9225.0923
121 116 646.4124
116 117 9225.0923
118 117 2662.4068
123 117 485.6727
126 117 421.5852
117 118 2662.4068
119 118 1652.0734
123 118 1361.2851
118 119 1652.0734
155 119 5437.7379
158 119 1638.5384
18 120 20.8551
23 120 136.7989
125 120 430.8488
115 121 20024.0288
116 121 646.4124
122 121 1835.536
121 122 1835.536
160 122 1562.9884
162 122 9514.7479
117 123 485.6727
118 123 1361.2851
158 123 289.1845
4 124 71.7875
60 124 473.4848
126 124 357.2705
26 125 1934.9845
107 125 16.4312
120 125 430.8488
117 126 421.5852
124 126 357.2705
261 126 211.685
262 126 91.9963
52 127 508.9059
229 127 1770.2248
266 127 1320.655
74 128 1527.8839
32 129 232.7747
130 129 941.6196
132 129 3582.9452
129 130 941.6196
182 130 242.7774
183 130 292.2268
132 131 7610.3501
133 131 1271.1326
188 131 500.5005
129 132 3582.9452
131 132 7610.3501
185 132 10209.2905
94 133 319.5909
97 133 92.9368
131 133 1271.1326
136 133 40.833
97 134 1665.5563
135 134 3620.5648
212 134 967.118
134 135 3620.5648
206 135 4985.0449
208 135 514.1388
133 136 40.833
196 136 6459.9483
204 136 41.1692
205 136 306.5604
206 136 5068.4237
139 137 186.881
208 137 4472.2719
212 137 2009.2425
71 138 58.4112
90 138 1695.7775
95 138 59.2066
212 138 114.7579
82 139 1666.3889
90 139 9149.1308
137 139 186.881
140 139 4923.6829
214 139 627.3526
139 140 4923.6829
141 140 4541.3261
208 140 349.7726
72 141 786.7821
140 141 4541.3261
142 141 5621.1355
141 142 5621.1355
209 142 3901.6777
210 142 5361.9303
71 143 1576.2926
96 143 1624.1676
98 143 517.8664
82 144 4170.1418
93 144 4231.9086
145 144 486.618
77 145 376.7898
86 145 214.3163
144 145 486.618
98 146 2290.9507
80 147 8431.7032
148 147 8196.7213
242 147 359.5829
147 148 8196.7213
223 148 2525.2525
231 148 283.0456
79 149 6215.0404
80 149 10818.9982
150 149 1007.8613
80 150 2199.2523
149 150 1007.8613
252 150 248.2622
73 151 8025.6822
152 151 4555.8087
256 151 114.2335
78 152 172.6221
151 152 4555.8087
251 152 2856.3268
255 152 382.995
73 153 1981.3751
75 153 2322.8804
154 153 276.2431
153 154 276.2431
119 155 5437.7379
156 155 1948.1785
157 155 1218.769
155 156 1948.1785
265 156 5747.1264
273 156 155.5452
155 157 1218.769
159 157 1474.7087
281 157 446.628
119 158 1638.5384
123 158 289.1845
159 158 1022.2858
282 158 634.1154
157 159 1474.7087
158 159 1022.2858
281 159 491.6421
76 160 40.3714
122 160 1562.9884
161 160 462.1072
160 161 462.1072
280 161 240.3846
283 161 4768.7172
285 161 652.3157
115 162 1478.1966
122 162 9514.7479
287 162 264.2008
288 162 57.5705
114 163 3066.544
181 163 3395.5857
290 163 232.1802
23 164 56.338
114 165 711.7438
166 165 654.0222
291 165 3606.2027
109 166 162.681
110 166 204.96
165 166 654.0222
291 166 1123.4693
53 167 76.864
168 167 835.4219
303 167 421.23
167 168 835.4219
300 168 336.2475
303 168 466.4179
35 169 207.857
54 169 397.2984
170 169 2180.0741
13 170 141.6029
169 170 2180.0741
171 170 9606.1479
6 171 26.137
170 171 9606.1479
304 171 183.2845
306 171 389.2565
55 172 260.8923
57 172 101.9264
105 172 623.8303
106 173 1061.008
106 174 8628.1277
175 174 12669.4539
270 174 272.7025
174 175 12669.4539
176 175 12235.4093
178 175 7575.7576
66 176 1694.9153
175 176 12235.4093
177 176 17328.0194
23 177 2293.578
37 177 11074.1971
176 177 17328.0194
51 178 349.162
59 178 101.7501
175 178 7575.7576
180 179 616.1429
179 180 616.1429
61 181 42.0875
163 181 3395.5857
289 181 122.549
130 182 242.7774
130 183 292.2268
184 183 185.2538
186 183 1285.5123
187 183 1161.5751
183 184 185.2538
132 185 10209.2905
186 185 7616.1462
190 185 835.4219
183 186 1285.5123
185 186 7616.1462
191 186 581.0575
183 187 1161.5751
131 188 500.5005
189 188 1405.4814
192 188 242.8953
188 189 1405.4814
190 189 4901.9608
193 189 252.7806
185 190 835.4219
189 190 4901.9608
191 190 1589.8251
186 191 581.0575
190 191 1589.8251
194 191 5144.0329
195 191 4775.5492
188 192 242.8953
189 193 252.7806
191 194 5144.0329
191 195 4775.5492
136 196 6459.9483
197 196 2446.184
199 196 1446.9686
202 196 168.0672
196 197 2446.184
198 197 4549.5905
199 197 5656.1086
197 198 4549.5905
196 199 1446.9686
197 199 5656.1086
200 199 1266.9454
199 200 1266.9454
22 201 1117.5682
31 201 366.5689
108 201 2491.9013
196 202 168.0672
35 203 43.0849
107 203 2688.8949
108 203 1859.0816
136 204 41.1692
136 205 306.5604
207 205 295.683
209 205 58.7889
135 206 4985.0449
136 206 5068.4237
207 206 145.37
205 207 295.683
206 207 145.37
208 207 1626.0163
72 208 4474.2729
135 208 514.1388
137 208 4472.2719
140 208 349.7726
207 208 1626.0163
72 209 4728.1324
142 209 3901.6777
205 209 58.7889
210 209 5268.7039
142 210 5361.9303
209 210 5268.7039
211 210 175.9324
218 210 838.9262
210 211 175.9324
134 212 967.118
137 212 2009.2425
138 212 114.7579
79 213 202.6753
82 213 161.4987
214 213 701.7544
215 213 728.3321
139 214 627.3526
213 214 701.7544
215 214 299.7602
213 215 728.3321
214 215 299.7602
216 215 329.0556
215 216 329.0556
217 216 1050.3098
220 216 93.5454
216 217 1050.3098
218 217 756.4297
219 217 307.6923
210 218 838.9262
217 218 756.4297
221 218 379.5066
217 219 307.6923
216 220 93.5454
218 221 379.5066
222 221 896.861
227 221 507.872
80 222 359.7122
221 222 896.861
226 222 3736.9208
148 223 2525.2525
224 223 15241.579
231 223 264.8305
223 224 15241.579
225 224 6887.0523
233 224 160.2821
224 225 6887.0523
226 225 5151.9835
230 225 76.5111
222 226 3736.9208
225 226 5151.9835
228 226 81.9672
221 227 507.872
226 228 81.9672
52 229 506.3291
55 229 77.1605
57 229 54.9149
103 229 80.0
127 229 1770.2248
225 230 76.5111
148 231 283.0456
223 231 264.8305
232 231 394.9447
231 232 394.9447
233 232 2214.8394
241 232 69.5894
224 233 160.2821
232 233 2214.8394
234 233 568.8282
236 233 417.0142
240 233 173.1302
233 234 568.8282
235 234 1470.1558
239 234 314.2678
234 235 1470.1558
233 236 417.0142
237 236 709.7232
238 236 228.3105
236 237 709.7232
236 238 228.3105
234 239 314.2678
233 240 173.1302
232 241 69.5894
243 241 277.7778
249 241 410.6776
147 242 359.5829
243 242 841.7508
252 242 1815.541
241 243 277.7778
242 243 841.7508
244 243 8733.6245
243 244 8733.6245
245 244 351.1236
252 244 1378.3598
244 245 351.1236
246 245 1549.907
250 245 98.4252
245 246 1549.907
247 246 1298.87
251 246 134.1562
246 247 1298.87
248 247 907.441
253 247 8203.4454
247 248 907.441
241 249 410.6776
245 250 98.4252
152 251 2856.3268
246 251 134.1562
253 251 1019.0564
150 252 248.2622
242 252 1815.541
244 252 1378.3598
247 253 8203.4454
251 253 1019.0564
254 253 84.246
253 254 84.246
152 255 382.995
256 255 706.2147
258 255 237.8687
151 256 114.2335
255 256 706.2147
257 256 684.4627
259 256 566.8934
256 257 684.4627
255 258 237.8687
256 259 566.8934
24 260 48.5437
126 261 211.685
126 262 91.9963
263 262 1094.0919
264 262 278.2415
262 263 1094.0919
262 264 278.2415
156 265 5747.1264
267 265 473.0369
276 265 4224.7571
48 266 5750.4313
49 266 606.7961
127 266 1320.655
265 267 473.0369
268 267 148.8317
269 267 392.0031
267 268 148.8317
267 269 392.0031
271 269 686.8132
272 269 296.3841
52 270 125.4076
55 270 1078.6323
174 270 272.7025
269 271 686.8132
269 272 296.3841
156 273 155.5452
274 273 98.8142
275 273 112.8668
273 274 98.8142
273 275 112.8668
265 276 4224.7571
277 276 292.4832
278 276 38.61
276 277 292.4832
276 278 38.61
279 278 1394.8947
281 278 1519.7568
278 279 1394.8947
280 279 4291.8455
281 279 821.6927
161 280 240.3846
279 280 4291.8455
284 280 577.3672
157 281 446.628
159 281 491.6421
278 281 1519.7568
279 281 821.6927
76 282 868.0556
158 282 634.1154
284 282 97.561
76 283 2031.2817
161 283 4768.7172
284 283 694.927
280 284 577.3672
282 284 97.561
283 284 694.927
161 285 652.3157
286 285 3187.759
287 285 2033.7604
285 286 3187.759
162 287 264.2008
285 287 2033.7604
288 287 39.8089
162 288 57.5705
287 288 39.8089
289 288 932.8358
181 289 122.549
288 289 932.8358
290 289 184.2299
163 290 232.1802
289 290 184.2299
291 290 392.1569
165 291 3606.2027
166 291 1123.4693
290 291 392.1569
292 291 8771.9298
291 292 8771.9298
293 292 244.7381
294 292 227.9462
292 293 244.7381
112 294 164.4196
292 294 227.9462
295 294 375.2345
294 295 375.2345
296 295 43.1779
297 295 113.3144
299 295 145.9854
295 296 43.1779
295 297 113.3144
50 298 357.2705
63 298 541.1255
64 298 168.5488
67 298 1709.9863
295 299 145.9854
168 300 336.2475
301 300 446.628
302 300 298.0626
111 301 306.5604
300 301 446.628
302 301 652.3157
112 302 967.118
300 302 298.0626
301 302 652.3157
167 303 421.23
168 303 466.4179
304 303 1161.5751
171 304 183.2845
303 304 1161.5751
305 304 129.199
304 305 129.199
2 306 459.9816
36 306 609.0134
171 306 389.2565
