2 1 6414.3682
3 1 6671.1141
4 1 5296.6102
5 1 5443.6581
6 1 6618.1337
7 1 7256.894
8 1 6706.9081
9 1 5662.5142
10 1 6680.0267
11 1 5602.2409
12 1 5646.5274
13 1 4391.7435
14 1 7457.1216
15 1 2866.1508
42 1 3675.1194
45 1 4230.1184
56 1 925.9259
1 2 6414.3682
46 2 4100.041
49 2 8525.1492
51 2 6172.8395
52 2 502.2602
1 3 6671.1141
51 3 5952.381
54 3 700.2801
59 3 1173.2958
1 4 5296.6102
58 4 15051.174
60 4 79.4281
61 4 200.3606
62 4 31407.0352
1 5 5443.6581
62 5 24131.2741
63 5 297.885
66 5 6116.208
1 6 6618.1337
66 6 7633.5878
70 6 19164.4308
1 7 7256.894
70 7 18878.6105
74 7 15971.8895
75 7 4943.1537
78 7 20576.1317
1 8 6706.9081
81 8 16583.7479
82 8 13304.9494
83 8 4239.0844
1 9 5662.5142
41 9 346.0208
42 9 6116.208
43 9 4266.2116
85 9 1278.282
86 9 58.4795
1 10 6680.0267
39 10 11132.1385
40 10 464.0371
1 11 5602.2409
33 11 1018.3299
35 11 3110.4199
39 11 11139.5789
1 12 5646.5274
25 12 4286.3266
29 12 12417.7325
1 13 4391.7435
15 13 115.7943
23 13 82.9876
25 13 6765.8999
1 14 7457.1216
78 14 16363.9339
81 14 17752.5297
1 15 2866.1508
13 15 115.7943
16 15 223.1645
17 15 239.9232
158 15 33.456
15 16 223.1645
15 17 239.9232
20 18 886.5248
21 18 834.7245
28 18 13964.5301
21 19 2750.275
94 19 5107.2523
96 19 1968.8915
97 19 3414.1345
18 20 886.5248
88 20 4863.8132
93 20 658.7615
18 21 834.7245
19 21 2750.275
22 21 7369.1968
94 21 1148.6331
21 22 7369.1968
13 23 82.9876
24 23 1120.9506
26 23 475.2852
28 23 478.4689
23 24 1120.9506
12 25 4286.3266
13 25 6765.8999
26 25 10651.896
23 26 475.2852
25 26 10651.896
27 26 67.2948
28 26 14104.3724
29 26 1524.6227
26 27 67.2948
18 28 13964.5301
23 28 478.4689
26 28 14104.3724
87 28 874.8906
12 29 12417.7325
26 29 1524.6227
30 29 1635.0556
29 30 1635.0556
32 30 1238.2368
115 30 1047.6689
116 31 5302.2269
119 31 1638.8069
121 31 16015.3748
124 31 5291.0053
30 32 1238.2368
11 33 1018.3299
34 33 2774.6948
108 33 431.5926
33 34 2774.6948
11 35 3110.4199
36 35 1293.4937
39 35 3921.5686
35 36 1293.4937
37 36 144.7178
38 36 2141.7862
36 37 144.7178
36 38 2141.7862
10 39 11132.1385
11 39 11139.5789
35 39 3921.5686
10 40 464.0371
41 40 2071.251
43 40 423.7288
44 40 541.1255
9 41 346.0208
40 41 2071.251
111 41 360.8805
1 42 3675.1194
9 42 6116.208
43 42 8431.7032
44 42 5760.3687
9 43 4266.2116
40 43 423.7288
42 43 8431.7032
44 43 17752.5297
40 44 541.1255
42 44 5760.3687
43 44 17752.5297
1 45 4230.1184
46 45 13766.5198
153 45 265.6748
2 46 4100.041
45 46 13766.5198
47 46 535.3319
46 47 535.3319
48 47 471.0316
49 47 657.0302
47 48 471.0316
49 48 1293.1592
50 48 1642.3058
2 49 8525.1492
47 49 657.0302
48 49 1293.1592
48 50 1642.3058
154 50 328.4072
157 50 127.6324
2 51 6172.8395
3 51 5952.381
53 51 692.0415
2 52 502.2602
140 52 537.9236
141 52 245.5193
51 53 692.0415
142 53 3174.6032
144 53 882.6125
146 53 9310.987
3 54 700.2801
55 54 1295.3368
57 54 723.589
139 54 229.3052
161 54 5760.3687
54 55 1295.3368
1 56 925.9259
57 56 1195.1715
58 56 1226.392
54 57 723.589
56 57 1195.1715
58 57 1437.8145
4 58 15051.174
56 58 1226.392
57 58 1437.8145
3 59 1173.2958
4 60 79.4281
4 61 200.3606
4 62 31407.0352
5 62 24131.2741
63 62 364.1661
160 62 281.8489
5 63 297.885
62 63 364.1661
64 63 2255.3
63 64 2255.3
65 64 2598.7526
127 64 556.1735
64 65 2598.7526
5 66 6116.208
6 66 7633.5878
67 66 1756.2346
70 66 9140.7678
66 67 1756.2346
68 67 851.0638
71 67 3256.2683
67 68 851.0638
69 68 591.3661
130 68 1300.052
68 69 591.3661
6 70 19164.4308
7 70 18878.6105
66 70 9140.7678
71 70 6067.9612
74 70 20554.9846
67 71 3256.2683
70 71 6067.9612
72 71 21431.6331
71 72 21431.6331
73 72 5973.7157
74 72 4411.116
72 73 5973.7157
7 74 15971.8895
70 74 20554.9846
72 74 4411.116
7 75 4943.1537
76 75 327.4394
77 75 452.284
75 76 327.4394
75 77 452.284
7 78 20576.1317
14 78 16363.9339
79 78 8771.9298
78 79 8771.9298
80 79 204.0816
81 79 2463.661
79 80 204.0816
126 80 37.7929
159 80 120.2935
8 81 16583.7479
14 81 17752.5297
79 81 2463.661
82 81 20132.877
8 82 13304.9494
81 82 20132.877
83 82 4714.7572
159 82 133.8509
8 83 4239.0844
82 83 4714.7572
84 83 153.1628
159 83 137.741
83 84 153.1628
9 85 1278.282
9 86 58.4795
28 87 874.8906
88 87 4965.2433
91 87 1402.5245
20 88 4863.8132
87 88 4965.2433
89 88 10841.2836
88 89 10841.2836
90 89 5707.7626
92 89 4547.5216
89 90 5707.7626
87 91 1402.5245
89 92 4547.5216
20 93 658.7615
19 94 5107.2523
21 94 1148.6331
95 94 301.4772
94 95 301.4772
19 96 1968.8915
19 97 3414.1345
98 97 15121.7299
106 97 1027.8549
107 97 565.2911
97 98 15121.7299
99 98 8291.874
104 98 290.1915
98 99 8291.874
100 99 13397.642
104 99 296.9121
99 100 13397.642
101 100 2049.6003
102 100 380.6624
103 100 861.3264
100 101 2049.6003
100 102 380.6624
100 103 861.3264
98 104 290.1915
99 104 296.9121
105 104 499.2511
104 105 499.2511
97 106 1027.8549
97 107 565.2911
33 108 431.5926
109 108 1150.8804
110 108 3995.2058
108 109 1150.8804
108 110 3995.2058
41 111 360.8805
112 111 1349.7098
113 111 2644.803
114 111 222.8661
111 112 1349.7098
111 113 2644.803
111 114 222.8661
30 115 1047.6689
116 115 4576.659
118 115 199.6008
31 116 5302.2269
115 116 4576.659
117 116 30.5157
116 117 30.5157
115 118 199.6008
31 119 1638.8069
120 119 522.1932
121 119 2268.6025
119 120 522.1932
31 121 16015.3748
119 121 2268.6025
122 121 2025.1114
121 122 2025.1114
123 122 2642.0079
125 122 753.5795
122 123 2642.0079
31 124 5291.0053
122 125 753.5795
80 126 37.7929
64 127 556.1735
128 127 1671.6817
129 127 466.6356
127 128 1671.6817
127 129 466.6356
68 130 1300.052
131 130 10906.3148
134 130 226.8603
130 131 10906.3148
132 131 5813.9535
135 131 67.3401
138 131 1601.794
131 132 5813.9535
133 132 3910.833
136 132 108.2603
137 132 344.1156
132 133 3910.833
130 134 226.8603
131 135 67.3401
132 136 108.2603
132 137 344.1156
131 138 1601.794
54 139 229.3052
52 140 537.9236
52 141 245.5193
53 142 3174.6032
143 142 2735.9781
148 142 4389.8156
142 143 2735.9781
53 144 882.6125
145 144 684.9315
146 144 1047.7787
144 145 684.9315
53 146 9310.987
144 146 1047.7787
147 146 3965.1071
146 147 3965.1071
148 147 4219.4093
150 147 700.7708
151 147 1099.3843
142 148 4389.8156
147 148 4219.4093
149 148 10041.1688
152 148 19164.4308
148 149 10041.1688
147 150 700.7708
147 151 1099.3843
148 152 19164.4308
45 153 265.6748
50 154 328.4072
155 154 611.9951
156 154 750.1875
154 155 611.9951
154 156 750.1875
50 157 127.6324
15 158 33.456
80 159 120.2935
82 159 133.8509
83 159 137.741
62 160 281.8489
54 161 5760.3687
