2 1 7256.894
3 1 5966.5871
4 1 7241.1296
5 1 6600.6601
6 1 5319.1489
7 1 6715.9167
8 1 7501.8755
9 1 5524.8619
10 1 6480.8814
14 1 6097.561
15 1 323.7294
19 1 3514.9385
25 1 169.6065
27 1 429.9226
31 1 3389.8305
32 1 4163.1973
36 1 5917.1598
37 1 3644.3149
43 1 574.0528
44 1 261.1648
46 1 6891.7988
52 1 1295.3368
59 1 118.3572
60 1 113.9082
64 1 1172.7454
76 1 2428.9531
79 1 324.3594
85 1 6662.2252
97 1 48.3559
100 1 335.7958
1 2 7256.894
11 2 1914.6085
106 2 42.1408
1 3 5966.5871
85 3 4743.833
95 3 1824.4846
96 3 2469.1358
97 3 130.7702
1 4 7241.1296
75 4 6459.9483
76 4 3169.5721
1 5 6600.6601
69 5 8532.4232
70 5 848.8964
75 5 5777.0075
1 6 5319.1489
57 6 652.3157
63 6 114.9557
64 6 742.3905
1 7 6715.9167
52 7 1305.9945
56 7 1954.6521
1 8 7501.8755
50 8 3552.3979
51 8 4835.5899
1 9 5524.8619
40 9 122.6091
234 9 20.2552
1 10 6480.8814
16 10 203.2934
17 10 165.755
18 10 201.0454
2 11 1914.6085
12 11 237.3606
14 11 697.3501
11 12 237.3606
13 12 1117.818
17 12 180.6358
12 13 1117.818
291 13 699.7901
297 13 631.7119
1 14 6097.561
11 14 697.3501
15 14 999.001
1 15 323.7294
14 15 999.001
16 15 379.9392
10 16 203.2934
15 16 379.9392
17 16 413.5649
10 17 165.755
12 17 180.6358
16 17 413.5649
10 18 201.0454
21 18 1216.397
291 18 109.866
1 19 3514.9385
20 19 11567.38
23 19 3297.0656
19 20 11567.38
21 20 2251.7451
23 20 1632.1201
18 21 1216.397
20 21 2251.7451
22 21 94.6074
21 22 94.6074
19 23 3297.0656
20 23 1632.1201
24 23 657.8947
23 24 657.8947
1 25 169.6065
26 25 1079.5639
292 25 610.1281
25 26 1079.5639
287 26 974.6589
289 26 187.8993
290 26 89.4454
1 27 429.9226
28 27 246.9136
30 27 317.5611
27 28 246.9136
29 28 1313.5426
286 28 64.9351
28 29 1313.5426
273 29 4020.9087
283 29 242.7184
285 29 84.3882
27 30 317.5611
1 31 3389.8305
32 31 5920.6631
33 31 2244.1652
1 32 4163.1973
31 32 5920.6631
33 32 1043.9503
31 33 2244.1652
32 33 1043.9503
34 33 1411.0343
33 34 1411.0343
35 34 692.5208
270 34 57.4053
34 35 692.5208
245 35 97.8474
269 35 65.7462
1 36 5917.1598
37 36 3711.9525
38 36 1708.5255
1 37 3644.3149
36 37 3711.9525
38 37 1285.6776
36 38 1708.5255
37 38 1285.6776
39 38 180.7664
41 38 24.2777
38 39 180.7664
251 39 3901.6777
258 39 713.2668
259 39 4662.0047
9 40 122.6091
41 40 130.7019
42 40 136.6867
38 41 24.2777
40 41 130.7019
261 41 519.2108
40 42 136.6867
1 43 574.0528
1 44 261.1648
45 44 202.0202
47 44 361.0108
44 45 202.0202
237 45 22.4618
238 45 442.6737
1 46 6891.7988
47 46 145.0537
49 46 55.8971
44 47 361.0108
46 47 145.0537
48 47 137.4193
233 47 40.4694
47 48 137.4193
46 49 55.8971
8 50 3552.3979
8 51 4835.5899
1 52 1295.3368
7 52 1305.9945
53 52 723.589
52 53 723.589
54 53 2568.7131
214 53 79.3651
53 54 2568.7131
55 54 199.5211
221 54 145.4969
54 55 199.5211
7 56 1954.6521
6 57 652.3157
58 57 521.1047
61 57 280.6624
57 58 521.1047
1 59 118.3572
1 60 113.9082
57 61 280.6624
62 61 302.5719
213 61 79.1766
61 62 302.5719
6 63 114.9557
1 64 1172.7454
6 64 742.3905
65 64 777.0008
74 64 1042.1009
64 65 777.0008
67 66 780.0312
68 66 666.6667
74 66 1304.4613
210 66 197.3165
66 67 780.0312
68 67 8561.6438
190 67 1945.5253
66 68 666.6667
67 68 8561.6438
185 68 198.334
188 68 450.2476
5 69 8532.4232
5 70 848.8964
71 70 448.4305
74 70 56.5931
77 70 265.5337
70 71 448.4305
72 71 358.6801
78 71 742.9421
71 72 358.6801
73 72 256.5418
78 72 485.9086
72 73 256.5418
173 73 2054.2317
174 73 2901.0734
64 74 1042.1009
66 74 1304.4613
70 74 56.5931
4 75 6459.9483
5 75 5777.0075
76 75 1255.0201
1 76 2428.9531
4 76 3169.5721
75 76 1255.0201
77 76 141.9446
170 76 37.7216
70 77 265.5337
76 77 141.9446
78 77 128.866
71 78 742.9421
72 78 485.9086
77 78 128.866
1 79 324.3594
80 79 1212.5621
81 79 2280.5017
79 80 1212.5621
158 80 1295.8404
160 80 251.2563
79 81 2280.5017
82 81 622.665
86 81 279.5639
87 81 850.3401
81 82 622.665
83 82 1728.3097
88 82 341.9973
82 83 1728.3097
84 83 1475.1438
89 83 144.321
83 84 1475.1438
1 85 6662.2252
3 85 4743.833
86 85 1552.554
96 85 14118.3114
81 86 279.5639
85 86 1552.554
87 86 2411.9633
81 87 850.3401
86 87 2411.9633
88 87 4321.5212
82 88 341.9973
87 88 4321.5212
89 88 2854.696
83 89 144.321
88 89 2854.696
90 89 14353.3802
105 89 4791.5668
89 90 14353.3802
91 90 1368.5507
101 90 3786.4445
90 91 1368.5507
92 91 8077.5444
138 91 1818.5125
91 92 8077.5444
125 92 26881.7204
128 92 5146.6804
137 92 1191.6111
94 93 400.1601
95 93 1253.1328
99 93 469.9248
93 94 400.1601
99 94 343.9972
107 94 147.7105
3 95 1824.4846
93 95 1253.1328
96 95 10987.8035
3 96 2469.1358
85 96 14118.3114
95 96 10987.8035
1 97 48.3559
3 97 130.7702
98 97 399.8401
97 98 399.8401
99 98 541.1255
100 98 125.4863
93 99 469.9248
94 99 343.9972
98 99 541.1255
1 100 335.7958
98 100 125.4863
104 100 54.0833
90 101 3786.4445
102 101 7189.0726
104 101 3052.5031
101 102 7189.0726
103 102 4705.8824
125 102 1992.4288
102 103 4705.8824
104 103 109.6972
108 103 5485.4635
115 103 6297.2292
100 104 54.0833
101 104 3052.5031
103 104 109.6972
89 105 4791.5668
2 106 42.1408
94 107 147.7105
103 108 5485.4635
109 108 4539.2646
114 108 507.3567
108 109 4539.2646
110 109 3805.175
113 109 2304.6785
109 110 3805.175
111 110 9596.929
112 110 11268.8754
110 111 9596.929
110 112 11268.8754
109 113 2304.6785
108 114 507.3567
103 115 6297.2292
116 115 11354.6043
126 115 513.347
115 116 11354.6043
117 116 6863.418
124 116 133.4757
116 117 6863.418
118 117 14001.6802
123 117 1009.1836
117 118 14001.6802
119 118 13553.8086
122 118 4697.0409
118 119 13553.8086
120 119 4240.8821
121 119 2405.5809
119 120 4240.8821
119 121 2405.5809
118 122 4697.0409
117 123 1009.1836
116 124 133.4757
92 125 26881.7204
102 125 1992.4288
126 125 669.7924
127 125 3657.6445
147 125 2265.0057
115 126 513.347
125 126 669.7924
149 126 1422.4751
125 127 3657.6445
92 128 5146.6804
129 128 11446.8864
139 128 894.4544
128 129 11446.8864
130 129 15547.2637
140 129 1085.4228
129 130 15547.2637
131 130 11414.2221
141 130 1691.7611
130 131 11414.2221
132 131 11465.2603
134 131 787.4016
131 132 11465.2603
133 132 9354.537
151 132 4518.7528
152 132 10691.7567
132 133 9354.537
134 133 5200.208
135 133 3624.5016
131 134 787.4016
133 134 5200.208
135 134 8340.2836
141 134 12434.7177
133 135 3624.5016
134 135 8340.2836
146 135 7770.0078
137 136 3298.153
138 136 11646.867
158 136 4081.6327
164 136 425.8944
92 137 1191.6111
136 137 3298.153
138 137 5678.5917
139 137 11924.6363
164 137 484.2615
91 138 1818.5125
136 138 11646.867
137 138 5678.5917
128 139 894.4544
137 139 11924.6363
140 139 16220.6002
142 139 189.8614
129 140 1085.4228
139 140 16220.6002
141 140 14609.2038
143 140 1479.9467
130 141 1691.7611
134 141 12434.7177
140 141 14609.2038
139 142 189.8614
140 143 1479.9467
144 143 5022.6017
145 143 633.7136
143 144 5022.6017
143 145 633.7136
135 146 7770.0078
125 147 2265.0057
148 147 7204.611
151 147 1046.5725
147 148 7204.611
149 148 10283.8338
155 148 534.188
126 149 1422.4751
148 149 10283.8338
150 149 2950.7229
149 150 2950.7229
132 151 4518.7528
147 151 1046.5725
154 151 1366.1202
132 152 10691.7567
153 152 27824.1514
157 152 1826.1505
152 153 27824.1514
154 153 6591.9578
155 153 1773.0496
151 154 1366.1202
153 154 6591.9578
155 154 2945.5081
148 155 534.188
153 155 1773.0496
154 155 2945.5081
156 155 4098.3607
155 156 4098.3607
152 157 1826.1505
80 158 1295.8404
136 158 4081.6327
159 158 240.9639
158 159 240.9639
80 160 251.2563
161 160 13273.1617
166 160 736.9197
160 161 13273.1617
162 161 3898.6355
165 161 224.7696
161 162 3898.6355
163 162 1435.5441
164 162 168.492
167 162 308.928
168 162 814.3322
169 162 451.4673
162 163 1435.5441
136 164 425.8944
137 164 484.2615
162 164 168.492
161 165 224.7696
160 166 736.9197
162 167 308.928
162 168 814.3322
162 169 451.4673
76 170 37.7216
171 170 472.3666
172 170 941.6196
170 171 472.3666
170 172 941.6196
73 173 2054.2317
73 174 2901.0734
175 174 10116.3379
185 174 92.8505
174 175 10116.3379
176 175 7518.797
186 175 268.5285
175 176 7518.797
177 176 17488.6324
184 176 2031.6944
176 177 17488.6324
178 177 346.1405
179 177 20699.6481
177 178 346.1405
177 179 20699.6481
180 179 11096.316
182 179 2091.1752
179 180 11096.316
181 180 5265.9294
183 180 7849.2936
180 181 5265.9294
179 182 2091.1752
180 183 7849.2936
176 184 2031.6944
68 185 198.334
174 185 92.8505
187 185 477.0992
175 186 268.5285
185 187 477.0992
68 188 450.2476
189 188 871.0801
193 188 332.4468
188 189 871.0801
67 190 1945.5253
191 190 8340.2836
196 190 995.0249
190 191 8340.2836
192 191 7173.6011
195 191 2209.9448
191 192 7173.6011
193 192 623.8303
197 192 13260.8407
209 192 224.4669
188 193 332.4468
192 193 623.8303
194 193 515.7298
193 194 515.7298
191 195 2209.9448
190 196 995.0249
192 197 13260.8407
198 197 25555.8395
208 197 927.6438
197 198 25555.8395
199 198 17562.3463
204 198 188.9645
207 198 1201.4898
198 199 17562.3463
200 199 3418.8034
203 199 800.6405
205 199 407.6641
206 199 635.7279
199 200 3418.8034
201 200 3369.2722
202 200 2770.0831
200 201 3369.2722
200 202 2770.0831
199 203 800.6405
198 204 188.9645
199 205 407.6641
199 206 635.7279
198 207 1201.4898
197 208 927.6438
192 209 224.4669
66 210 197.3165
211 210 971.8173
212 210 243.7835
210 211 971.8173
210 212 243.7835
61 213 79.1766
53 214 79.3651
215 214 45.9348
216 214 304.971
217 214 884.9558
214 215 45.9348
214 216 304.971
214 217 884.9558
218 217 2794.0766
219 217 3261.5786
220 217 1422.0705
217 218 2794.0766
217 219 3261.5786
217 220 1422.0705
54 221 145.4969
222 221 5094.2435
225 221 38.0084
221 222 5094.2435
223 222 6993.007
226 222 42.123
222 223 6993.007
224 223 355.366
227 223 4290.0043
228 223 2165.9086
223 224 355.366
221 225 38.0084
222 226 42.123
223 227 4290.0043
228 227 14249.0738
232 227 956.0229
223 228 2165.9086
227 228 14249.0738
229 228 4873.2943
228 229 4873.2943
230 229 2906.9767
231 229 6944.4444
229 230 2906.9767
229 231 6944.4444
227 232 956.0229
47 233 40.4694
9 234 20.2552
235 234 312.5977
236 234 183.1837
234 235 312.5977
234 236 183.1837
45 237 22.4618
45 238 442.6737
239 238 503.7783
240 238 1668.8919
238 239 503.7783
238 240 1668.8919
241 240 1263.2643
242 240 3075.9766
240 241 1263.2643
240 242 3075.9766
243 242 4904.3649
244 242 1917.9133
242 243 4904.3649
242 244 1917.9133
35 245 97.8474
246 245 125.2819
247 245 1566.6614
245 246 125.2819
245 247 1566.6614
248 247 712.2507
249 247 2127.207
250 247 938.0863
247 248 712.2507
247 249 2127.207
247 250 938.0863
39 251 3901.6777
252 251 13674.2787
257 251 59.7729
251 252 13674.2787
253 252 3201.0243
256 252 73.7463
260 252 16149.8708
252 253 3201.0243
254 253 2361.2751
255 253 1252.8188
253 254 2361.2751
253 255 1252.8188
252 256 73.7463
251 257 59.7729
39 258 713.2668
39 259 4662.0047
260 259 1178.1338
261 259 2351.2814
252 260 16149.8708
259 260 1178.1338
261 260 2374.7328
264 260 1870.5574
267 260 476.6444
268 260 391.0833
41 261 519.2108
259 261 2351.2814
260 261 2374.7328
262 261 121.5067
263 261 229.6211
261 262 121.5067
261 263 229.6211
260 264 1870.5574
265 264 3012.9557
266 264 7507.5075
264 265 3012.9557
264 266 7507.5075
260 267 476.6444
260 268 391.0833
35 269 65.7462
34 270 57.4053
271 270 1250.1563
272 270 95.6023
270 271 1250.1563
270 272 95.6023
29 273 4020.9087
274 273 1643.3854
281 273 112.7015
273 274 1643.3854
275 274 3077.8701
283 274 216.544
274 275 3077.8701
276 275 1338.8673
282 275 173.581
275 276 1338.8673
277 276 4022.5261
280 276 2774.6948
276 277 4022.5261
278 277 3982.4771
279 277 239.12
277 278 3982.4771
277 279 239.12
276 280 2774.6948
273 281 112.7015
275 282 173.581
29 283 242.7184
274 283 216.544
284 283 934.5794
283 284 934.5794
29 285 84.3882
28 286 64.9351
26 287 974.6589
288 287 1066.8943
302 287 164.2845
287 288 1066.8943
26 289 187.8993
26 290 89.4454
13 291 699.7901
18 291 109.866
292 291 3840.2458
25 292 610.1281
291 292 3840.2458
293 292 3072.1966
294 292 3106.5548
292 293 3072.1966
294 293 5595.9709
298 293 3829.9502
300 293 3944.7732
292 294 3106.5548
293 294 5595.9709
295 294 6863.418
296 294 3381.8059
294 295 6863.418
294 296 3381.8059
13 297 631.7119
298 297 2774.6948
301 297 109.8901
293 298 3829.9502
297 298 2774.6948
299 298 216.263
298 299 216.263
293 300 3944.7732
297 301 109.8901
287 302 164.2845
