2 1 5050.5051
3 1 6101.2813
4 1 6680.0267
5 1 3871.4673
6 1 4500.45
7 1 4889.9756
8 1 4892.3679
9 1 3009.3289
10 1 4046.9446
11 1 3878.976
12 1 3428.1796
13 1 6146.2815
14 1 5089.0585
21 1 3014.7724
22 1 1544.4015
48 1 2594.7068
78 1 2942.9076
85 1 3489.1835
1 2 5050.5051
17 2 4301.0753
118 2 2219.7558
1 3 6101.2813
118 3 2413.7099
121 3 16630.6336
1 4 6680.0267
88 4 12318.305
97 4 14138.2723
121 4 24863.2521
1 5 3871.4673
79 5 515.9959
80 5 453.7205
1 6 4500.45
71 6 8090.6149
72 6 15835.3127
1 7 4889.9756
72 7 18218.2547
75 7 7751.938
1 8 4892.3679
61 8 6877.5791
75 8 4290.0043
1 9 3009.3289
51 9 7892.6598
52 9 5546.3117
55 9 409.6682
1 10 4046.9446
49 10 6191.9505
51 10 8718.3958
1 11 3878.976
29 11 2877.6978
33 11 10686.044
41 11 4171.8815
1 12 3428.1796
28 12 325.4149
29 12 4295.5326
1 13 6146.2815
15 13 2660.9899
21 13 5235.6021
1 14 5089.0585
15 14 2382.0867
17 14 8680.5556
13 15 2660.9899
14 15 2382.0867
16 15 207.0822
26 15 1456.4521
15 16 207.0822
2 17 4301.0753
14 17 8680.5556
18 17 287.7698
120 17 512.2951
17 18 287.7698
19 18 5824.1118
20 18 9708.7379
358 18 610.5006
18 19 5824.1118
190 19 3679.1759
287 19 239.1772
18 20 9708.7379
116 20 565.2911
188 20 611.2469
1 21 3014.7724
13 21 5235.6021
22 21 1125.3657
1 22 1544.4015
21 22 1125.3657
23 22 6123.6987
26 22 1428.3674
22 23 6123.6987
24 23 635.7279
222 23 66.2691
23 24 635.7279
25 24 3920.0314
28 24 4863.8132
24 25 3920.0314
28 25 4655.4935
123 25 465.5493
225 25 508.647
15 26 1456.4521
22 26 1428.3674
27 26 77.9423
26 27 77.9423
12 28 325.4149
24 28 4863.8132
25 28 4655.4935
11 29 2877.6978
12 29 4295.5326
30 29 131.4233
40 29 1674.7613
29 30 131.4233
31 30 487.0921
40 30 1221.2995
30 31 487.0921
32 31 1416.0295
34 31 304.6923
39 31 155.4002
31 32 1416.0295
125 32 3648.3035
126 32 1815.8707
11 33 10686.044
34 33 8598.4523
40 33 5319.1489
31 34 304.6923
33 34 8598.4523
35 34 373.413
42 34 7462.6866
34 35 373.413
36 35 731.5289
44 35 281.6901
35 36 731.5289
127 37 423.1909
128 37 1739.4329
237 37 52.3013
127 38 419.1115
31 39 155.4002
29 40 1674.7613
30 40 1221.2995
33 40 5319.1489
11 41 4171.8815
42 41 4868.5492
48 41 6238.3032
34 42 7462.6866
41 42 4868.5492
48 42 1472.1036
44 43 253.357
35 44 281.6901
43 44 253.357
46 44 1128.923
46 45 818.3306
50 45 287.5216
131 45 102.9442
44 46 1128.923
45 46 818.3306
47 46 3713.3309
46 47 3713.3309
1 48 2594.7068
41 48 6238.3032
42 48 1472.1036
49 48 7776.0498
10 49 6191.9505
48 49 7776.0498
50 49 1980.198
45 50 287.5216
49 50 1980.198
51 50 2602.1337
9 51 7892.6598
10 51 8718.3958
50 51 2602.1337
52 51 2178.6492
130 51 61.7284
9 52 5546.3117
51 52 2178.6492
53 52 87.4891
366 52 163.8807
52 53 87.4891
129 54 124.8128
9 55 409.6682
56 55 1515.3811
59 55 269.2515
77 55 7062.1469
78 55 6261.7408
55 56 1515.3811
365 57 648.9293
132 58 167.1123
133 58 159.7955
134 58 127.91
55 59 269.2515
138 60 1815.2115
139 60 697.3501
140 60 533.049
141 60 3238.342
8 61 6877.5791
62 61 2369.1068
77 61 16064.257
61 62 2369.1068
63 62 2125.3985
75 62 2189.1419
62 63 2125.3985
64 63 525.4861
156 63 98.1354
63 64 525.4861
65 64 347.5843
66 64 2808.9888
64 65 347.5843
142 65 169.7217
143 65 5271.4813
64 66 2808.9888
67 66 3557.4529
69 66 11524.7205
364 66 3518.6488
66 67 3557.4529
68 67 13121.6376
143 67 199.8801
144 67 236.4625
67 68 13121.6376
69 68 10045.2034
144 68 687.2852
149 68 2172.9683
154 68 3454.2314
213 68 255.102
217 68 654.0222
339 68 161.6554
66 69 11524.7205
68 69 10045.2034
70 69 3250.9753
69 70 3250.9753
73 70 281.2148
76 70 256.9373
6 71 8090.6149
72 71 16155.0889
79 71 492.8536
6 72 15835.3127
7 72 18218.2547
71 72 16155.0889
73 72 6211.1801
70 73 281.2148
72 73 6211.1801
74 73 252.7167
73 74 252.7167
7 75 7751.938
8 75 4290.0043
62 75 2189.1419
70 76 256.9373
55 77 7062.1469
61 77 16064.257
78 77 15353.9076
1 78 2942.9076
55 78 6261.7408
77 78 15353.9076
5 79 515.9959
71 79 492.8536
80 79 3211.3038
5 80 453.7205
79 80 3211.3038
81 80 3576.5379
80 81 3576.5379
82 81 2641.3101
84 81 473.9336
81 82 2641.3101
83 82 2447.9804
157 82 306.6544
82 83 2447.9804
158 83 537.9236
164 83 142.8776
81 84 473.9336
146 84 177.0538
147 84 459.3477
1 85 3489.1835
86 85 1515.3811
88 85 10869.5652
85 86 1515.3811
89 87 1239.4646
161 87 616.5228
362 87 208.9427
4 88 12318.305
85 88 10869.5652
89 88 932.8358
98 88 8077.5444
87 89 1239.4646
88 89 932.8358
90 89 7230.658
163 89 245.8815
89 90 7230.658
91 90 3810.9756
95 90 746.2687
90 91 3810.9756
92 91 7204.611
94 91 661.3757
91 92 7204.611
93 92 10962.5082
168 92 415.6276
92 93 10962.5082
169 93 4926.1084
174 93 2797.9855
91 94 661.3757
90 95 746.2687
96 95 904.1591
208 95 57.6369
95 96 904.1591
166 96 144.2377
322 96 233.7541
4 97 14138.2723
98 97 14072.6147
100 97 511.7707
106 97 11782.7265
88 98 8077.5444
97 98 14072.6147
99 98 2192.021
98 99 2192.021
97 100 511.7707
101 100 7142.8571
105 100 244.1406
100 101 7142.8571
102 101 7880.2206
308 101 61.5006
101 102 7880.2206
103 102 2815.3153
181 102 856.1644
102 103 2815.3153
104 103 10639.4297
177 103 4486.3167
103 104 10639.4297
175 104 259.6728
176 104 963.3911
100 105 244.1406
97 106 11782.7265
107 106 2566.7351
121 106 7002.8011
106 107 2566.7351
108 107 5017.5615
118 107 386.6976
107 108 5017.5615
109 108 5417.1181
119 108 430.2926
108 109 5417.1181
110 109 1731.0023
114 109 1350.9862
109 110 1731.0023
111 110 6849.3151
114 110 3294.8929
203 110 133.0318
110 111 6849.3151
112 111 7315.289
115 111 1408.2524
111 112 7315.289
113 112 1618.123
117 112 3512.4693
183 112 193.6483
112 113 1618.123
184 113 1440.0922
185 113 8090.6149
198 113 75.643
359 113 266.5956
109 114 1350.9862
110 114 3294.8929
115 114 2206.0446
111 115 1408.2524
114 115 2206.0446
360 115 3457.8147
20 116 565.2911
188 116 647.2492
189 116 69.1085
361 116 6064.2814
112 117 3512.4693
2 118 2219.7558
3 118 2413.7099
107 118 386.6976
108 119 430.2926
17 120 512.2951
3 121 16630.6336
4 121 24863.2521
106 121 7002.8011
367 122 583.7712
25 123 465.5493
124 123 4585.0527
223 123 187.5469
123 124 4585.0527
223 124 380.6624
246 124 26.4831
32 125 3648.3035
226 125 183.1837
238 125 154.3686
32 126 1815.8707
37 127 423.1909
38 127 419.1115
226 127 236.5184
37 128 1739.4329
228 128 111.21
235 128 46.9263
54 129 124.8128
51 130 61.7284
45 131 102.9442
58 132 167.1123
58 133 159.7955
58 134 127.91
135 134 400.4806
136 134 705.2186
134 135 400.4806
134 136 705.2186
220 137 56.338
60 138 1815.2115
140 138 296.1208
218 138 293.9447
60 139 697.3501
60 140 533.049
138 140 296.1208
357 140 73.2064
60 141 3238.342
65 142 169.7217
219 142 192.9757
351 142 526.5929
353 142 104.4932
65 143 5271.4813
67 143 199.8801
144 143 1819.1741
67 144 236.4625
68 144 687.2852
143 144 1819.1741
151 144 339.098
151 145 657.4622
349 145 48.3793
353 145 20.4123
84 146 177.0538
84 147 459.3477
148 147 726.2164
217 147 283.3664
147 148 726.2164
68 149 2172.9683
150 149 1321.004
152 149 790.5138
214 149 671.5917
149 150 1321.004
215 150 2709.2929
349 150 89.1266
144 151 339.098
145 151 657.4622
152 151 368.1885
153 151 561.1672
154 151 3463.8033
149 152 790.5138
151 152 368.1885
153 152 1129.178
151 153 561.1672
152 153 1129.178
214 153 3831.4176
68 154 3454.2314
151 154 3463.8033
155 154 501.7561
154 155 501.7561
63 156 98.1354
82 157 306.6544
83 158 537.9236
159 158 542.5936
160 158 185.0481
211 158 313.7747
158 159 542.5936
212 159 3557.4529
332 159 77.5795
158 160 185.0481
87 161 616.5228
162 161 316.5559
363 161 169.8947
161 162 316.5559
89 163 245.8815
164 163 1075.6158
165 163 1088.4946
209 163 281.9284
83 164 142.8776
163 164 1075.6158
209 164 177.5253
326 164 591.3661
163 165 1088.4946
96 166 144.2377
207 167 254.5177
92 168 415.6276
174 168 402.2526
206 168 479.3864
93 169 4926.1084
170 169 3173.5957
174 169 5827.5058
169 170 3173.5957
171 170 862.069
172 170 1918.2812
173 170 565.931
170 171 862.069
315 171 205.3388
316 171 100.2205
170 172 1918.2812
170 173 565.931
205 173 717.8751
312 173 97.2763
93 174 2797.9855
168 174 402.2526
169 174 5827.5058
206 174 400.4806
104 175 259.6728
104 176 963.3911
103 177 4486.3167
178 177 12919.8966
179 177 3683.2413
181 177 15723.2704
202 177 39.4477
177 178 12919.8966
179 178 3439.9725
204 178 353.9823
177 179 3683.2413
178 179 3439.9725
180 179 2084.6362
179 180 2084.6362
102 181 856.1644
177 181 15723.2704
182 181 2468.5263
181 182 2468.5263
112 183 193.6483
113 184 1440.0922
113 185 8090.6149
186 185 4253.5091
202 185 256.6076
185 186 4253.5091
187 186 1337.9716
296 186 134.6801
186 187 1337.9716
199 187 1624.4314
201 187 933.7068
20 188 611.2469
116 188 647.2492
189 188 600.2401
116 189 69.1085
188 189 600.2401
277 189 199.2032
19 190 3679.1759
191 190 1874.4142
192 190 5546.3117
190 191 1874.4142
193 191 1153.8018
194 191 297.3536
190 192 5546.3117
193 192 1840.6037
252 192 86.2813
191 193 1153.8018
192 193 1840.6037
195 193 3937.0079
191 194 297.3536
195 194 118.1893
197 194 136.8363
193 195 3937.0079
194 195 118.1893
196 195 530.504
195 196 530.504
197 196 681.1989
252 196 1055.0749
194 197 136.8363
196 197 681.1989
251 197 373.2736
113 198 75.643
187 199 1624.4314
200 199 1332.445
288 199 178.4121
199 200 1332.445
288 200 833.3333
289 200 5803.8305
187 201 933.7068
267 201 5558.6437
269 201 738.0074
177 202 39.4477
185 202 256.6076
299 202 147.0156
110 203 133.0318
178 204 353.9823
300 204 1739.4329
304 204 620.3474
173 205 717.8751
308 205 2457.6063
311 205 2292.5264
168 206 479.3864
174 206 400.4806
317 206 653.5948
318 206 485.4369
319 206 725.6894
167 207 254.5177
318 207 138.5425
321 207 380.2281
95 208 57.6369
163 209 281.9284
164 209 177.5253
323 209 324.5699
211 210 1348.7996
212 210 1208.4592
330 210 127.1456
158 211 313.7747
210 211 1348.7996
212 211 3112.3561
326 211 67.981
159 212 3557.4529
210 212 1208.4592
211 212 3112.3561
331 212 79.4281
68 213 255.102
217 213 1575.7958
333 213 573.7235
334 213 225.3267
149 214 671.5917
153 214 3831.4176
349 214 368.1885
150 215 2709.2929
216 215 2370.7918
345 215 2090.301
215 216 2370.7918
345 216 48.8998
347 216 256.3445
68 217 654.0222
147 217 283.3664
213 217 1575.7958
138 218 293.9447
219 218 1392.5637
355 218 704.2254
142 219 192.9757
218 219 1392.5637
351 219 96.0615
355 219 1551.5904
137 220 56.338
227 221 29.0613
23 222 66.2691
123 223 187.5469
124 223 380.6624
224 223 573.3945
223 224 573.3945
247 224 1139.9909
250 224 63.3714
25 225 508.647
125 226 183.1837
127 226 236.5184
236 226 71.1238
221 227 29.0613
128 228 111.21
229 228 191.0585
230 228 1915.7088
228 229 191.0585
228 230 1915.7088
231 230 593.1198
233 230 1361.0998
230 231 593.1198
232 231 191.4242
234 231 1065.8708
231 232 191.4242
230 233 1361.0998
231 234 1065.8708
128 235 46.9263
226 236 71.1238
37 237 52.3013
125 238 154.3686
239 238 440.7228
240 238 604.5949
238 239 440.7228
244 239 234.0276
245 239 115.942
238 240 604.5949
241 240 113.688
242 240 183.6885
243 240 81.7661
240 241 113.688
240 242 183.6885
240 243 81.7661
239 244 234.0276
239 245 115.942
124 246 26.4831
224 247 1139.9909
248 247 282.4859
249 247 613.4969
247 248 282.4859
247 249 613.4969
224 250 63.3714
197 251 373.2736
252 251 723.589
256 251 497.0179
274 251 643.5006
192 252 86.2813
196 252 1055.0749
251 252 723.589
253 252 771.6049
254 252 248.5707
252 253 771.6049
252 254 248.5707
255 254 637.7551
256 254 482.6255
254 255 637.7551
256 255 6963.7883
284 255 9407.3377
251 256 497.0179
254 256 482.6255
255 256 6963.7883
257 256 3405.9946
258 256 1966.9552
285 256 960.6148
256 257 3405.9946
258 257 6497.7258
263 257 376.0812
274 257 4580.852
256 258 1966.9552
257 258 6497.7258
259 258 1175.0881
258 259 1175.0881
260 259 772.7975
285 259 1346.8013
259 260 772.7975
261 260 1183.1519
282 260 349.0401
260 261 1183.1519
262 261 1230.4663
280 261 195.427
281 261 192.0492
261 262 1230.4663
263 262 2149.1511
289 262 8771.9298
257 263 376.0812
262 263 2149.1511
264 263 17340.0381
265 263 346.3803
263 264 17340.0381
265 264 275.1032
276 264 8361.204
263 265 346.3803
264 265 275.1032
266 265 8613.2644
265 266 8613.2644
267 266 3196.9309
273 266 8779.6313
294 266 2088.1186
201 267 5558.6437
266 267 3196.9309
268 267 3151.5916
267 268 3151.5916
269 268 6613.7566
273 268 3419.9726
201 269 738.0074
268 269 6613.7566
270 269 4319.6544
269 270 4319.6544
271 270 3367.0034
290 270 512.0328
270 271 3367.0034
272 271 2686.7276
291 271 2652.5199
271 272 2686.7276
273 272 5773.6721
295 272 662.6905
266 273 8779.6313
268 273 3419.9726
272 273 5773.6721
251 274 643.5006
257 274 4580.852
275 274 8532.4232
274 275 8532.4232
264 276 8361.204
189 277 199.2032
278 277 1876.8769
279 277 2196.8366
288 277 1195.8862
277 278 1876.8769
279 278 3526.0931
288 278 1666.9445
277 279 2196.8366
278 279 3526.0931
280 279 6854.0096
261 280 195.427
279 280 6854.0096
281 280 726.7442
287 280 375.7986
289 280 276.2431
261 281 192.0492
280 281 726.7442
282 281 1433.0754
286 281 589.6226
260 282 349.0401
281 282 1433.0754
283 282 1534.4484
282 283 1534.4484
284 283 12064.1814
286 283 4629.6296
255 284 9407.3377
283 284 12064.1814
285 284 900.9009
256 285 960.6148
259 285 1346.8013
284 285 900.9009
281 286 589.6226
283 286 4629.6296
287 286 6108.7355
19 287 239.1772
280 287 375.7986
286 287 6108.7355
199 288 178.4121
200 288 833.3333
277 288 1195.8862
278 288 1666.9445
200 289 5803.8305
262 289 8771.9298
280 289 276.2431
270 290 512.0328
271 291 2652.5199
292 291 1855.2876
293 291 1745.2007
291 292 1855.2876
293 292 3225.8065
294 292 1675.3225
291 293 1745.2007
292 293 3225.8065
294 293 4987.5312
266 294 2088.1186
292 294 1675.3225
293 294 4987.5312
272 295 662.6905
186 296 134.6801
297 296 408.4967
298 296 533.9028
296 297 408.4967
296 298 533.9028
202 299 147.0156
204 300 1739.4329
301 300 1660.3022
304 300 359.5829
300 301 1660.3022
303 302 197.9022
302 303 197.9022
204 304 620.3474
300 304 359.5829
305 304 1379.6909
306 304 1711.7426
307 304 8802.8169
304 305 1379.6909
304 306 1711.7426
304 307 8802.8169
308 307 1021.9724
309 307 366.4346
101 308 61.5006
205 308 2457.6063
307 308 1021.9724
310 308 143.8642
307 309 366.4346
308 310 143.8642
205 311 2292.5264
173 312 97.2763
313 312 107.0435
314 312 257.0694
312 313 107.0435
312 314 257.0694
171 315 205.3388
171 316 100.2205
206 317 653.5948
206 318 485.4369
207 318 138.5425
320 318 639.3862
206 319 725.6894
318 320 639.3862
207 321 380.2281
96 322 233.7541
209 323 324.5699
324 323 1078.2834
325 323 1519.5259
323 324 1078.2834
323 325 1519.5259
164 326 591.3661
211 326 67.981
327 326 1427.1443
326 327 1427.1443
329 328 422.833
328 329 422.833
210 330 127.1456
212 331 79.4281
159 332 77.5795
333 332 5373.4551
335 332 1013.7875
213 333 573.7235
332 333 5373.4551
334 333 72.7273
213 334 225.3267
333 334 72.7273
338 334 1141.5525
332 335 1013.7875
337 336 1421.8683
336 337 1421.8683
334 338 1141.5525
68 339 161.6554
340 339 1016.9836
341 339 340.1361
339 340 1016.9836
341 340 2312.6735
343 340 852.5149
344 340 673.4007
345 340 257.5328
339 341 340.1361
340 341 2312.6735
342 341 90.009
341 342 90.009
340 343 852.5149
340 344 673.4007
215 345 2090.301
216 345 48.8998
340 345 257.5328
346 345 792.393
345 346 792.393
216 347 256.3445
348 347 1105.5832
349 347 316.4557
347 348 1105.5832
145 349 48.3793
150 349 89.1266
214 349 368.1885
347 349 316.4557
350 349 97.2763
349 350 97.2763
142 351 526.5929
219 351 96.0615
352 351 251.1301
351 352 251.1301
142 353 104.4932
145 353 20.4123
354 353 126.7748
353 354 126.7748
218 355 704.2254
219 355 1551.5904
356 355 174.703
355 356 174.703
140 357 73.2064
18 358 610.5006
113 359 266.5956
115 360 3457.8147
116 361 6064.2814
87 362 208.9427
161 363 169.8947
66 364 3518.6488
57 365 648.9293
52 366 163.8807
122 367 583.7712
