2 1 3453.0387
3 1 3684.5984
4 1 4578.7546
5 1 5787.037
6 1 3645.6435
7 1 6455.7779
8 1 5793.7428
9 1 5405.4054
10 1 5882.3529
11 1 5170.6308
12 1 5561.7353
13 1 3838.7716
14 1 4043.6717
15 1 4091.653
16 1 4382.1209
17 1 4076.6408
53 1 1195.7432
58 1 1924.9278
84 1 2342.469
97 1 2325.0407
110 1 2189.6212
122 1 4151.1
1 2 3453.0387
136 2 6218.9055
141 2 3009.3289
142 2 5125.5766
1 3 3684.5984
125 3 30892.802
134 3 3937.0079
135 3 36859.5651
1 4 4578.7546
123 4 11412.9194
124 4 8271.2986
125 4 31615.5549
1 5 5787.037
120 5 9115.7703
121 5 5431.8305
122 5 31318.5092
1 6 3645.6435
97 6 2299.908
98 6 4135.6493
104 6 7137.7587
109 6 17876.296
1 7 6455.7779
96 7 4516.7118
155 7 4826.2548
1 8 5793.7428
88 8 5506.6079
89 8 1463.2719
91 8 1182.872
96 8 2386.6348
1 9 5405.4054
78 9 528.5412
85 9 4405.2863
88 9 3657.6445
1 10 5882.3529
76 10 7874.0157
78 10 956.0229
1 11 5170.6308
75 11 4158.0042
76 11 3172.5888
1 12 5561.7353
57 12 797.4482
71 12 611.6208
1 13 3838.7716
54 13 3241.4911
55 13 3903.2006
58 13 1387.1549
1 14 4043.6717
50 14 40.5515
54 14 3150.5986
1 15 4091.653
50 15 1026.3779
53 15 1494.7683
1 16 4382.1209
17 16 3376.0972
23 16 2853.067
53 16 2226.1799
1 17 4076.6408
16 17 3376.0972
18 17 389.8635
148 17 1258.6532
17 18 389.8635
19 18 255.8199
23 18 1548.2273
18 19 255.8199
20 19 488.2812
21 19 1519.9878
22 19 935.4537
19 20 488.2812
19 21 1519.9878
19 22 935.4537
16 23 2853.067
18 23 1548.2273
24 23 1221.8964
23 24 1221.8964
25 24 683.527
53 24 1260.0806
24 25 683.527
26 25 1215.6577
32 25 1677.8523
34 25 221.4839
36 25 110.2779
25 26 1215.6577
27 26 1071.5817
31 26 215.4244
26 27 1071.5817
28 27 304.5995
29 27 4631.774
30 27 2652.5199
33 27 202.2654
27 28 304.5995
27 29 4631.774
27 30 2652.5199
26 31 215.4244
25 32 1677.8523
33 32 533.049
52 32 344.9465
27 33 202.2654
32 33 533.049
35 33 398.8831
25 34 221.4839
33 35 398.8831
37 35 174.5201
52 35 401.6064
25 36 110.2779
37 36 3852.0801
48 36 128.7664
50 36 68.306
52 36 1900.057
53 36 738.0074
35 37 174.5201
36 37 3852.0801
38 37 490.4365
51 37 258.2645
37 38 490.4365
39 38 6944.4444
41 38 362.9764
43 38 7710.1002
158 38 11775.789
38 39 6944.4444
40 39 1928.2684
42 39 1073.8832
39 40 1928.2684
38 41 362.9764
39 42 1073.8832
38 43 7710.1002
44 43 15183.723
46 43 23068.0507
43 44 15183.723
45 44 7616.1462
47 44 23180.3431
44 45 7616.1462
43 46 23068.0507
44 47 23180.3431
36 48 128.7664
49 48 248.3238
54 48 177.8094
48 49 248.3238
14 50 40.5515
15 50 1026.3779
36 50 68.306
37 51 258.2645
32 52 344.9465
35 52 401.6064
36 52 1900.057
1 53 1195.7432
15 53 1494.7683
16 53 2226.1799
24 53 1260.0806
36 53 738.0074
13 54 3241.4911
14 54 3150.5986
48 54 177.8094
157 54 1567.8896
13 55 3903.2006
56 55 2069.1082
57 55 938.0863
157 55 5871.9906
55 56 2069.1082
12 57 797.4482
55 57 938.0863
70 57 625.7822
1 58 1924.9278
13 58 1387.1549
59 58 4965.2433
58 59 4965.2433
61 60 9514.7479
65 60 250.0625
157 60 888.8889
159 60 3824.0918
60 61 9514.7479
62 61 3810.9756
66 61 396.668
67 61 2418.3797
61 62 3810.9756
63 62 16466.3264
68 62 1237.3175
62 63 16466.3264
64 63 3523.6082
69 63 5107.2523
63 64 3523.6082
60 65 250.0625
61 66 396.668
61 67 2418.3797
62 68 1237.3175
63 69 5107.2523
57 70 625.7822
12 71 611.6208
72 71 100.9082
73 71 1179.941
71 72 100.9082
71 73 1179.941
74 73 70.0771
76 73 148.1481
73 74 70.0771
11 75 4158.0042
10 76 7874.0157
11 76 3172.5888
73 76 148.1481
77 76 317.965
76 77 317.965
9 78 528.5412
10 78 956.0229
79 78 2730.7482
78 79 2730.7482
80 79 477.327
82 79 241.1963
79 80 477.327
81 80 963.3911
83 80 226.6032
80 81 963.3911
79 82 241.1963
80 83 226.6032
1 84 2342.469
9 85 4405.2863
86 85 479.1567
87 85 403.7142
85 86 479.1567
85 87 403.7142
88 87 1190.6179
89 87 4359.1979
8 88 5506.6079
9 88 3657.6445
87 88 1190.6179
8 89 1463.2719
87 89 4359.1979
90 89 77.5194
89 90 77.5194
8 91 1182.872
92 91 406.0089
154 91 69.7837
91 92 406.0089
93 92 88.1057
94 92 189.179
95 92 227.2211
96 92 754.717
156 92 2602.811
92 93 88.1057
92 94 189.179
92 95 227.2211
7 96 4516.7118
8 96 2386.6348
92 96 754.717
1 97 2325.0407
6 97 2299.908
155 97 3871.4673
156 97 3169.5721
6 98 4135.6493
99 98 946.0738
100 98 4782.4008
98 99 946.0738
98 100 4782.4008
101 100 215.5637
104 100 4251.7007
100 101 215.5637
102 101 5770.3405
103 101 1361.0998
104 101 349.162
101 102 5770.3405
101 103 1361.0998
6 104 7137.7587
100 104 4251.7007
101 104 349.162
105 104 1684.92
104 105 1684.92
106 105 240.9639
107 105 556.483
105 106 240.9639
105 107 556.483
108 107 475.9638
109 107 281.3731
107 108 475.9638
111 108 1899.696
112 108 5948.84
113 108 9803.9216
117 108 696.8641
6 109 17876.296
107 109 281.3731
110 109 11572.7346
1 110 2189.6212
109 110 11572.7346
116 110 8190.0082
108 111 1899.696
108 112 5948.84
108 113 9803.9216
114 113 2595.3802
115 113 2797.9855
113 114 2595.3802
113 115 2797.9855
110 116 8190.0082
117 116 428.449
160 116 5973.7157
108 117 696.8641
116 117 428.449
118 117 935.4537
117 118 935.4537
119 118 8628.1277
121 118 2017.7563
124 118 21872.266
126 118 1079.2143
118 119 8628.1277
5 120 9115.7703
121 120 12640.627
160 120 8230.4527
5 121 5431.8305
118 121 2017.7563
120 121 12640.627
160 121 256.6076
1 122 4151.1
5 122 31318.5092
123 122 25094.1029
4 123 11412.9194
122 123 25094.1029
124 123 17583.9634
4 124 8271.2986
118 124 21872.266
123 124 17583.9634
3 125 30892.802
4 125 31615.5549
132 125 404.0404
134 125 4280.8219
118 126 1079.2143
127 126 952.381
131 126 952.381
126 127 952.381
128 127 1040.5827
130 127 1102.9006
127 128 1040.5827
129 128 7564.2965
130 128 1951.9813
128 129 7564.2965
127 130 1102.9006
128 130 1951.9813
132 130 305.8104
126 131 952.381
125 132 404.0404
130 132 305.8104
133 132 174.0644
134 132 1382.9346
132 133 174.0644
3 134 3937.0079
125 134 4280.8219
132 134 1382.9346
3 135 36859.5651
136 135 13039.5097
137 135 10063.3994
2 136 6218.9055
135 136 13039.5097
141 136 8873.1145
135 137 10063.3994
138 137 1044.7137
149 137 153.4684
137 138 1044.7137
139 138 222.618
140 138 174.7335
138 139 222.618
138 140 174.7335
2 141 3009.3289
136 141 8873.1145
142 141 1142.596
153 141 880.2817
2 142 5125.5766
141 142 1142.596
143 142 836.1204
148 142 15332.72
142 143 836.1204
144 143 678.8866
145 143 302.9385
143 144 678.8866
145 144 384.6154
149 144 304.971
143 145 302.9385
144 145 384.6154
146 145 868.8097
145 146 868.8097
147 146 351.2469
148 146 158.3782
161 146 781.25
146 147 351.2469
17 148 1258.6532
142 148 15332.72
146 148 158.3782
137 149 153.4684
144 149 304.971
150 149 1213.445
149 150 1213.445
151 150 774.5933
152 150 426.9855
150 151 774.5933
150 152 426.9855
141 153 880.2817
91 154 69.7837
7 155 4826.2548
97 155 3871.4673
156 155 777.605
92 156 2602.811
97 156 3169.5721
155 156 777.605
54 157 1567.8896
55 157 5871.9906
60 157 888.8889
38 158 11775.789
60 159 3824.0918
116 160 5973.7157
120 160 8230.4527
121 160 256.6076
146 161 781.25
