2 1 4670.7146
3 1 5743.8254
4 1 6172.8395
5 1 4233.7003
6 1 3716.0907
7 1 3924.6468
8 1 4952.947
9 1 4672.8972
10 1 3179.6502
11 1 3980.8917
12 1 3720.2381
13 1 3263.7076
14 1 6142.5061
15 1 4868.5492
25 1 1792.4359
26 1 751.8797
62 1 2116.8501
108 1 2881.8444
1 2 4670.7146
181 2 2069.5364
182 2 2995.8059
1 3 5743.8254
171 3 2497.5025
178 3 15436.8632
1 4 6172.8395
130 4 13709.8985
144 4 12310.7226
178 4 23380.8744
1 5 4233.7003
122 5 16244.3145
124 5 11684.9731
1 6 3716.0907
117 6 9478.673
118 6 8944.5438
1 7 3924.6468
101 7 11092.6234
102 7 16722.408
1 8 4952.947
102 8 16488.0462
104 8 8488.9643
1 9 4672.8972
89 9 16894.7457
104 9 13058.2397
1 10 3179.6502
65 10 8045.0523
68 10 5324.8136
77 10 4042.0372
1 11 3980.8917
63 11 5045.4087
65 11 7246.3768
1 12 3720.2381
39 12 1916.8104
45 12 8547.0085
52 12 3159.5577
1 13 3263.7076
35 13 4770.9924
39 13 3376.0972
1 14 6142.5061
16 14 869.5652
25 14 1849.4544
1 15 4868.5492
16 15 940.7338
18 15 4746.0845
14 16 869.5652
15 16 940.7338
17 16 103.799
19 16 813.0081
33 16 597.3716
16 17 103.799
19 17 70.2741
22 17 132.8727
15 18 4746.0845
19 18 2214.349
179 18 2924.8318
181 18 1245.1749
16 19 813.0081
17 19 70.2741
18 19 2214.349
20 19 1386.9626
185 19 96.8054
19 20 1386.9626
179 20 817.6615
185 20 600.9615
22 21 2559.5086
185 21 2854.696
188 21 2367.9848
189 21 1554.7264
17 22 132.8727
21 22 2559.5086
23 22 5995.2038
24 22 9496.6762
22 23 5995.2038
330 23 1089.4433
331 23 4060.0893
22 24 9496.6762
167 24 534.4735
328 24 824.4023
1 25 1792.4359
14 25 1849.4544
26 25 371.6091
1 26 751.8797
25 26 371.6091
27 26 2707.8256
33 26 721.5007
26 27 2707.8256
28 27 577.3672
32 27 175.5618
35 27 309.2146
27 28 577.3672
29 28 4351.6101
35 28 227.0148
37 28 5998.8002
28 29 4351.6101
30 29 1002.8079
31 29 946.0738
37 29 4889.9756
190 29 346.8609
191 29 913.242
29 30 1002.8079
194 30 583.0904
195 30 977.5171
29 31 946.0738
27 32 175.5618
192 32 75.9878
193 32 4701.4575
16 33 597.3716
26 33 721.5007
34 33 150.7159
186 33 145.3911
33 34 150.7159
13 35 4770.9924
27 35 309.2146
28 35 227.0148
36 35 4291.8455
39 35 3044.14
35 36 4291.8455
37 36 702.2472
39 36 2683.8433
28 37 5998.8002
29 37 4889.9756
36 37 702.2472
38 37 392.9273
37 38 392.9273
12 39 1916.8104
13 39 3376.0972
35 39 3044.14
36 39 2683.8433
40 39 2024.7014
44 39 3301.4196
51 39 5336.1793
39 40 2024.7014
41 40 928.5051
51 40 2296.2113
40 41 928.5051
42 41 1628.6645
46 41 478.0115
50 41 82.1018
41 42 1628.6645
43 42 10667.8046
204 42 48.1696
42 43 10667.8046
200 43 1100.8366
201 43 9000.9001
39 44 3301.4196
12 45 8547.0085
46 45 8488.9643
51 45 4476.2757
41 46 478.0115
45 46 8488.9643
47 46 857.6329
46 47 857.6329
48 47 1116.196
54 47 312.5
59 47 137.6652
47 48 1116.196
49 48 4319.6544
205 48 631.3131
48 49 4319.6544
205 49 700.7708
207 49 565.6109
208 49 1230.1636
41 50 82.1018
39 51 5336.1793
40 51 2296.2113
45 51 4476.2757
12 52 3159.5577
53 52 8912.656
62 52 7147.9628
52 53 8912.656
54 53 182.083
62 53 3400.204
47 54 312.5
53 54 182.083
55 54 408.8307
60 54 3015.6815
54 55 408.8307
56 55 700.2801
67 55 984.252
55 56 700.2801
57 56 6983.2402
60 56 5494.5055
56 57 6983.2402
58 57 7518.797
217 57 1287.0013
221 57 2170.1389
57 58 7518.797
219 58 238.1519
220 58 171.409
221 58 2929.9736
47 59 137.6652
54 60 3015.6815
56 60 5494.5055
61 60 4897.1596
60 61 4897.1596
1 62 2116.8501
52 62 7147.9628
53 62 3400.204
63 62 8481.7642
67 62 672.495
11 63 5045.4087
62 63 8481.7642
64 63 3166.5611
63 64 3166.5611
65 64 2732.9872
67 64 3795.0664
10 65 8045.0523
11 65 7246.3768
64 65 2732.9872
74 65 10213.4613
216 65 228.1542
70 66 163.2653
213 66 206.6116
214 66 235.2388
215 66 2527.167
216 66 6510.4167
55 67 984.252
62 67 672.495
64 67 3795.0664
10 68 5324.8136
69 68 2896.0324
74 68 10022.0485
75 68 23110.7003
80 68 607.1645
68 69 2896.0324
70 69 367.1072
72 69 821.6927
66 70 163.2653
69 70 367.1072
71 70 1944.7686
70 71 1944.7686
211 71 50.3778
212 71 122.8049
69 72 821.6927
73 72 97.8474
74 72 147.1237
72 73 97.8474
65 74 10213.4613
68 74 10022.0485
72 74 147.1237
68 75 23110.7003
76 75 1344.2667
83 75 666.6667
75 76 1344.2667
77 76 1007.6582
83 76 1757.1604
10 77 4042.0372
76 77 1007.6582
78 77 3968.254
77 78 3968.254
79 78 5984.4405
84 78 715.8196
107 78 8650.519
108 78 7757.9519
78 79 5984.4405
80 79 222.1235
225 79 177.0538
68 80 607.1645
79 80 222.1235
81 80 1348.0723
83 80 1060.8954
187 80 1151.6757
80 81 1348.0723
82 81 1996.4065
225 81 657.4622
81 82 1996.4065
223 82 162.2323
224 82 128.0246
75 83 666.6667
76 83 1757.1604
80 83 1060.8954
78 84 715.8196
85 84 12498.4377
228 84 77.4593
84 85 12498.4377
86 85 12174.3365
88 85 2458.8149
85 86 12174.3365
88 86 1616.5535
236 86 11488.9706
230 87 1953.125
232 87 995.0249
233 87 539.0836
237 87 14473.8747
85 88 2458.8149
86 88 1616.5535
229 88 78.125
9 89 16894.7457
90 89 15344.4837
107 89 15994.8816
89 90 15344.4837
91 90 3966.6799
106 90 205.0021
90 91 3966.6799
92 91 3669.7248
104 91 3623.1884
105 91 74.184
91 92 3669.7248
93 92 10719.2625
102 92 1457.0887
92 93 10719.2625
94 93 513.8746
103 93 827.8146
264 93 153.9646
93 94 513.8746
95 94 521.9207
96 94 3759.3985
94 95 521.9207
240 95 111.3338
241 95 7225.4335
94 96 3759.3985
97 96 4424.7788
99 96 14152.2785
103 96 430.8488
96 97 4424.7788
98 97 14363.6886
241 97 317.965
242 97 286.2049
97 98 14363.6886
99 98 13281.9764
242 98 1024.2753
249 98 5910.1655
251 98 281.8489
252 98 1564.2109
255 98 2498.7506
260 98 4422.8218
96 99 14152.2785
98 99 13281.9764
100 99 5305.0398
99 100 5305.0398
101 100 312.989
245 100 93.8967
7 101 11092.6234
100 101 312.989
102 101 19794.1409
109 101 9074.4102
7 102 16722.408
8 102 16488.0462
92 102 1457.0887
101 102 19794.1409
103 102 7022.4719
93 103 827.8146
96 103 430.8488
102 103 7022.4719
8 104 8488.9643
9 104 13058.2397
91 104 3623.1884
91 105 74.184
90 106 205.0021
78 107 8650.519
89 107 15994.8816
108 107 14806.0409
1 108 2881.8444
78 108 7757.9519
107 108 14806.0409
101 109 9074.4102
110 109 1232.4378
117 109 9784.7358
109 110 1232.4378
111 110 3998.4006
117 110 2812.1485
110 111 3998.4006
112 111 3270.1112
119 111 681.6633
111 112 3270.1112
113 112 3207.1841
115 112 443.2624
112 113 3207.1841
114 113 2944.6408
265 113 245.459
113 114 2944.6408
116 114 17473.3531
266 114 401.7678
112 115 443.2624
245 115 66.0939
246 115 546.1496
114 116 17473.3531
272 116 2128.5653
276 116 841.7508
6 117 9478.673
109 117 9784.7358
110 117 2812.1485
6 118 8944.5438
119 118 6112.4694
121 118 120.4239
111 119 681.6633
118 119 6112.4694
120 119 190.3674
119 120 190.3674
118 121 120.4239
5 122 16244.3145
123 122 155.7147
124 122 8620.6897
122 123 155.7147
126 123 473.0369
127 123 2604.1667
5 124 11684.9731
122 124 8620.6897
125 124 176.5537
126 124 249.3766
130 124 10167.7682
124 125 176.5537
123 126 473.0369
124 126 249.3766
127 126 898.4726
128 126 1680.9548
129 126 1407.6577
133 126 2221.235
123 127 2604.1667
126 127 898.4726
277 127 4159.7338
126 128 1680.9548
126 129 1407.6577
4 130 13709.8985
124 130 10167.7682
131 130 1896.4536
145 130 8347.2454
146 130 4258.9438
130 131 1896.4536
132 131 4644.6818
147 131 12001.9203
131 132 4644.6818
133 132 10198.8781
147 132 4084.9673
126 133 2221.235
132 133 10198.8781
134 133 11093.854
140 133 744.0476
279 133 295.421
133 134 11093.854
135 134 13401.2329
142 134 1613.9445
134 135 13401.2329
136 135 12406.9479
141 135 2686.7276
135 136 12406.9479
137 136 32927.2308
141 136 1916.4431
286 136 271.7391
136 137 32927.2308
138 137 40832.9931
287 137 4992.5112
137 138 40832.9931
139 138 16257.5191
290 138 724.6377
138 139 16257.5191
292 139 9842.5197
297 139 3585.5145
133 140 744.0476
135 141 2686.7276
136 141 1916.4431
142 141 8952.5515
143 141 9871.6683
134 142 1613.9445
141 142 8952.5515
283 142 199.8801
141 143 9871.6683
284 143 222.7171
285 143 582.7506
4 144 12310.7226
145 144 11437.7216
148 144 626.9592
156 144 11359.7637
130 145 8347.2454
144 145 11437.7216
146 145 6329.1139
130 146 4258.9438
145 146 6329.1139
147 146 9842.5197
131 147 12001.9203
132 147 4084.9673
146 147 9842.5197
144 148 626.9592
149 148 12567.5506
153 148 250.7523
154 148 2432.4982
148 149 12567.5506
150 149 11248.5939
299 149 145.1589
149 150 11248.5939
151 150 5299.4171
155 150 3941.6634
308 150 1035.0895
150 151 5299.4171
152 151 16276.0417
302 151 6333.1222
151 152 16276.0417
300 152 359.7122
301 152 2196.8366
148 153 250.7523
148 154 2432.4982
150 155 3941.6634
144 156 11359.7637
157 156 2654.6323
178 156 7256.894
156 157 2654.6323
158 157 6142.5061
172 157 1719.6905
157 158 6142.5061
159 158 5387.931
175 158 279.5639
158 159 5387.931
160 159 1979.4141
164 159 1442.7932
159 160 1979.4141
161 160 10082.678
164 160 5224.6604
310 160 253.357
160 161 10082.678
162 161 11524.7205
168 161 1822.8217
169 161 12038.0402
161 162 11524.7205
163 162 2205.558
311 162 402.2526
162 163 2205.558
166 163 496.0317
312 163 1558.6035
315 163 9852.2167
324 163 73.046
159 164 1442.7932
160 164 5224.6604
165 164 3156.5657
164 165 3156.5657
166 165 2350.1763
169 165 3075.9766
163 166 496.0317
165 166 2350.1763
167 166 1752.5412
24 167 534.4735
166 167 1752.5412
325 167 2588.6617
328 167 962.4639
338 167 109.4092
161 168 1822.8217
161 169 12038.0402
165 169 3075.9766
170 169 843.1703
169 170 843.1703
3 171 2497.5025
172 171 20512.8205
181 171 2391.2004
182 171 8591.0653
157 172 1719.6905
171 172 20512.8205
173 172 7610.3501
172 173 7610.3501
174 173 2076.8432
175 173 581.3953
180 173 3617.945
182 173 19619.384
173 174 2076.8432
158 175 279.5639
173 175 581.3953
176 175 7022.4719
175 176 7022.4719
177 176 306.3725
179 176 1834.1893
180 176 2888.5038
181 176 2765.4867
176 177 306.3725
3 178 15436.8632
4 178 23380.8744
156 178 7256.894
18 179 2924.8318
20 179 817.6615
176 179 1834.1893
181 179 4363.0017
183 179 269.5418
184 179 3081.6641
173 180 3617.945
176 180 2888.5038
181 180 3834.3558
2 181 2069.5364
18 181 1245.1749
171 181 2391.2004
176 181 2765.4867
179 181 4363.0017
180 181 3834.3558
2 182 2995.8059
171 182 8591.0653
173 182 19619.384
179 183 269.5418
179 184 3081.6641
19 185 96.8054
20 185 600.9615
21 185 2854.696
33 186 145.3911
80 187 1151.6757
21 188 2367.9848
21 189 1554.7264
29 190 346.8609
29 191 913.242
32 192 75.9878
32 193 4701.4575
30 194 583.0904
30 195 977.5171
196 195 3875.969
198 195 345.0656
195 196 3875.969
197 196 1505.1174
199 196 854.7009
196 197 1505.1174
195 198 345.0656
196 199 854.7009
43 200 1100.8366
43 201 9000.9001
202 201 158.1278
203 201 108.2954
201 202 158.1278
201 203 108.2954
42 204 48.1696
48 205 631.3131
49 205 700.7708
206 205 63.5728
205 206 63.5728
49 207 565.6109
49 208 1230.1636
209 208 925.0694
210 208 181.7851
208 209 925.0694
208 210 181.7851
71 211 50.3778
71 212 122.8049
66 213 206.6116
66 214 235.2388
66 215 2527.167
65 216 228.1542
66 216 6510.4167
217 216 100.9693
57 217 1287.0013
216 217 100.9693
218 217 190.9126
217 218 190.9126
58 219 238.1519
58 220 171.409
57 221 2170.1389
58 221 2929.9736
222 221 49.2611
221 222 49.2611
82 223 162.2323
82 224 128.0246
79 225 177.0538
81 225 657.4622
226 225 306.1849
227 225 595.9476
225 226 306.1849
225 227 595.9476
84 228 77.4593
88 229 78.125
87 230 1953.125
231 230 173.6111
233 230 310.752
230 231 173.6111
87 232 995.0249
87 233 539.0836
230 233 310.752
234 233 410.509
235 233 195.9248
233 234 410.509
233 235 195.9248
86 236 11488.9706
237 236 17099.8632
238 236 6910.85
87 237 14473.8747
236 237 17099.8632
239 237 6830.6011
236 238 6910.85
237 239 6830.6011
95 240 111.3338
95 241 7225.4335
97 241 317.965
242 241 2440.8103
97 242 286.2049
98 242 1024.2753
241 242 2440.8103
262 242 4395.6044
244 243 4681.6479
258 243 1102.1713
263 243 2721.0884
243 244 4681.6479
100 245 93.8967
115 245 66.0939
249 245 44.9843
115 246 546.1496
247 246 632.5111
248 246 253.357
246 247 632.5111
246 248 253.357
98 249 5910.1655
245 249 44.9843
250 249 577.3672
249 250 577.3672
98 251 281.8489
98 252 1564.2109
253 252 481.9277
254 252 160.8234
252 253 481.9277
252 254 160.8234
98 255 2498.7506
256 255 1339.4053
257 255 564.9718
258 255 250.8781
255 256 1339.4053
255 257 564.9718
243 258 1102.1713
255 258 250.8781
259 258 450.045
260 258 3844.6751
262 258 1142.074
263 258 935.4537
258 259 450.045
98 260 4422.8218
258 260 3844.6751
261 260 1046.5725
260 261 1046.5725
242 262 4395.6044
258 262 1142.074
263 262 5753.7399
243 263 2721.0884
258 263 935.4537
262 263 5753.7399
93 264 153.9646
113 265 245.459
114 266 401.7678
267 266 458.5053
269 266 508.1301
271 266 116.0766
266 267 458.5053
268 267 1292.3236
270 267 383.2886
267 268 1292.3236
266 269 508.1301
267 270 383.2886
266 271 116.0766
116 272 2128.5653
273 272 1881.4675
277 272 124.1003
272 273 1881.4675
274 273 1135.4604
275 273 283.4467
273 274 1135.4604
273 275 283.4467
116 276 841.7508
127 277 4159.7338
272 277 124.1003
278 277 426.2575
277 278 426.2575
133 279 295.421
280 279 1238.6969
281 279 1092.2993
282 279 1307.8734
279 280 1238.6969
279 281 1092.2993
279 282 1307.8734
142 283 199.8801
143 284 222.7171
143 285 582.7506
136 286 271.7391
137 287 4992.5112
288 287 726.7442
289 287 1081.8998
287 288 726.7442
287 289 1081.8998
138 290 724.6377
291 290 1120.5737
297 290 1465.4162
290 291 1120.5737
139 292 9842.5197
293 292 4372.5404
297 292 9328.3582
292 293 4372.5404
294 293 665.336
295 293 2871.0881
296 293 716.8459
293 294 665.336
293 295 2871.0881
293 296 716.8459
139 297 3585.5145
290 297 1465.4162
292 297 9328.3582
298 297 695.4103
297 298 695.4103
149 299 145.1589
152 300 359.7122
152 301 2196.8366
151 302 6333.1222
303 302 227.7904
304 302 14564.5208
306 302 3619.2544
308 302 14903.1297
302 303 227.7904
302 304 14564.5208
305 304 579.0388
306 304 4730.369
304 305 579.0388
302 306 3619.2544
304 306 4730.369
307 306 3326.68
306 307 3326.68
150 308 1035.0895
302 308 14903.1297
309 308 2600.104
308 309 2600.104
160 310 253.357
162 311 402.2526
163 312 1558.6035
313 312 745.1565
314 312 1299.7141
312 313 745.1565
312 314 1299.7141
163 315 9852.2167
316 315 5512.6792
323 315 457.2474
315 316 5512.6792
317 316 3024.8034
322 316 539.6654
316 317 3024.8034
318 317 3264.7731
321 317 544.6623
317 318 3264.7731
319 318 6101.2813
320 318 5624.297
318 319 6101.2813
318 320 5624.297
317 321 544.6623
316 322 539.6654
315 323 457.2474
163 324 73.046
167 325 2588.6617
326 325 143.3486
327 325 428.0822
325 326 143.3486
325 327 428.0822
24 328 824.4023
167 328 962.4639
329 328 637.7551
328 329 637.7551
23 330 1089.4433
23 331 4060.0893
332 331 1986.4919
334 331 6191.9505
331 332 1986.4919
333 332 468.6036
337 332 898.4726
332 333 468.6036
331 334 6191.9505
335 334 857.6329
337 334 1989.258
334 335 857.6329
337 336 592.7682
332 337 898.4726
334 337 1989.258
336 337 592.7682
167 338 109.4092
