2 1 6195.7869
3 1 7496.2519
4 1 5913.6606
5 1 6978.3671
6 1 8438.8186
7 1 6830.6011
8 1 5747.1264
9 1 8012.8205
10 1 7524.4545
11 1 6146.2815
23 1 3011.1412
27 1 1927.8967
28 1 1366.1202
30 1 4683.8407
57 1 1328.1976
64 1 2204.0996
67 1 1410.8352
76 1 794.9126
95 1 2745.7441
108 1 1780.9439
111 1 2634.3519
112 1 5216.4841
120 1 4061.7384
1 2 6195.7869
12 2 1554.7264
15 2 473.4848
18 2 1789.549
22 2 2851.44
23 2 2357.9344
1 3 7496.2519
18 3 6075.3341
115 3 1224.5898
117 3 4278.9902
1 4 5913.6606
100 4 2064.4096
104 4 1936.8584
111 4 9980.0399
1 5 6978.3671
95 5 3065.6039
96 5 6578.9474
1 6 8438.8186
90 6 2266.5458
94 6 1836.2101
95 6 3093.1024
1 7 6830.6011
81 7 7490.6367
87 7 3380.6626
90 7 4450.3783
1 8 5747.1264
51 8 434.9717
64 8 2863.6884
1 9 8012.8205
57 9 1045.0413
60 9 1762.1145
1 10 7524.4545
65 10 144.655
67 10 2384.9273
1 11 6146.2815
36 11 8216.9269
69 11 2590.0026
2 12 1554.7264
13 12 3501.4006
22 12 2552.3226
24 12 187.0208
12 13 3501.4006
14 13 253.1646
16 13 198.8072
13 14 253.1646
2 15 473.4848
16 15 164.7175
19 15 254.0005
13 16 198.8072
15 16 164.7175
17 16 389.1051
16 17 389.1051
2 18 1789.549
3 18 6075.3341
19 18 203.252
21 18 440.3347
15 19 254.0005
18 19 203.252
20 19 333.2223
19 20 333.2223
18 21 440.3347
2 22 2851.44
12 22 2552.3226
23 22 1438.0213
1 23 3011.1412
2 23 2357.9344
22 23 1438.0213
24 23 313.8732
26 23 479.6163
12 24 187.0208
23 24 313.8732
25 24 334.0013
24 25 334.0013
23 26 479.6163
29 26 965.251
41 26 3127.9324
1 27 1927.8967
1 28 1366.1202
29 28 12354.8307
30 28 2110.1498
26 29 965.251
28 29 12354.8307
30 29 4464.2857
1 30 4683.8407
28 30 2110.1498
29 30 4464.2857
33 30 1039.393
34 30 546.4481
40 30 6644.5183
32 31 413.394
35 31 390.7776
36 31 2597.4026
40 31 4071.6612
31 32 413.394
30 33 1039.393
30 34 546.4481
31 35 390.7776
11 36 8216.9269
31 36 2597.4026
37 36 1716.7382
40 36 9496.6762
72 36 7849.2936
36 37 1716.7382
38 37 165.2346
39 37 165.0165
37 38 165.2346
37 39 165.0165
30 40 6644.5183
31 40 4071.6612
36 40 9496.6762
26 41 3127.9324
42 41 8628.1277
49 41 318.7759
41 42 8628.1277
43 42 6983.2402
46 42 620.3474
47 42 216.4034
42 43 6983.2402
44 43 8230.4527
50 43 2047.0829
43 44 8230.4527
45 44 6653.3599
48 44 877.193
44 45 6653.3599
42 46 620.3474
42 47 216.4034
44 48 877.193
41 49 318.7759
43 50 2047.0829
8 51 434.9717
52 51 563.6979
53 51 586.1665
56 51 106.5076
77 51 643.915
51 52 563.6979
51 53 586.1665
54 53 188.3949
55 53 179.7591
53 54 188.3949
53 55 179.7591
51 56 106.5076
57 56 3779.2895
64 56 773.9938
1 57 1328.1976
9 57 1045.0413
56 57 3779.2895
58 57 77.5194
59 57 150.6251
60 57 1380.4528
57 58 77.5194
57 59 150.6251
9 60 1762.1145
57 60 1380.4528
61 60 381.971
60 61 381.971
62 61 1186.6619
65 61 423.7288
61 62 1186.6619
63 62 416.6667
65 62 420.5214
62 63 416.6667
1 64 2204.0996
8 64 2863.6884
56 64 773.9938
10 65 144.655
61 65 423.7288
62 65 420.5214
66 65 357.1429
65 66 357.1429
1 67 1410.8352
10 67 2384.9273
68 67 382.263
69 67 1627.0745
70 67 1939.1119
67 68 382.263
11 69 2590.0026
67 69 1627.0745
70 69 1995.6097
72 69 4653.3271
67 70 1939.1119
69 70 1995.6097
71 70 165.5081
75 70 1457.3011
70 71 165.5081
36 72 7849.2936
69 72 4653.3271
73 72 366.0322
74 72 4780.1147
72 73 366.0322
72 74 4780.1147
70 75 1457.3011
1 76 794.9126
78 76 2305.7413
81 76 2587.3221
51 77 643.915
76 78 2305.7413
79 78 355.9986
80 78 154.9667
78 79 355.9986
78 80 154.9667
7 81 7490.6367
76 81 2587.3221
82 81 733.6757
85 81 6439.15
81 82 733.6757
83 82 130.9243
84 82 402.4145
82 83 130.9243
82 84 402.4145
81 85 6439.15
86 85 140.6866
87 85 10439.5031
85 86 140.6866
7 87 3380.6626
85 87 10439.5031
88 87 3760.8123
90 87 6882.3125
87 88 3760.8123
89 88 191.4975
93 88 160.4621
88 89 191.4975
6 90 2266.5458
7 90 4450.3783
87 90 6882.3125
94 90 4796.1631
92 91 109.8418
94 91 553.4034
106 91 108.7548
91 92 109.8418
88 93 160.4621
6 94 1836.2101
90 94 4796.1631
91 94 553.4034
95 94 1718.8037
99 94 732.0644
1 95 2745.7441
5 95 3065.6039
6 95 3093.1024
94 95 1718.8037
99 95 763.3588
5 96 6578.9474
97 96 3511.236
100 96 1300.3901
96 97 3511.236
98 97 156.5925
99 97 804.5052
100 97 1363.1407
97 98 156.5925
94 99 732.0644
95 99 763.3588
97 99 804.5052
4 100 2064.4096
96 100 1300.3901
97 100 1363.1407
101 100 665.779
104 100 781.25
100 101 665.779
102 101 336.9272
103 101 143.8642
101 102 336.9272
101 103 143.8642
4 104 1936.8584
100 104 781.25
105 104 77.5194
107 104 123.64
108 104 722.5434
104 105 77.5194
91 106 108.7548
104 107 123.64
1 108 1780.9439
104 108 722.5434
109 108 2696.1445
111 108 2604.1667
119 108 2365.744
108 109 2696.1445
110 109 108.19
118 109 300.8424
109 110 108.19
1 111 2634.3519
4 111 9980.0399
108 111 2604.1667
1 112 5216.4841
113 112 7473.8416
119 112 6250.0
112 113 7473.8416
114 113 154.9187
117 113 4761.9048
118 113 3802.2814
113 114 154.9187
3 115 1224.5898
116 115 139.6258
117 115 570.7763
115 116 139.6258
3 117 4278.9902
113 117 4761.9048
115 117 570.7763
109 118 300.8424
113 118 3802.2814
119 118 3501.4006
108 119 2365.744
112 119 6250.0
118 119 3501.4006
1 120 4061.7384
