2 1 6165.2281
3 1 6031.3631
4 1 5128.2051
5 1 5428.8817
6 1 6657.7896
7 1 7256.894
8 1 6451.6129
9 1 5449.5913
10 1 6097.561
11 1 5624.297
12 1 5659.3096
13 1 7434.9442
14 1 1510.8022
19 1 2383.2221
31 1 3968.254
33 1 2202.1581
40 1 280.4262
1 2 6165.2281
35 2 265.8867
37 2 5892.7519
38 2 296.9121
1 3 6031.3631
37 3 6195.7869
208 3 327.1181
1 4 5128.2051
40 4 292.5688
41 4 71.4286
42 4 28710.8814
1 5 5428.8817
42 5 25265.2855
43 5 5970.1493
75 5 106.383
1 6 6657.7896
43 6 8058.0177
47 6 21853.1469
1 7 7256.894
47 7 18892.8774
49 7 16986.5806
51 7 22084.8057
205 7 84.6024
1 8 6451.6129
55 8 16010.2466
56 8 14140.2715
58 8 5307.8556
1 9 5449.5913
31 9 9017.1326
32 9 3916.9604
61 9 11190.6893
1 10 6097.561
27 10 15918.4973
202 10 3933.9103
1 11 5624.297
23 11 2921.414
25 11 1283.697
27 11 16744.8091
1 12 5659.3096
19 12 5339.0283
21 12 16074.5861
1 13 7434.9442
51 13 16937.6694
55 13 18545.9941
1 14 1510.8022
16 15 420.5214
17 15 550.6608
20 15 7836.9906
15 16 420.5214
15 17 550.6608
18 17 3735.5248
64 17 888.0995
17 18 3735.5248
1 19 2383.2221
12 19 5339.0283
20 19 11021.7128
15 20 7836.9906
19 20 11021.7128
21 20 1190.6179
12 21 16074.5861
20 21 1190.6179
68 21 348.4321
68 22 4312.2035
69 22 1512.6305
70 22 13954.7865
73 22 1791.4726
11 23 2921.414
24 23 204.2484
66 23 148.8317
23 24 204.2484
11 25 1283.697
26 25 41.4938
27 25 2339.1813
25 26 41.4938
10 27 15918.4973
11 27 16744.8091
25 27 2339.1813
29 28 220.2643
28 29 220.2643
30 29 1160.7661
32 29 533.3333
29 30 1160.7661
1 31 3968.254
9 31 9017.1326
32 31 6675.5674
9 32 3916.9604
29 32 533.3333
31 32 6675.5674
1 33 2202.1581
36 34 98.6193
2 35 265.8867
36 35 276.7017
127 35 74.2942
34 36 98.6193
35 36 276.7017
125 36 92.5069
2 37 5892.7519
3 37 6195.7869
39 37 453.1038
2 38 296.9121
103 38 76.864
129 38 216.4971
37 39 453.1038
84 39 1992.8258
86 39 1216.693
87 39 9337.0682
1 40 280.4262
4 40 292.5688
83 40 105.5186
4 41 71.4286
4 42 28710.8814
5 42 25265.2855
207 42 251.1301
5 43 5970.1493
6 43 8058.0177
44 43 1005.6315
47 43 9633.9114
43 44 1005.6315
48 44 2647.6039
205 44 758.1501
46 45 329.3808
76 45 831.2552
205 45 836.8201
45 46 329.3808
6 47 21853.1469
7 47 18892.8774
43 47 9633.9114
48 47 5491.4882
49 47 22670.5962
44 48 2647.6039
47 48 5491.4882
49 48 727.802
7 49 16986.5806
47 49 22670.5962
48 49 727.802
204 50 164.2845
7 51 22084.8057
13 51 16937.6694
52 51 8319.4676
51 52 8319.4676
53 52 176.0873
55 52 2876.0426
52 53 176.0873
54 53 448.0287
74 53 79.4913
53 54 448.0287
8 55 16010.2466
13 55 18545.9941
52 55 2876.0426
56 55 21767.5229
8 56 14140.2715
55 56 21767.5229
57 56 677.0481
58 56 4657.6619
56 57 677.0481
8 58 5307.8556
56 58 4657.6619
59 58 48.8043
60 58 60.1323
58 59 48.8043
58 60 60.1323
9 61 11190.6893
63 62 1468.2132
122 62 174.2464
125 62 91.8274
62 63 1468.2132
17 64 888.0995
65 64 3224.7662
121 64 19.857
64 65 3224.7662
90 65 1305.6535
111 65 28.0978
119 65 65.189
23 66 148.8317
94 66 4205.2145
177 66 1444.2519
95 67 770.416
164 67 83.4725
203 67 333.5557
21 68 348.4321
22 68 4312.2035
182 68 15.3586
22 69 1512.6305
70 69 1120.0717
93 69 300.3905
22 70 13954.7865
69 70 1120.0717
71 70 1370.4262
70 71 1370.4262
72 71 1848.0872
181 71 48.7805
71 72 1848.0872
91 72 4743.833
92 72 94.0734
22 73 1791.4726
53 74 79.4913
5 75 106.383
96 75 77.0416
156 75 588.5815
45 76 831.2552
77 76 10368.0664
80 76 167.252
76 77 10368.0664
78 77 4500.45
81 77 28.9939
77 78 4500.45
82 78 170.2417
100 78 3419.9726
102 78 83.3333
97 79 19394.8798
100 79 11968.8809
159 79 518.9414
76 80 167.252
77 81 28.9939
78 82 170.2417
40 83 105.5186
39 84 1992.8258
85 84 2169.1974
89 84 911.577
84 85 2169.1974
104 85 15905.8374
106 85 12140.3424
109 85 8333.3333
39 86 1216.693
87 86 612.7451
151 86 123.4873
39 87 9337.0682
86 87 612.7451
88 87 2253.7751
87 88 2253.7751
89 88 3128.9111
150 88 207.4689
84 89 911.577
88 89 3128.9111
104 89 294.4641
110 89 5420.0542
65 90 1305.6535
112 90 2192.021
119 90 434.7826
72 91 4743.833
181 91 201.2477
201 91 5627.462
72 92 94.0734
69 93 300.3905
177 93 336.3606
178 93 2724.7956
66 94 4205.2145
176 94 2577.3196
177 94 2527.167
67 95 770.416
174 95 121.4477
175 95 467.0715
75 96 77.0416
79 97 19394.8798
98 97 6954.1029
154 97 75.0188
97 98 6954.1029
99 98 1131.0938
206 98 193.9864
98 99 1131.0938
78 100 3419.9726
79 100 11968.8809
101 100 592.4171
100 101 592.4171
161 101 270.0513
163 101 34.7584
78 102 83.3333
38 103 76.864
85 104 15905.8374
89 104 294.4641
105 104 613.4969
104 105 613.4969
106 105 1154.6011
141 105 682.5939
85 106 12140.3424
105 106 1154.6011
107 106 13642.5648
133 106 71.9942
106 107 13642.5648
139 107 11934.5984
141 107 351.6174
134 108 18018.018
138 108 329.9241
139 108 9407.3377
85 109 8333.3333
89 110 5420.0542
144 110 7147.9628
146 110 323.3107
65 111 28.0978
90 112 2192.021
113 112 1559.3326
118 112 311.8179
112 113 1559.3326
114 113 1365.7471
117 113 890.472
113 114 1365.7471
115 114 1209.1898
116 114 2006.8232
114 115 1209.1898
114 116 2006.8232
113 117 890.472
112 118 311.8179
65 119 65.189
90 119 434.7826
120 119 2026.3425
119 120 2026.3425
64 121 19.857
62 122 174.2464
123 122 221.4839
124 122 1629.7262
122 123 221.4839
122 124 1629.7262
36 125 92.5069
62 125 91.8274
126 125 2967.3591
125 126 2967.3591
35 127 74.2942
128 127 324.5699
129 127 103.8637
127 128 324.5699
38 129 216.4971
127 129 103.8637
130 129 1671.4023
129 130 1671.4023
131 130 510.7252
132 130 313.087
130 131 510.7252
130 132 313.087
106 133 71.9942
108 134 18018.018
135 134 3428.1796
137 134 244.439
134 135 3428.1796
136 135 7930.2141
137 135 245.3988
135 136 7930.2141
134 137 244.439
135 137 245.3988
138 137 2495.6326
108 138 329.9241
137 138 2495.6326
142 138 133.6184
107 139 11934.5984
108 139 9407.3377
140 139 155.1109
139 140 155.1109
141 140 931.0987
142 140 1031.4595
105 141 682.5939
107 141 351.6174
140 141 931.0987
138 142 133.6184
140 142 1031.4595
145 142 11596.892
147 142 304.2288
145 143 244.3793
110 144 7147.9628
145 144 16909.0294
146 144 628.9308
142 145 11596.892
143 145 244.3793
144 145 16909.0294
110 146 323.3107
144 146 628.9308
147 146 967.118
149 146 273.523
142 147 304.2288
146 147 967.118
148 147 930.2326
147 148 930.2326
146 149 273.523
88 150 207.4689
86 151 123.4873
152 151 291.8856
153 151 262.5361
151 152 291.8856
151 153 262.5361
97 154 75.0188
155 154 130.8216
158 154 48.7567
154 155 130.8216
156 155 1212.7092
157 155 1366.1202
158 155 137.817
75 156 588.5815
155 156 1212.7092
158 156 29.7354
155 157 1366.1202
154 158 48.7567
155 158 137.817
156 158 29.7354
79 159 518.9414
160 159 8149.9593
161 159 246.5483
159 160 8149.9593
101 161 270.0513
159 161 246.5483
162 161 58.9275
161 162 58.9275
101 163 34.7584
67 164 83.4725
165 164 277.9322
168 164 44.3066
164 165 277.9322
166 165 8123.4768
167 165 6422.6076
165 166 8123.4768
165 167 6422.6076
164 168 44.3066
169 168 2989.5366
170 168 1044.0593
171 168 334.5601
168 169 2989.5366
168 170 1044.0593
168 171 334.5601
172 171 465.7662
173 171 884.1733
171 172 465.7662
173 172 2463.661
174 172 3463.8033
171 173 884.1733
172 173 2463.661
176 173 1692.9067
95 174 121.4477
172 174 3463.8033
176 174 351.6174
95 175 467.0715
94 176 2577.3196
173 176 1692.9067
174 176 351.6174
66 177 1444.2519
93 177 336.3606
94 177 2527.167
93 178 2724.7956
179 178 11308.3795
180 178 200.441
178 179 11308.3795
178 180 200.441
194 180 9469.697
201 180 16436.5549
71 181 48.7805
91 181 201.2477
185 181 113.443
68 182 15.3586
183 182 54.2594
184 182 124.533
182 183 54.2594
182 184 124.533
181 185 113.443
186 185 362.9764
200 185 637.3486
185 186 362.9764
187 186 847.4576
199 186 160.1281
186 187 847.4576
188 187 6172.8395
197 187 102.9972
187 188 6172.8395
189 188 10584.2506
198 188 3419.9726
188 189 10584.2506
190 189 1604.3639
193 189 1200.192
198 189 4930.9665
189 190 1604.3639
191 190 5458.5153
192 190 5506.6079
190 191 5458.5153
190 192 5506.6079
189 193 1200.192
180 194 9469.697
195 194 1672.8003
201 194 5577.2448
194 195 1672.8003
196 195 2743.4842
200 195 443.6557
195 196 2743.4842
197 196 3285.1511
199 196 3895.598
187 197 102.9972
196 197 3285.1511
198 197 663.13
188 198 3419.9726
189 198 4930.9665
197 198 663.13
186 199 160.1281
196 199 3895.598
200 199 1737.9214
185 200 637.3486
195 200 443.6557
199 200 1737.9214
91 201 5627.462
180 201 16436.5549
194 201 5577.2448
10 202 3933.9103
67 203 333.5557
50 204 164.2845
7 205 84.6024
44 205 758.1501
45 205 836.8201
98 206 193.9864
42 207 251.1301
3 208 327.1181
