2 1 5246.5897
3 1 7299.2701
4 1 7564.2965
5 1 5241.0901
6 1 5717.5529
7 1 4705.8824
8 1 5305.0398
9 1 6253.9087
10 1 6489.2927
11 1 5458.5153
12 1 5327.6505
13 1 6968.6411
14 1 6345.1777
41 1 5449.5913
101 1 4666.3556
1 2 5246.5897
3 2 3563.7919
21 2 2393.4897
96 2 27100.271
1 3 7299.2701
2 3 3563.7919
22 3 3838.7716
23 3 4378.2837
1 4 7564.2965
23 4 1107.4197
27 4 10405.8273
1 5 5241.0901
27 5 9541.9847
40 5 22471.9101
41 5 4805.382
1 6 5717.5529
46 6 3799.3921
106 6 3987.2408
1 7 4705.8824
51 7 9090.9091
93 7 21276.5957
143 7 63.9795
1 8 5305.0398
53 8 10881.3928
92 8 7473.8416
1 9 6253.9087
56 9 2560.1639
64 9 3805.175
75 9 9569.378
80 9 7283.3212
92 9 3278.6885
1 10 6489.2927
81 10 3357.9584
83 10 8210.1806
1 11 5458.5153
82 11 29761.9048
104 11 202.9221
1 12 5327.6505
100 12 3831.4176
103 12 574.3825
1 13 6968.6411
94 13 14347.2023
99 13 8403.3613
101 13 12690.3553
1 14 6345.1777
94 14 6949.2703
95 14 84.1751
96 14 6184.2919
173 14 369.6858
16 15 9496.6762
96 15 515.9959
177 15 143.1229
15 16 9496.6762
17 16 3728.5608
20 16 791.1392
178 16 361.9254
16 17 3728.5608
18 17 4452.3598
19 17 2172.0243
17 18 4452.3598
175 18 1015.6409
209 18 288.1014
17 19 2172.0243
16 20 791.1392
2 21 2393.4897
3 22 3838.7716
23 22 8976.6607
24 22 2959.4555
3 23 4378.2837
4 23 1107.4197
22 23 8976.6607
24 23 667.5567
22 24 2959.4555
23 24 667.5567
25 24 9000.9001
26 24 1223.3912
24 25 9000.9001
24 26 1223.3912
107 26 2384.3586
108 26 1220.1074
110 26 3582.9452
4 27 10405.8273
5 27 9541.9847
40 27 5605.3812
105 27 18315.0183
29 28 932.8358
105 28 6313.1313
131 28 138.485
28 29 932.8358
34 29 14265.3352
35 29 800.0
36 29 12048.1928
130 29 217.6752
201 29 88.8889
31 30 5649.7175
32 30 15360.9831
35 30 3714.7103
36 30 16528.9256
30 31 5649.7175
35 31 935.4537
118 31 3669.7248
30 32 15360.9831
33 32 9587.7277
118 32 2592.0166
32 33 9587.7277
113 33 11947.4313
203 33 95.3289
29 34 14265.3352
29 35 800.0
30 35 3714.7103
31 35 935.4537
123 35 1864.2804
29 36 12048.1928
30 36 16528.9256
338 36 191.1315
38 37 1695.49
40 37 673.8544
340 37 279.4857
37 38 1695.49
39 38 1520.9125
40 38 559.9104
38 39 1520.9125
132 39 896.861
213 39 178.5395
5 40 22471.9101
27 40 5605.3812
37 40 673.8544
38 40 559.9104
105 40 1347.5273
1 41 5449.5913
5 41 4805.382
42 41 961.5385
106 41 12804.0973
41 42 961.5385
43 42 7604.5627
48 42 244.0215
42 43 7604.5627
44 43 2945.5081
49 43 1544.6401
50 43 1485.8841
43 44 2945.5081
45 44 3431.709
50 44 1041.8837
44 45 3431.709
133 45 8136.6965
135 45 1339.2259
6 46 3799.3921
47 46 669.344
106 46 468.8233
46 47 669.344
42 48 244.0215
141 48 73.5835
142 48 1381.5971
43 49 1544.6401
43 50 1485.8841
44 50 1041.8837
141 50 354.9876
7 51 9090.9091
52 51 103.6055
54 51 17889.0877
51 52 103.6055
8 53 10881.3928
54 53 15649.4523
59 53 15060.241
93 53 27397.2603
51 54 17889.0877
53 54 15649.4523
55 54 32786.8852
57 54 2957.7048
93 54 12210.0122
54 55 32786.8852
56 55 13404.8257
59 55 23923.445
9 56 2560.1639
55 56 13404.8257
57 56 3169.5721
345 56 9505.7034
54 57 2957.7048
56 57 3169.5721
58 57 861.3264
60 57 14044.9438
57 58 861.3264
144 58 2387.2046
179 58 2431.3153
53 59 15060.241
55 59 23923.445
92 59 17953.3214
57 60 14044.9438
62 60 1056.9707
179 60 2128.1124
62 61 2008.8389
60 62 1056.9707
61 62 2008.8389
63 62 1336.8984
62 63 1336.8984
9 64 3805.175
65 64 27322.4044
75 64 7173.6011
64 65 27322.4044
66 65 2204.0996
76 65 11534.0254
65 66 2204.0996
67 66 2454.5901
68 66 8136.6965
66 67 2454.5901
68 67 3151.5916
148 67 10351.9669
66 68 8136.6965
67 68 3151.5916
69 68 1714.3837
68 69 1714.3837
71 69 893.655
151 69 987.1668
152 69 1151.2779
71 70 3218.5388
69 71 893.655
70 71 3218.5388
72 71 10395.0104
78 71 16025.641
71 72 10395.0104
73 72 4800.7681
74 72 16722.408
159 72 2665.2452
160 72 259.9428
72 73 4800.7681
72 74 16722.408
9 75 9569.378
64 75 7173.6011
76 75 11876.4846
79 75 6835.27
65 76 11534.0254
75 76 11876.4846
77 76 4681.6479
76 77 4681.6479
78 77 8210.1806
90 77 4347.8261
71 78 16025.641
77 78 8210.1806
91 78 5515.7198
75 79 6835.27
80 79 14471.78
84 79 1260.7161
342 79 3240.4407
9 80 7283.3212
79 80 14471.78
341 80 12285.0123
10 81 3357.9584
82 81 3639.0102
83 81 7473.8416
183 81 41.0509
11 82 29761.9048
81 82 3639.0102
83 82 6600.6601
10 83 8210.1806
81 83 7473.8416
82 83 6600.6601
79 84 1260.7161
85 84 11025.3583
88 84 11806.3754
89 84 6097.561
84 85 11025.3583
86 85 4482.2949
87 85 2425.4184
88 85 27247.9564
85 86 4482.2949
153 86 4894.7626
154 86 2063.1318
85 87 2425.4184
154 87 766.8712
156 87 11198.2083
84 88 11806.3754
85 88 27247.9564
89 88 430.8488
153 88 394.4773
84 89 6097.561
88 89 430.8488
163 89 337.0408
77 90 4347.8261
91 90 13089.0052
156 90 502.008
78 91 5515.7198
90 91 13089.0052
164 91 841.7508
8 92 7473.8416
9 92 3278.6885
59 92 17953.3214
7 93 21276.5957
53 93 27397.2603
54 93 12210.0122
13 94 14347.2023
14 94 6949.2703
97 94 495.0495
99 94 13888.8889
14 95 84.1751
2 96 27100.271
14 96 6184.2919
15 96 515.9959
94 97 495.0495
166 97 206.9965
168 97 4982.561
99 98 505.0505
100 98 953.2888
102 98 208.3767
337 98 233.1002
13 99 8403.3613
94 99 13888.8889
98 99 505.0505
100 99 62.3053
101 99 1455.816
12 100 3831.4176
98 100 953.2888
99 100 62.3053
1 101 4666.3556
13 101 12690.3553
99 101 1455.816
98 102 208.3767
103 102 307.8818
166 102 580.0464
167 102 564.0158
12 103 574.3825
102 103 307.8818
104 103 511.7707
11 104 202.9221
103 104 511.7707
182 104 182.615
27 105 18315.0183
28 105 6313.1313
40 105 1347.5273
6 106 3987.2408
41 106 12804.0973
46 106 468.8233
26 107 2384.3586
26 108 1220.1074
109 108 173.9736
203 108 418.7605
108 109 173.9736
26 110 3582.9452
111 110 1171.2345
204 110 453.3092
110 111 1171.2345
112 111 4210.5263
207 111 154.8467
315 111 66.0939
111 112 4210.5263
205 112 6207.3246
326 112 394.9447
33 113 11947.4313
114 113 3713.3309
309 113 90.8265
113 114 3713.3309
115 114 1321.7024
117 114 1190.0512
339 114 273.224
114 115 1321.7024
202 116 962.4639
114 117 1190.0512
31 118 3669.7248
32 118 2592.0166
128 118 603.8647
121 119 11299.435
122 119 2014.9103
339 119 4500.45
202 120 5159.9587
305 120 194.2125
339 120 3264.7731
119 121 11299.435
119 122 2014.9103
35 123 1864.2804
124 123 1835.1991
128 123 2360.7177
123 124 1835.1991
125 124 1486.9888
128 124 15974.4409
124 125 1486.9888
126 125 3209.2426
127 125 3267.9739
125 126 3209.2426
125 127 3267.9739
287 127 415.8004
289 127 438.0201
118 128 603.8647
123 128 2360.7177
124 128 15974.4409
129 128 3447.0872
128 129 3447.0872
29 130 217.6752
28 131 138.485
39 132 896.861
45 133 8136.6965
134 133 1122.7125
138 133 2285.192
133 134 1122.7125
135 134 3990.423
137 134 8438.8186
45 135 1339.2259
134 135 3990.423
136 135 1105.8277
135 136 1105.8277
134 137 8438.8186
198 137 987.1668
199 137 605.3269
285 137 183.1502
133 138 2285.192
139 138 517.0631
140 138 858.3691
138 139 517.0631
141 139 269.5418
212 139 236.0718
269 139 100.7354
138 140 858.3691
199 140 243.2498
200 140 1681.5201
274 140 838.9262
48 141 73.5835
50 141 354.9876
139 141 269.5418
48 142 1381.5971
7 143 63.9795
58 144 2387.2046
261 144 40.783
346 144 97.561
146 145 279.1736
147 145 2136.7521
179 145 2231.1468
145 146 279.1736
145 147 2136.7521
193 147 54.1419
196 147 559.9104
67 148 10351.9669
149 148 1064.6226
150 148 346.3803
151 148 5624.297
148 149 1064.6226
148 150 346.3803
194 150 9560.2294
195 150 536.4807
69 151 987.1668
148 151 5624.297
152 151 2156.1018
195 151 209.8196
69 152 1151.2779
151 152 2156.1018
254 152 106.7464
86 153 4894.7626
88 153 394.4773
154 153 4284.4901
86 154 2063.1318
87 154 766.8712
153 154 4284.4901
155 154 277.4695
154 155 277.4695
185 155 11037.5276
239 155 168.8904
87 156 11198.2083
90 156 502.008
157 156 2185.7923
192 156 268.4564
156 157 2185.7923
191 157 444.0497
343 157 90.4159
159 158 4791.5668
72 159 2665.2452
158 159 4791.5668
160 159 3270.1112
161 159 2637.1308
187 159 121.3592
72 160 259.9428
159 160 3270.1112
249 160 99.6016
159 161 2637.1308
162 161 3127.9324
211 161 96.0615
161 162 3127.9324
89 163 337.0408
91 164 841.7508
182 165 3717.4721
220 165 99.2063
226 165 81.0373
97 166 206.9965
102 166 580.0464
172 166 1117.0688
224 166 44.7227
102 167 564.0158
97 168 4982.561
169 168 8857.3959
170 168 1254.3904
180 168 58.5138
218 168 247.0356
168 169 8857.3959
181 169 321.8539
214 169 107.4807
168 170 1254.3904
171 170 458.0852
172 170 295.858
170 171 458.0852
172 171 786.1635
219 171 678.8866
223 171 45.1467
166 172 1117.0688
170 172 295.858
171 172 786.1635
14 173 369.6858
174 173 2360.7177
210 173 594.5303
173 174 2360.7177
18 175 1015.6409
176 175 900.09
327 175 105.2189
175 176 900.09
208 176 508.1301
328 176 2891.845
15 177 143.1229
16 178 361.9254
58 179 2431.3153
60 179 2128.1124
145 179 2231.1468
168 180 58.5138
169 181 321.8539
210 181 91.4077
215 181 510.4645
104 182 182.615
165 182 3717.4721
225 182 86.2813
81 183 41.0509
184 183 875.6567
239 183 758.7253
183 184 875.6567
155 185 11037.5276
186 185 88.8889
237 185 622.665
240 185 123.3806
185 186 88.8889
159 187 121.3592
188 187 221.2879
246 187 369.6858
187 188 221.2879
190 189 3135.7792
192 189 518.6722
243 189 285.3881
246 189 88.1057
189 190 3135.7792
157 191 444.0497
245 191 4290.0043
343 191 3168.5678
156 192 268.4564
189 192 518.6722
343 192 276.0144
147 193 54.1419
150 194 9560.2294
257 194 1159.9582
344 194 924.2144
150 195 536.4807
151 195 209.8196
255 195 1946.6615
147 196 559.9104
197 196 4147.6566
261 196 65.4879
196 197 4147.6566
259 197 794.2812
260 197 1812.5793
265 197 2170.6099
137 198 987.1668
282 198 121.9363
286 198 94.8767
137 199 605.3269
140 199 243.2498
277 199 207.1251
140 200 1681.5201
270 200 805.8018
273 200 63.857
29 201 88.8889
116 202 962.4639
120 202 5159.9587
308 202 132.7492
310 202 1684.3524
33 203 95.3289
108 203 418.7605
313 203 124.8439
110 204 453.3092
112 205 6207.3246
206 205 3660.3221
314 205 229.3052
205 206 3660.3221
320 206 1113.2138
322 206 2615.7468
111 207 154.8467
176 208 508.1301
18 209 288.1014
173 210 594.5303
181 210 91.4077
333 210 743.4944
335 210 299.1325
161 211 96.0615
139 212 236.0718
39 213 178.5395
169 214 107.4807
181 215 510.4645
216 215 2076.8432
217 215 95.6938
215 216 2076.8432
215 217 95.6938
168 218 247.0356
171 219 678.8866
220 219 311.6236
221 219 907.441
165 220 99.2063
219 220 311.6236
222 220 5656.1086
219 221 907.441
220 222 5656.1086
171 223 45.1467
166 224 44.7227
182 225 86.2813
165 226 81.0373
227 226 75.0751
228 226 2766.2517
226 227 75.0751
226 228 2766.2517
229 228 2064.8358
232 228 221.2879
228 229 2064.8358
230 229 3767.8975
231 229 315.1592
229 230 3767.8975
229 231 315.1592
228 232 221.2879
234 233 1771.1654
237 233 588.5815
239 233 124.0387
233 234 1771.1654
235 234 826.4463
236 234 1064.5093
234 235 826.4463
234 236 1064.5093
185 237 622.665
233 237 588.5815
238 237 221.6803
237 238 221.6803
155 239 168.8904
183 239 758.7253
233 239 124.0387
185 240 123.3806
241 240 453.5147
242 240 520.8333
240 241 453.5147
242 241 12738.8535
244 241 10277.4923
245 241 552.4862
240 242 520.8333
241 242 12738.8535
244 242 6715.9167
189 243 285.3881
244 243 389.1051
245 243 2194.4262
241 244 10277.4923
242 244 6715.9167
243 244 389.1051
191 245 4290.0043
241 245 552.4862
243 245 2194.4262
187 246 369.6858
189 246 88.1057
247 246 1961.5536
248 246 128.4027
246 247 1961.5536
246 248 128.4027
160 249 99.6016
250 249 258.8662
251 249 176.4291
249 250 258.8662
252 250 215.6102
253 250 345.1847
249 251 176.4291
250 252 215.6102
250 253 345.1847
152 254 106.7464
195 255 1946.6615
256 255 572.7377
257 255 1122.4604
255 256 572.7377
194 257 1159.9582
255 257 1122.4604
258 257 742.9421
257 258 742.9421
197 259 794.2812
197 260 1812.5793
144 261 40.783
196 261 65.4879
262 261 57.0776
263 261 203.5002
261 262 57.0776
261 263 203.5002
264 263 277.4695
265 263 396.668
266 263 531.6321
268 263 176.4291
263 264 277.4695
197 265 2170.6099
263 265 396.668
266 265 2607.5619
263 266 531.6321
265 266 2607.5619
267 266 469.9248
266 267 469.9248
263 268 176.4291
139 269 100.7354
200 270 805.8018
271 270 82.7815
272 270 82.7815
270 271 82.7815
270 272 82.7815
200 273 63.857
140 274 838.9262
275 274 130.9929
276 274 379.6507
274 275 130.9929
274 276 379.6507
199 277 207.1251
279 278 4909.1802
278 279 4909.1802
280 279 336.587
281 279 612.3699
279 280 336.587
279 281 612.3699
198 282 121.9363
283 282 324.2542
284 282 1662.7868
282 283 324.2542
282 284 1662.7868
137 285 183.1502
198 286 94.8767
127 287 415.8004
288 287 473.7091
289 287 125.0625
287 288 473.7091
291 288 117.4536
292 288 274.499
293 288 888.0995
127 289 438.0201
287 289 125.0625
290 289 923.361
289 290 923.361
291 290 4133.9396
295 290 195.122
288 291 117.4536
290 291 4133.9396
294 291 132.908
296 291 1211.0936
288 292 274.499
288 293 888.0995
291 294 132.908
290 295 195.122
291 296 1211.0936
297 296 1510.8022
301 296 3260.5152
296 297 1510.8022
298 297 2238.1379
304 297 2142.7041
297 298 2238.1379
299 298 319.081
300 298 792.393
298 299 319.081
298 300 792.393
296 301 3260.5152
302 301 560.2241
303 301 381.8251
301 302 560.2241
301 303 381.8251
297 304 2142.7041
120 305 194.2125
306 305 575.0431
307 305 588.9282
305 306 575.0431
305 307 588.9282
202 308 132.7492
113 309 90.8265
202 310 1684.3524
311 310 2630.8866
312 310 177.2107
310 311 2630.8866
310 312 177.2107
203 313 124.8439
205 314 229.3052
315 314 159.4134
316 314 145.7726
317 314 479.6163
111 315 66.0939
314 315 159.4134
318 315 549.7526
314 316 145.7726
314 317 479.6163
319 317 1731.6017
320 317 17421.6028
315 318 549.7526
317 319 1731.6017
206 320 1113.2138
317 320 17421.6028
321 320 367.6471
320 321 367.6471
206 322 2615.7468
323 322 482.6255
326 322 575.7052
322 323 482.6255
324 323 381.971
325 323 266.3116
326 323 656.5988
323 324 381.971
323 325 266.3116
112 326 394.9447
322 326 575.7052
323 326 656.5988
175 327 105.2189
176 328 2891.845
329 328 688.2312
330 328 696.8641
328 329 688.2312
328 330 696.8641
331 330 399.2016
332 330 354.2331
330 331 399.2016
330 332 354.2331
210 333 743.4944
334 333 1486.5468
335 333 550.6608
333 334 1486.5468
210 335 299.1325
333 335 550.6608
336 335 206.5262
335 336 206.5262
98 337 233.1002
36 338 191.1315
114 339 273.224
119 339 4500.45
120 339 3264.7731
37 340 279.4857
80 341 12285.0123
79 342 3240.4407
157 343 90.4159
191 343 3168.5678
192 343 276.0144
194 344 924.2144
56 345 9505.7034
144 346 97.561
