2 1 5125.5766
3 1 6377.551
4 1 6715.9167
5 1 4098.3607
6 1 4697.0409
7 1 4123.7113
8 1 4782.4008
9 1 5473.4537
10 1 5068.4237
11 1 4349.7173
12 1 4535.1474
13 1 5847.9532
14 1 5685.0483
50 1 4221.1904
146 1 2812.1485
1 2 5125.5766
15 2 733.1378
23 2 3677.8227
139 2 19685.0394
1 3 6377.551
23 3 7012.6227
26 3 2894.356
27 3 4789.272
1 4 6715.9167
27 4 4599.816
34 4 8613.2644
44 4 5440.6964
1 5 4098.3607
34 5 6261.7408
49 5 21413.2762
50 5 4152.8239
1 6 4697.0409
56 6 3316.7496
155 6 2941.1765
1 7 4123.7113
57 7 492.6108
62 7 7616.1462
63 7 1682.6519
65 7 5175.9834
67 7 10362.6943
134 7 16583.7479
1 8 4782.4008
69 8 6234.414
133 8 5552.4708
1 9 5473.4537
72 9 3049.7103
83 9 3992.016
98 9 7757.9519
107 9 5995.2038
133 9 5165.2893
1 10 5068.4237
113 10 3139.7174
117 10 6082.7251
1 11 4349.7173
116 11 24154.5894
151 11 18115.942
1 12 4535.1474
145 12 1885.0141
148 12 521.6484
1 13 5847.9532
135 13 4807.6923
144 13 2629.503
146 13 3716.0907
1 14 5685.0483
135 14 1972.7757
136 14 1402.9181
139 14 2050.0205
279 14 276.6252
2 15 733.1378
16 15 3166.5611
139 15 1530.2219
15 16 3166.5611
17 16 14347.2023
288 16 332.7787
16 17 14347.2023
18 17 6321.1125
21 17 1471.2373
22 17 3570.1535
289 17 627.3526
17 18 6321.1125
19 18 7587.2534
20 18 5643.3409
18 19 7587.2534
284 19 356.8879
285 19 1717.6228
18 20 5643.3409
17 21 1471.2373
17 22 3570.1535
2 23 3677.8227
3 23 7012.6227
24 23 7331.3783
25 23 9727.6265
23 24 7331.3783
23 25 9727.6265
3 26 2894.356
27 26 13477.0889
28 26 2187.2266
3 27 4789.272
4 27 4599.816
26 27 13477.0889
30 27 5296.6102
26 28 2187.2266
29 28 10131.7123
31 28 14903.1297
33 28 1902.5875
167 28 1481.262
28 29 10131.7123
27 30 5296.6102
31 30 8012.8205
44 30 325.0975
166 30 439.3673
28 31 14903.1297
30 31 8012.8205
32 31 1022.8086
31 32 1022.8086
28 33 1902.5875
156 33 1890.7166
157 33 5977.2863
161 33 5030.1811
4 34 8613.2644
5 34 6261.7408
44 34 9823.1827
49 34 4504.5045
153 34 15243.9024
36 35 2345.7659
153 35 10341.2616
190 35 170.8817
35 36 2345.7659
41 36 14347.2023
42 36 1296.6805
43 36 15337.4233
188 36 241.838
189 36 377.6435
38 37 7575.7576
39 37 16891.8919
42 37 4570.3839
43 37 18832.3917
37 38 7575.7576
42 38 1398.6014
176 38 5254.8607
37 39 16891.8919
40 39 13774.1047
176 39 3943.2177
39 40 13774.1047
168 40 268.5285
169 40 15898.2512
36 41 14347.2023
36 42 1296.6805
37 42 4570.3839
38 42 1398.6014
181 42 2543.882
36 43 15337.4233
37 43 18832.3917
157 43 186.2544
4 44 5440.6964
30 44 325.0975
34 44 9823.1827
46 45 1603.592
49 45 1430.8199
50 45 4464.2857
45 46 1603.592
47 46 2253.2672
49 46 819.0008
46 47 2253.2672
48 47 1728.0111
49 47 864.3042
47 48 1728.0111
191 48 1029.2301
192 48 268.4564
5 49 21413.2762
34 49 4504.5045
45 49 1430.8199
46 49 819.0008
47 49 864.3042
153 49 1912.0459
1 50 4221.1904
5 50 4152.8239
45 50 4464.2857
51 50 1302.9316
155 50 9049.7738
50 51 1302.9316
52 51 9505.7034
58 51 507.0994
154 51 2205.0717
51 52 9505.7034
53 52 5595.9709
59 52 1778.0939
60 52 1897.5332
52 53 5595.9709
54 53 10548.5232
208 53 1806.6847
53 54 10548.5232
55 54 4553.7341
61 54 9057.971
54 55 4553.7341
193 55 8223.6842
195 55 1605.9097
206 55 473.0369
6 56 3316.7496
57 56 7621.9512
155 56 2121.3407
215 56 272.6281
7 57 492.6108
56 57 7621.9512
63 57 1072.0412
291 57 771.01
51 58 507.0994
212 58 329.5979
214 58 1516.9903
52 59 1778.0939
52 60 1897.5332
208 60 3001.2005
209 60 524.109
54 61 9057.971
206 61 596.6587
208 61 5527.916
7 62 7616.1462
63 62 1178.4115
65 62 12453.3001
7 63 1682.6519
57 63 1072.0412
62 63 1178.4115
64 63 144.7597
63 64 144.7597
7 65 5175.9834
62 65 12453.3001
66 65 121.2856
216 65 68.4463
65 66 121.2856
7 67 10362.6943
68 67 171.409
70 67 17064.8464
67 68 171.409
8 69 6234.414
70 69 13404.8257
75 69 11286.6817
134 69 18691.5888
67 70 17064.8464
69 70 13404.8257
71 70 31948.8818
73 70 2948.9826
134 70 9861.9329
70 71 31948.8818
72 71 14025.2454
75 71 19801.9802
9 72 3049.7103
71 72 14025.2454
73 72 4258.9438
76 72 7267.4419
79 72 1109.0163
70 73 2948.9826
72 73 4258.9438
74 73 1112.0996
73 74 1112.0996
217 74 1489.4251
290 74 5546.3117
69 75 11286.6817
71 75 19801.9802
133 75 16835.0168
72 76 7267.4419
77 76 11947.4313
80 76 1174.9501
76 77 11947.4313
78 77 6199.628
81 77 4266.2116
82 77 2751.7887
77 78 6199.628
82 78 990.099
290 78 5078.7202
72 79 1109.0163
80 79 3392.1303
84 79 2052.1239
76 80 1174.9501
79 80 3392.1303
81 80 5277.0449
77 81 4266.2116
80 81 5277.0449
82 81 3968.254
77 82 2751.7887
78 82 990.099
81 82 3968.254
9 83 3992.016
84 83 32362.4595
98 83 5617.9775
79 84 2052.1239
83 84 32362.4595
85 84 6920.4152
99 84 9302.3256
102 84 1907.6688
103 84 1742.4638
84 85 6920.4152
86 85 9990.01
104 85 2082.4656
85 86 9990.01
87 86 7757.9519
91 86 1959.2476
92 86 336.8137
86 87 7757.9519
88 87 2547.7707
89 87 7122.5071
87 88 2547.7707
89 88 2527.8059
225 88 11086.4745
87 89 7122.5071
88 89 2527.8059
90 89 2915.4519
91 89 473.7091
89 90 2915.4519
92 90 1160.7661
228 90 1131.8619
230 90 1125.8726
86 91 1959.2476
89 91 473.7091
92 91 5691.5196
86 92 336.8137
90 92 1160.7661
91 92 5691.5196
93 92 10526.3158
105 92 21413.2762
92 93 10526.3158
94 93 7886.4353
95 93 8598.4523
96 93 11947.4313
97 93 4116.9205
247 93 2693.9655
93 94 7886.4353
233 94 2827.2547
249 94 2486.9435
93 95 8598.4523
93 96 11947.4313
93 97 4116.9205
9 98 7757.9519
83 98 5617.9775
99 98 11111.1111
106 98 7656.9678
84 99 9302.3256
98 99 11111.1111
100 99 25510.2041
120 99 1432.4595
99 100 25510.2041
101 100 28169.0141
121 100 630.1197
100 101 28169.0141
102 101 17271.1572
128 101 1335.2918
84 102 1907.6688
101 102 17271.1572
103 102 26954.1779
129 102 532.198
84 103 1742.4638
102 103 26954.1779
104 103 27100.271
131 103 4526.9353
85 104 2082.4656
103 104 27100.271
105 104 17636.6843
92 105 21413.2762
104 105 17636.6843
132 105 4361.099
98 106 7656.9678
107 106 15337.4233
109 106 873.3624
112 106 9380.863
9 107 5995.2038
106 107 15337.4233
108 107 1511.9444
107 108 1511.9444
109 108 1683.5017
113 108 1886.4365
106 109 873.3624
108 109 1683.5017
110 109 390.3201
111 109 335.9086
112 109 363.7686
109 110 390.3201
109 111 335.9086
106 112 9380.863
109 112 363.7686
120 112 4310.3448
10 113 3139.7174
108 113 1886.4365
114 113 16556.2914
113 114 16556.2914
115 114 6172.8395
117 114 5393.7433
118 114 1815.541
114 115 6172.8395
116 115 7342.1439
151 115 3608.8055
11 116 24154.5894
115 116 7342.1439
117 116 4079.9674
10 117 6082.7251
114 117 5393.7433
116 117 4079.9674
114 118 1815.541
119 118 171.556
234 118 305.2503
118 119 171.556
99 120 1432.4595
112 120 4310.3448
121 120 21598.2721
100 121 630.1197
120 121 21598.2721
122 121 6321.1125
128 121 2611.6479
121 122 6321.1125
123 122 13245.0331
126 122 8673.0269
127 122 3699.593
122 123 13245.0331
124 123 3169.5721
125 123 3232.0621
126 123 21978.022
123 124 3169.5721
238 124 3599.712
239 124 2043.3183
123 125 3232.0621
239 125 503.7783
241 125 18621.9739
122 126 8673.0269
123 126 21978.022
127 126 554.6312
238 126 607.5334
122 127 3699.593
126 127 554.6312
254 127 166.7779
101 128 1335.2918
121 128 2611.6479
129 128 2878.5262
102 129 532.198
128 129 2878.5262
130 129 578.369
129 130 578.369
103 131 4526.9353
132 131 14641.2884
241 131 1075.1532
105 132 4361.099
131 132 14641.2884
255 132 437.4453
8 133 5552.4708
9 133 5165.2893
75 133 16835.0168
7 134 16583.7479
69 134 18691.5888
70 134 9861.9329
13 135 4807.6923
14 135 1972.7757
140 135 652.3157
144 135 7336.7572
14 136 1402.9181
137 136 661.8134
138 136 1102.2928
136 137 661.8134
136 138 1102.2928
2 139 19685.0394
14 139 2050.0205
15 139 1530.2219
135 140 652.3157
141 140 2097.3154
143 140 278.0868
152 140 7189.0726
140 141 2097.3154
142 141 11587.4855
265 141 4079.9674
141 142 11587.4855
261 142 170.7942
262 142 670.2413
140 143 278.0868
144 143 1010.6114
145 143 779.4232
147 143 509.9439
13 144 2629.503
135 144 7336.7572
143 144 1010.6114
145 144 2564.7602
146 144 3995.2058
12 145 1885.0141
143 145 779.4232
144 145 2564.7602
1 146 2812.1485
13 146 3716.0907
144 146 3995.2058
143 147 509.9439
148 147 756.4297
261 147 1585.0372
264 147 765.6968
12 148 521.6484
147 148 756.4297
149 148 1095.4102
148 149 1095.4102
150 149 14184.3972
151 149 317.0577
149 150 14184.3972
256 150 235.4603
257 150 2787.845
258 150 1063.4904
11 151 18115.942
115 151 3608.8055
149 151 317.0577
140 152 7189.0726
34 153 15243.9024
35 153 10341.2616
49 153 1912.0459
51 154 2205.0717
6 155 2941.1765
50 155 9049.7738
56 155 2121.3407
33 156 1890.7166
33 157 5977.2863
43 157 186.2544
158 157 5076.1421
157 158 5076.1421
159 158 205.2967
160 158 935.4537
158 159 205.2967
158 160 935.4537
33 161 5030.1811
162 161 3012.9557
165 161 2082.4656
161 162 3012.9557
163 162 593.4718
164 162 4349.7173
162 163 593.4718
162 164 4349.7173
161 165 2082.4656
30 166 439.3673
28 167 1481.262
40 168 268.5285
40 169 15898.2512
170 169 2127.207
171 169 5089.0585
169 170 2127.207
169 171 5089.0585
172 171 4821.6008
175 171 1656.4519
171 172 4821.6008
173 172 5530.9735
174 172 1023.332
172 173 5530.9735
172 174 1023.332
171 175 1656.4519
38 176 5254.8607
39 176 3943.2177
177 176 7352.9412
180 176 1323.4516
186 176 871.0801
176 177 7352.9412
178 177 1840.6037
179 177 9505.7034
177 178 1840.6037
177 179 9505.7034
176 180 1323.4516
42 181 2543.882
182 181 2229.1574
186 181 3269.0422
181 182 2229.1574
183 182 1944.7686
186 182 16583.7479
182 183 1944.7686
184 183 2584.6472
185 183 1141.9436
183 184 2584.6472
183 185 1141.9436
176 186 871.0801
181 186 3269.0422
182 186 16583.7479
187 186 3635.0418
186 187 3635.0418
36 188 241.838
36 189 377.6435
35 190 170.8817
48 191 1029.2301
48 192 268.4564
55 193 8223.6842
194 193 793.0214
201 193 4137.3604
193 194 793.0214
195 194 4606.1723
197 194 5042.8643
55 195 1605.9097
194 195 4606.1723
196 195 1878.9929
195 196 1878.9929
194 197 5042.8643
198 197 829.1874
199 197 1394.8947
200 197 1809.9548
197 198 829.1874
197 199 1394.8947
197 200 1809.9548
193 201 4137.3604
202 201 7215.0072
205 201 196.5023
201 202 7215.0072
203 202 526.8704
204 202 796.1783
202 203 526.8704
202 204 796.1783
201 205 196.5023
55 206 473.0369
61 206 596.6587
207 206 1171.0973
206 207 1171.0973
53 208 1806.6847
60 208 3001.2005
61 208 5527.916
60 209 524.109
210 209 312.5977
211 209 649.3506
212 209 781.8608
209 210 312.5977
209 211 649.3506
58 212 329.5979
209 212 781.8608
213 212 929.368
212 213 929.368
58 214 1516.9903
56 215 272.6281
65 216 68.4463
74 217 1489.4251
218 217 129.2491
219 217 78.6782
217 218 129.2491
217 219 78.6782
221 220 294.6376
222 220 607.1645
290 220 2484.472
220 221 294.6376
220 222 607.1645
223 222 2983.2936
224 222 5941.7706
222 223 2983.2936
222 224 5941.7706
88 225 11086.4745
226 225 1904.3992
227 225 371.1952
228 225 4401.4085
225 226 1904.3992
225 227 371.1952
90 228 1131.8619
225 228 4401.4085
229 228 401.1231
230 228 1240.387
228 229 401.1231
90 230 1125.8726
228 230 1240.387
231 230 552.1811
232 230 359.8417
230 231 552.1811
230 232 359.8417
94 233 2827.2547
118 234 305.2503
235 234 564.3341
236 234 7446.0164
237 234 207.9867
234 235 564.3341
234 236 7446.0164
234 237 207.9867
124 238 3599.712
126 238 607.5334
239 238 2286.2369
124 239 2043.3183
125 239 503.7783
238 239 2286.2369
240 239 387.1467
239 240 387.1467
125 241 18621.9739
131 241 1075.1532
242 241 1875.4689
246 241 1976.6752
241 242 1875.4689
243 242 824.4023
244 242 509.9439
242 243 824.4023
242 244 509.9439
246 245 673.8544
241 246 1976.6752
245 246 673.8544
247 246 74.5712
93 247 2693.9655
246 247 74.5712
248 247 258.5984
249 247 1730.7027
251 247 1320.132
247 248 258.5984
94 249 2486.9435
247 249 1730.7027
250 249 253.4854
249 250 253.4854
247 251 1320.132
252 251 985.2217
253 251 2714.4408
251 252 985.2217
251 253 2714.4408
127 254 166.7779
132 255 437.4453
150 256 235.4603
150 257 2787.845
150 258 1063.4904
259 258 5370.5693
260 258 846.7401
258 259 5370.5693
258 260 846.7401
142 261 170.7942
147 261 1585.0372
262 261 1824.4846
142 262 670.2413
261 262 1824.4846
263 262 446.4286
278 262 1487.6525
262 263 446.4286
147 264 765.6968
141 265 4079.9674
266 265 9225.0923
267 265 5546.3117
268 265 2740.4768
269 265 253.0364
265 266 9225.0923
270 266 924.2144
271 266 799.3605
265 267 5546.3117
272 267 919.9632
273 267 884.9558
265 268 2740.4768
274 268 526.5929
275 268 1419.4464
278 268 809.0615
265 269 253.0364
266 270 924.2144
266 271 799.3605
267 272 919.9632
267 273 884.9558
268 274 526.5929
268 275 1419.4464
276 275 4450.3783
277 275 5000.0
278 275 4610.4195
275 276 4450.3783
275 277 5000.0
262 278 1487.6525
268 278 809.0615
275 278 4610.4195
14 279 276.6252
280 279 1355.0136
282 279 3293.8076
279 280 1355.0136
281 280 1924.187
283 280 1504.6645
280 281 1924.187
279 282 3293.8076
280 283 1504.6645
19 284 356.8879
19 285 1717.6228
286 285 2087.6827
287 285 274.4237
285 286 2087.6827
285 287 274.4237
16 288 332.7787
17 289 627.3526
74 290 5546.3117
78 290 5078.7202
220 290 2484.472
57 291 771.01
