2 1 8467.4005
3 1 7293.946
4 1 5494.5055
5 1 7309.9415
6 1 8156.6069
7 1 1173.5712
10 1 1269.8413
11 1 2433.09
31 1 417.7109
91 1 158.2028
1 2 8467.4005
12 2 8904.7195
13 2 5720.8238
1 3 7293.946
35 3 14932.0591
44 3 11893.4348
53 3 16268.0983
1 4 5494.5055
19 4 10673.4977
24 4 6954.1029
27 4 3405.9946
102 4 230.9469
1 5 7309.9415
18 5 3017.5015
20 5 3926.1877
1 6 8156.6069
15 6 7241.1296
18 6 2163.5656
1 7 1173.5712
8 7 592.7682
9 7 455.9964
7 8 592.7682
7 9 455.9964
1 10 1269.8413
1 11 2433.09
2 12 8904.7195
2 13 5720.8238
14 13 120.279
141 13 145.1589
13 14 120.279
6 15 7241.1296
16 15 168.3218
17 15 873.3624
15 16 168.3218
15 17 873.3624
18 17 784.3137
21 17 212.7207
23 17 1472.7541
5 18 3017.5015
6 18 2163.5656
17 18 784.3137
20 18 4570.3839
4 19 10673.4977
20 19 6053.2688
72 19 794.2812
5 20 3926.1877
18 20 4570.3839
19 20 6053.2688
90 20 1431.8442
17 21 212.7207
22 21 2649.7085
57 21 107.5384
21 22 2649.7085
58 22 755.8579
61 22 3572.7045
17 23 1472.7541
4 24 6954.1029
25 24 2276.3487
93 24 3255.2083
24 25 2276.3487
26 25 527.7045
72 25 1412.6289
73 25 1129.433
25 26 527.7045
82 26 3988.8313
86 26 258.0645
4 27 3405.9946
28 27 2134.9274
93 27 7710.1002
27 28 2134.9274
29 28 1068.1478
93 28 3664.3459
28 29 1068.1478
30 29 515.7298
34 29 892.0607
94 29 763.9419
102 29 1722.9497
29 30 515.7298
1 31 417.7109
32 31 246.0025
33 31 231.107
92 31 385.3565
31 32 246.0025
31 33 231.107
34 33 193.9864
102 33 793.6508
29 34 892.0607
33 34 193.9864
96 34 171.3796
3 35 14932.0591
36 35 14742.7392
39 35 30048.0769
35 36 14742.7392
37 36 534.188
38 36 2236.6361
36 37 534.188
36 38 2236.6361
35 39 30048.0769
40 39 1101.2003
41 39 590.6675
42 39 422.833
39 40 1101.2003
106 40 164.7175
113 40 128.8494
39 41 590.6675
39 42 422.833
43 42 452.0796
103 42 65.2316
42 43 452.0796
104 43 456.621
105 43 113.6105
3 44 11893.4348
45 44 2163.5656
46 44 893.655
47 44 1584.5349
44 45 2163.5656
44 46 893.655
44 47 1584.5349
48 47 982.3183
139 47 1538.2249
47 48 982.3183
49 48 4875.6704
52 48 633.7136
48 49 4875.6704
50 49 3878.976
138 49 11781.3384
49 50 3878.976
51 50 5605.3812
121 50 86.3558
50 51 5605.3812
122 51 1224.4398
127 51 7434.9442
48 52 633.7136
3 53 16268.0983
54 53 6702.4129
55 53 2100.3991
56 53 233.3178
53 54 6702.4129
53 55 2100.3991
53 56 233.3178
135 56 366.9725
138 56 326.0515
21 57 107.5384
22 58 755.8579
59 58 256.0819
140 58 1785.7143
58 59 256.0819
60 59 2130.8332
61 59 591.0165
59 60 2130.8332
22 61 3572.7045
59 61 591.0165
62 61 12485.9533
70 61 112.5746
71 61 359.1954
61 62 12485.9533
63 62 6675.5674
66 62 496.2779
62 63 6675.5674
64 63 5219.2067
67 63 152.439
68 63 313.9717
63 64 5219.2067
65 64 3099.814
69 64 664.4518
64 65 3099.814
62 66 496.2779
63 67 152.439
63 68 313.9717
64 69 664.4518
61 70 112.5746
61 71 359.1954
19 72 794.2812
25 72 1412.6289
74 72 376.7898
25 73 1129.433
72 74 376.7898
75 74 6053.2688
78 74 120.9482
74 75 6053.2688
76 75 5138.7461
79 75 151.3775
80 75 252.4615
75 76 5138.7461
77 76 1017.1905
81 76 678.4261
76 77 1017.1905
74 78 120.9482
75 79 151.3775
75 80 252.4615
76 81 678.4261
26 82 3988.8313
83 82 5464.4809
87 82 299.4012
82 83 5464.4809
84 83 1757.4692
88 83 99.3049
83 84 1757.4692
85 84 500.7511
89 84 343.2887
84 85 500.7511
26 86 258.0645
82 87 299.4012
83 88 99.3049
84 89 343.2887
20 90 1431.8442
1 91 158.2028
31 92 385.3565
24 93 3255.2083
27 93 7710.1002
28 93 3664.3459
29 94 763.9419
95 94 3146.6331
99 94 25.9
94 95 3146.6331
96 95 1449.2754
100 95 75.358
34 96 171.3796
95 96 1449.2754
97 96 2912.9042
96 97 2912.9042
98 97 3477.0515
101 97 8857.3959
97 98 3477.0515
94 99 25.9
95 100 75.358
97 101 8857.3959
4 102 230.9469
29 102 1722.9497
33 102 793.6508
42 103 65.2316
43 104 456.621
43 105 113.6105
40 106 164.7175
107 106 1477.9781
111 106 226.398
106 107 1477.9781
108 107 697.8367
112 107 160.0768
120 107 151.9295
107 108 697.8367
109 108 3767.8975
110 108 3164.557
108 109 3767.8975
108 110 3164.557
106 111 226.398
107 112 160.0768
40 113 128.8494
114 113 1057.306
118 113 468.8233
113 114 1057.306
115 114 1363.3265
117 114 186.0465
114 115 1363.3265
116 115 5494.5055
119 115 2650.4108
115 116 5494.5055
114 117 186.0465
113 118 468.8233
115 119 2650.4108
107 120 151.9295
50 121 86.3558
51 122 1224.4398
123 122 315.6566
126 122 206.441
122 123 315.6566
124 123 2283.6264
125 123 623.8303
131 123 21673.1686
123 124 2283.6264
123 125 623.8303
122 126 206.441
51 127 7434.9442
128 127 11272.6863
131 127 727.2727
137 127 1379.3103
127 128 11272.6863
129 128 2655.3372
133 128 438.4042
135 128 171.0571
128 129 2655.3372
130 129 1527.6505
133 129 871.0801
129 130 1527.6505
123 131 21673.1686
127 131 727.2727
132 131 1926.0401
131 132 1926.0401
128 133 438.4042
129 133 871.0801
134 133 624.2197
133 134 624.2197
56 135 366.9725
128 135 171.0571
136 135 798.722
138 135 529.9417
135 136 798.722
127 137 1379.3103
49 138 11781.3384
56 138 326.0515
135 138 529.9417
47 139 1538.2249
58 140 1785.7143
13 141 145.1589
