2 1 4943.1537
3 1 5934.7181
4 1 6365.3724
5 1 5211.0474
6 1 6443.299
7 1 7418.3976
8 1 7199.424
9 1 6609.3853
10 1 5740.5281
11 1 7027.4069
12 1 4837.9294
13 1 3996.8026
14 1 4819.2771
15 1 5934.7181
16 1 4154.5492
75 1 2029.2208
1 2 4943.1537
17 2 369.5492
22 2 2533.5698
146 2 174.0947
1 3 5934.7181
19 3 2663.1158
21 3 3457.8147
22 3 3929.2731
1 4 6365.3724
21 4 16105.6531
23 4 13229.2631
29 4 20072.2601
1 5 5211.0474
29 5 3980.8917
30 5 6640.1062
32 5 2242.1525
33 5 1171.6462
36 5 523.0126
39 5 5479.4521
1 6 6443.299
39 6 16586.4986
41 6 12881.6179
1 7 7418.3976
41 7 13125.082
44 7 14318.4422
47 7 6653.3599
1 8 7199.424
49 8 8110.3001
55 8 4980.0797
1 9 6609.3853
55 9 5316.3211
57 9 332.4468
62 9 3449.4653
1 10 5740.5281
75 10 4078.3034
76 10 134.0483
77 10 1231.3754
1 11 7027.4069
77 11 1542.4958
78 11 2192.5016
79 11 1975.8941
158 11 2970.8853
1 12 4837.9294
95 12 2342.469
103 12 3909.3041
128 12 1591.3431
1 13 3996.8026
127 13 914.0768
129 13 100.1904
130 13 3549.8758
1 14 4819.2771
130 14 1884.3037
138 14 1286.3391
139 14 734.7539
1 15 5934.7181
138 15 545.2563
140 15 185.2538
155 15 2005.6157
157 15 2172.0243
1 16 4154.5492
146 16 178.5714
148 16 632.9114
157 16 1422.0705
2 17 369.5492
18 17 724.113
20 17 490.1961
17 18 724.113
3 19 2663.1158
20 19 2080.2996
22 19 3812.4285
17 20 490.1961
19 20 2080.2996
21 20 1398.4058
3 21 3457.8147
4 21 16105.6531
20 21 1398.4058
23 21 19011.4068
2 22 2533.5698
3 22 3929.2731
19 22 3812.4285
4 23 13229.2631
21 23 19011.4068
24 23 262.1919
25 23 1499.7001
23 24 262.1919
23 25 1499.7001
26 25 699.3007
29 25 914.9131
25 26 699.3007
27 26 577.7008
28 26 1079.9136
26 27 577.7008
26 28 1079.9136
4 29 20072.2601
5 29 3980.8917
25 29 914.9131
30 29 1903.6741
5 30 6640.1062
29 30 1903.6741
31 30 461.6805
30 31 461.6805
5 32 2242.1525
33 32 1438.0213
35 32 123.2894
5 33 1171.6462
32 33 1438.0213
34 33 137.779
33 34 137.779
32 35 123.2894
5 36 523.0126
37 36 465.3327
40 36 958.7728
36 37 465.3327
38 37 97.6562
40 37 310.8486
37 38 97.6562
5 39 5479.4521
6 39 16586.4986
40 39 5984.4405
36 40 958.7728
37 40 310.8486
39 40 5984.4405
6 41 12881.6179
7 41 13125.082
42 41 14558.1598
41 42 14558.1598
43 42 1198.466
45 42 17992.0835
42 43 1198.466
7 44 14318.4422
45 44 11088.9332
47 44 13592.4969
42 45 17992.0835
44 45 11088.9332
46 45 116.9044
45 46 116.9044
7 47 6653.3599
44 47 13592.4969
48 47 918.2736
49 47 9049.7738
47 48 918.2736
8 49 8110.3001
47 49 9049.7738
50 49 7513.148
53 49 15933.7157
49 50 7513.148
51 50 216.8257
52 50 90.9091
50 51 216.8257
50 52 90.9091
49 53 15933.7157
54 53 1901.5022
55 53 18737.1182
53 54 1901.5022
8 55 4980.0797
9 55 5316.3211
53 55 18737.1182
56 55 180.0504
55 56 180.0504
9 57 332.4468
58 57 1342.6423
60 57 296.2085
57 58 1342.6423
59 58 313.3814
61 58 129.0989
58 59 313.3814
57 60 296.2085
58 61 129.0989
9 62 3449.4653
63 62 759.8784
75 62 4424.7788
62 63 759.8784
64 63 8510.6383
69 63 424.8088
71 63 3874.4673
63 64 8510.6383
65 64 3274.3942
70 64 481.232
64 65 3274.3942
66 65 18399.264
72 65 14140.2715
65 66 18399.264
67 66 15192.9505
73 66 18656.7164
66 67 15192.9505
68 67 6329.1139
74 67 11258.7255
67 68 6329.1139
63 69 424.8088
64 70 481.232
63 71 3874.4673
65 72 14140.2715
66 73 18656.7164
67 74 11258.7255
1 75 2029.2208
10 75 4078.3034
62 75 4424.7788
10 76 134.0483
10 77 1231.3754
11 77 1542.4958
78 77 7949.1256
11 78 2192.5016
77 78 7949.1256
79 78 5310.6745
11 79 1975.8941
78 79 5310.6745
80 79 8216.9269
79 80 8216.9269
81 80 5167.9587
85 80 1064.7359
86 80 982.3183
80 81 5167.9587
82 81 12036.5912
85 81 1179.8018
87 81 786.7821
88 81 1822.1574
92 81 681.6633
81 82 12036.5912
83 82 15860.4282
91 82 2164.5022
82 83 15860.4282
84 83 5470.4595
89 83 5063.2911
90 83 3272.2513
83 84 5470.4595
80 85 1064.7359
81 85 1179.8018
92 85 8203.4454
98 85 20259.3193
80 86 982.3183
81 87 786.7821
81 88 1822.1574
83 89 5063.2911
83 90 3272.2513
82 91 2164.5022
92 91 6565.9882
94 91 5931.1981
81 92 681.6633
85 92 8203.4454
91 92 6565.9882
93 92 5540.1662
92 93 5540.1662
91 94 5931.1981
12 95 2342.469
96 95 3079.7659
102 95 399.361
95 96 3079.7659
97 96 1671.123
101 96 2127.207
96 97 1671.123
98 97 17358.0976
100 97 211.8644
85 98 20259.3193
97 98 17358.0976
99 98 506.5856
98 99 506.5856
97 100 211.8644
96 101 2127.207
95 102 399.361
12 103 3909.3041
104 103 619.195
116 103 12903.2258
103 104 619.195
105 104 7251.6316
111 104 1526.9507
104 105 7251.6316
106 105 11135.8575
112 105 328.5151
105 106 11135.8575
107 106 4476.2757
110 106 593.4718
113 106 1863.5855
106 107 4476.2757
108 107 7042.2535
114 107 4228.3298
107 108 7042.2535
109 108 4710.3156
115 108 17717.9305
108 109 4710.3156
106 110 593.4718
104 111 1526.9507
105 112 328.5151
106 113 1863.5855
107 114 4228.3298
108 115 17717.9305
103 116 12903.2258
117 116 10003.0009
128 116 7423.905
116 117 10003.0009
118 117 444.0497
123 117 262.3983
117 118 444.0497
119 118 2903.6005
122 118 6779.661
118 119 2903.6005
120 119 1208.3132
121 119 1904.7619
156 119 481.0005
119 120 1208.3132
119 121 1904.7619
118 122 6779.661
117 123 262.3983
124 123 170.2997
127 123 143.6782
123 124 170.2997
125 124 281.9284
126 124 1154.8678
129 124 134.5533
124 125 281.9284
124 126 1154.8678
13 127 914.0768
123 127 143.6782
128 127 495.2947
12 128 1591.3431
116 128 7423.905
127 128 495.2947
13 129 100.1904
124 129 134.5533
130 129 51.3611
13 130 3549.8758
14 130 1884.3037
129 130 51.3611
131 130 65.5738
130 131 65.5738
132 131 6485.0843
137 131 3418.8034
144 131 5464.4809
131 132 6485.0843
133 132 3571.4286
136 132 2830.4557
132 133 3571.4286
134 133 1829.1568
135 133 3561.2536
133 134 1829.1568
133 135 3561.2536
132 136 2830.4557
131 137 3418.8034
14 138 1286.3391
15 138 545.2563
139 138 214.1328
14 139 734.7539
138 139 214.1328
140 139 227.2211
15 140 185.2538
139 140 227.2211
141 140 51.573
142 140 780.6401
140 141 51.573
140 142 780.6401
143 142 106.849
144 142 3381.8059
142 143 106.849
131 144 5464.4809
142 144 3381.8059
145 144 464.684
144 145 464.684
2 146 174.0947
16 146 178.5714
147 146 188.1114
146 147 188.1114
16 148 632.9114
149 148 2308.4026
155 148 58.7199
157 148 589.9705
148 149 2308.4026
150 149 768.6395
152 149 148.434
149 150 768.6395
151 150 138.5425
155 150 130.039
150 151 138.5425
149 152 148.434
153 152 184.3318
154 152 528.8207
152 153 184.3318
152 154 528.8207
15 155 2005.6157
148 155 58.7199
150 155 130.039
119 156 481.0005
15 157 2172.0243
16 157 1422.0705
148 157 589.9705
11 158 2970.8853
