262 1 602.4096
4 2 5045.4087
5 2 6105.0061
6 2 6242.1973
8 2 5973.7157
9 2 7770.0078
10 2 7097.2321
11 2 6211.1801
13 2 7007.7085
14 2 7178.7509
15 2 5350.4548
16 2 5524.8619
17 2 6042.2961
19 2 6476.6839
20 2 5847.9532
21 2 5704.5066
47 2 2127.207
54 2 444.247
61 2 585.4801
79 2 175.5926
88 2 1106.3171
101 2 485.4369
7 3 321.1304
2 4 5045.4087
2 5 6105.0061
2 6 6242.1973
3 7 321.1304
119 7 453.7205
262 7 12512.5125
2 8 5973.7157
2 9 7770.0078
2 10 7097.2321
2 11 6211.1801
252 12 564.3341
2 13 7007.7085
2 14 7178.7509
2 15 5350.4548
49 15 823.0453
109 15 264.2008
2 16 5524.8619
2 17 6042.2961
254 18 123.885
2 19 6476.6839
29 19 5931.1981
47 19 4432.6241
2 20 5847.9532
2 21 5704.5066
254 22 40.0
172 23 177.2735
173 23 412.0313
174 23 248.2622
262 23 13008.9762
90 24 149.0535
27 25 2151.463
28 25 875.6567
29 25 462.3209
99 26 93.633
25 27 2151.463
25 28 875.6567
133 28 923.361
135 28 787.4016
19 29 5931.1981
25 29 462.3209
30 29 367.9176
29 30 367.9176
31 30 603.8647
32 30 931.9664
30 31 603.8647
148 31 303.4901
250 31 97.7517
30 32 931.9664
94 33 472.8132
164 34 314.5643
47 35 471.2535
163 35 70.8215
175 35 434.2162
186 36 152.2765
233 37 88.0282
250 38 1194.7431
235 39 77.7605
49 40 3036.7446
55 41 61.3874
117 41 114.8501
118 41 196.9667
235 41 441.8913
110 42 315.0599
157 43 333.2223
193 43 315.7562
231 43 137.099
69 44 618.8119
46 45 2428.3633
48 45 6983.2402
247 45 2330.4591
45 46 2428.3633
2 47 2127.207
19 47 4432.6241
35 47 471.2535
45 48 6983.2402
15 49 823.0453
40 49 3036.7446
50 49 1322.9263
111 49 7407.4074
49 50 1322.9263
183 50 595.5926
191 50 653.1679
187 51 39.9521
155 52 139.3146
141 53 379.7949
143 53 48.8998
246 53 3616.6365
2 54 444.247
56 54 104.1233
181 54 109.1227
41 55 61.3874
54 56 104.1233
221 57 91.2409
59 58 394.1663
60 58 111.7443
151 58 985.2217
58 59 394.1663
58 60 111.7443
2 61 585.4801
122 61 83.3333
205 61 297.1768
85 62 43.9367
165 63 231.3744
66 64 66.9792
203 64 229.4631
225 64 105.2742
198 65 107.0435
64 66 66.9792
144 66 127.9918
217 66 153.7752
114 67 122.8954
208 68 18.2083
44 69 618.8119
226 70 94.2507
209 71 44.8632
185 72 129.5672
75 73 140.6668
185 74 291.6302
73 75 140.6668
178 76 235.9604
178 77 360.4903
215 78 102.7855
2 79 175.5926
136 80 683.9945
86 81 703.7298
88 81 372.5782
222 81 164.4196
83 82 141.7635
82 83 141.7635
132 84 200.6421
62 85 43.9367
81 86 703.7298
215 87 224.3158
2 88 1106.3171
81 88 372.5782
95 88 645.5778
197 89 139.8797
24 90 149.0535
92 91 158.932
91 92 158.932
240 93 109.8298
33 94 472.8132
88 95 645.5778
96 95 1086.4841
97 95 1607.717
95 96 1086.4841
97 96 2300.9664
120 96 1269.0355
95 97 1607.717
96 97 2300.9664
100 97 101.2351
260 98 127.9918
26 99 93.633
97 100 101.2351
2 101 485.4369
102 101 725.1632
104 101 164.4196
101 102 725.1632
108 102 371.0575
112 102 126.8231
120 103 265.7454
101 104 164.4196
214 105 105.3519
107 106 401.7678
106 107 401.7678
102 108 371.0575
112 108 224.7191
131 108 288.767
15 109 264.2008
42 110 315.0599
49 111 7407.4074
102 112 126.8231
108 112 224.7191
123 112 1066.2117
251 113 1547.0297
67 114 122.8954
254 115 20.9293
255 116 31.9489
41 117 114.8501
41 118 196.9667
7 119 453.7205
96 120 1269.0355
103 120 265.7454
127 120 1575.0512
161 121 91.8274
61 122 83.3333
112 123 1066.2117
145 124 96.3391
219 125 297.0003
216 126 746.826
120 127 1575.0512
128 127 2972.6516
129 127 5058.1689
127 128 2972.6516
127 129 5058.1689
245 130 719.4245
108 131 288.767
84 132 200.6421
28 133 923.361
210 134 233.209
28 135 787.4016
80 136 683.9945
199 137 5277.0449
236 138 329.7066
205 139 1239.7719
170 140 4446.4206
246 140 2552.9742
257 140 31.7259
53 141 379.7949
171 141 5373.4551
248 141 2328.2887
194 142 76.2195
53 143 48.8998
66 144 127.9918
124 145 96.3391
154 146 106.8148
185 147 97.0874
31 148 303.4901
228 149 83.1255
156 150 950.5703
58 151 985.2217
236 152 146.3058
236 153 68.6342
146 154 106.8148
52 155 139.3146
150 156 950.5703
158 156 206.4836
250 156 143.0001
43 157 333.2223
156 158 206.4836
251 159 946.9697
234 160 155.2072
121 161 91.8274
179 162 133.4223
35 163 70.8215
34 164 314.5643
63 165 231.3744
253 166 432.339
168 167 1485.222
167 168 1485.222
253 169 57.4053
140 170 4446.4206
141 171 5373.4551
23 172 177.2735
23 173 412.0313
23 174 248.2622
35 175 434.2162
179 175 636.5372
253 175 55.8971
206 176 3673.7693
211 177 47.5059
76 178 235.9604
77 178 360.4903
200 178 68.1199
162 179 133.4223
175 179 636.5372
256 179 348.5535
220 180 62.9723
54 181 109.1227
182 181 1082.3682
244 181 43.802
181 182 1082.3682
223 182 92.4214
227 182 225.3775
50 183 595.5926
187 183 1691.1889
230 183 130.6165
245 184 66.357
72 185 129.5672
74 185 291.6302
147 185 97.0874
36 186 152.2765
51 187 39.9521
183 187 1691.1889
189 187 1296.0083
261 188 264.5503
187 189 1296.0083
211 190 171.2036
50 191 653.1679
192 191 1542.4958
232 191 56.4972
191 192 1542.4958
193 192 4612.5461
195 192 11057.0544
234 192 2942.9076
43 193 315.7562
192 193 4612.5461
234 193 6281.407
235 193 3254.149
142 194 76.2195
196 194 969.9321
215 194 3844.6751
192 195 11057.0544
194 196 969.9321
89 197 139.8797
65 198 107.0435
137 199 5277.0449
200 199 2686.0059
204 199 317.965
178 200 68.1199
199 200 2686.0059
201 200 404.8583
200 201 404.8583
202 201 1062.6993
203 201 1223.6907
201 202 1062.6993
64 203 229.4631
201 203 1223.6907
213 203 216.263
199 204 317.965
61 205 297.1768
139 205 1239.7719
206 205 2069.5364
176 206 3673.7693
205 206 2069.5364
207 206 7627.7651
206 207 7627.7651
208 207 1272.4265
237 207 830.5648
68 208 18.2083
207 208 1272.4265
238 208 500.2501
71 209 44.8632
134 210 233.209
211 210 1143.3798
212 210 148.8538
177 211 47.5059
190 211 171.2036
210 211 1143.3798
210 212 148.8538
203 213 216.263
105 214 105.3519
78 215 102.7855
87 215 224.3158
194 215 3844.6751
126 216 746.826
224 216 397.4563
242 216 333.5557
66 217 153.7752
245 218 471.2535
125 219 297.0003
180 220 62.9723
57 221 91.2409
81 222 164.4196
182 223 92.4214
216 224 397.4563
241 224 233.5357
243 224 158.1778
64 225 105.2742
70 226 94.2507
182 227 225.3775
149 228 83.1255
239 229 107.3077
183 230 130.6165
43 231 137.099
191 232 56.4972
37 233 88.0282
160 234 155.2072
192 234 2942.9076
193 234 6281.407
39 235 77.7605
41 235 441.8913
193 235 3254.149
138 236 329.7066
152 236 146.3058
153 236 68.6342
207 237 830.5648
208 238 500.2501
229 239 107.3077
93 240 109.8298
224 241 233.5357
216 242 333.5557
224 243 158.1778
181 244 43.802
130 245 719.4245
184 245 66.357
218 245 471.2535
53 246 3616.6365
140 246 2552.9742
258 246 46.0405
45 247 2330.4591
141 248 2328.2887
249 248 2891.845
261 248 87.8735
248 249 2891.845
31 250 97.7517
38 250 1194.7431
156 250 143.0001
113 251 1547.0297
159 251 946.9697
259 251 28.3447
12 252 564.3341
166 253 432.339
169 253 57.4053
175 253 55.8971
18 254 123.885
22 254 40.0
115 254 20.9293
116 255 31.9489
179 256 348.5535
140 257 31.7259
246 258 46.0405
251 259 28.3447
98 260 127.9918
188 261 264.5503
248 261 87.8735
262 261 122.2942
1 262 602.4096
7 262 12512.5125
23 262 13008.9762
261 262 122.2942
