2 1 8673.0269
3 1 6729.4751
4 1 5099.4391
5 1 6565.9882
6 1 7547.1698
7 1 1608.2342
10 1 1679.2611
11 1 2767.783
31 1 607.1645
83 1 111.3338
1 2 8673.0269
12 2 8605.852
13 2 5263.1579
1 3 6729.4751
35 3 13837.0001
44 3 11130.8994
53 3 16708.4378
1 4 5099.4391
19 4 15055.7061
24 4 9861.9329
27 4 4699.2481
91 4 250.8781
1 5 6565.9882
18 5 4329.0043
20 5 5830.9038
1 6 7547.1698
15 6 8833.9223
18 6 3394.4331
1 7 1608.2342
8 7 740.7407
9 7 429.3688
7 8 740.7407
7 9 429.3688
1 10 1679.2611
1 11 2767.783
2 12 8605.852
2 13 5263.1579
14 13 134.7164
167 13 215.9361
13 14 134.7164
6 15 8833.9223
16 15 267.4512
17 15 1496.334
15 16 267.4512
15 17 1496.334
18 17 1805.38
21 17 331.675
23 17 2578.6488
5 18 4329.0043
6 18 3394.4331
17 18 1805.38
20 18 7241.1296
4 19 15055.7061
20 19 9416.1959
67 19 993.0487
5 20 5830.9038
18 20 7241.1296
19 20 9416.1959
82 20 2515.7233
17 21 331.675
22 21 2973.5355
166 21 81.2348
21 22 2973.5355
57 22 763.9419
59 22 3197.9533
17 23 2578.6488
4 24 9861.9329
25 24 3172.5888
85 24 5506.6079
24 25 3172.5888
26 25 556.7929
67 25 1689.1892
68 25 1411.8311
25 26 556.7929
78 26 3844.6751
122 26 216.8727
4 27 4699.2481
28 27 1951.9813
85 27 10637.1663
27 28 1951.9813
29 28 1004.6213
85 28 4017.6778
28 29 1004.6213
30 29 710.2273
34 29 1010.3051
86 29 702.7407
91 29 1822.1574
29 30 710.2273
1 31 607.1645
32 31 258.5315
33 31 203.4174
84 31 583.7712
31 32 258.5315
31 33 203.4174
34 33 193.9112
91 33 956.9378
29 34 1010.3051
33 34 193.9112
88 34 176.3668
3 35 13837.0001
36 35 14856.6335
39 35 28901.7341
35 36 14856.6335
37 36 423.7288
38 36 2388.9154
36 37 423.7288
36 38 2388.9154
35 39 28901.7341
40 39 1010.2031
41 39 447.6276
42 39 388.9537
39 40 1010.2031
92 40 182.083
97 40 130.0559
39 41 447.6276
39 42 388.9537
43 42 507.3567
199 42 74.7384
42 43 507.3567
202 43 424.9894
209 43 85.7633
3 44 11130.8994
45 44 1986.4919
46 44 908.2652
47 44 1488.0952
44 45 1986.4919
44 46 908.2652
44 47 1488.0952
48 47 919.9632
120 47 1689.1892
47 48 919.9632
49 48 4242.6814
52 48 579.0388
48 49 4242.6814
50 49 3590.6643
119 49 11158.2236
49 50 3590.6643
51 50 5035.2467
184 50 69.8324
50 51 5035.2467
104 51 1620.4829
108 51 6915.6293
48 52 579.0388
3 53 16708.4378
54 53 7320.6442
55 53 1951.6003
56 53 232.8289
53 54 7320.6442
53 55 1951.6003
53 56 232.8289
115 56 321.8539
119 56 321.0273
22 57 763.9419
58 57 310.4626
121 57 2103.9344
57 58 310.4626
59 58 669.7924
164 58 2465.4832
22 59 3197.9533
58 59 669.7924
60 59 11364.9278
66 59 401.6064
148 59 333.5557
59 60 11364.9278
61 60 6468.3053
160 60 222.7171
60 61 6468.3053
62 61 4212.2999
64 61 202.0202
159 61 112.7777
61 62 4212.2999
144 62 163.6126
156 62 5720.8238
150 63 9940.3579
153 63 755.287
156 63 11691.804
157 63 2457.6063
61 64 202.0202
136 65 1861.8507
141 65 343.7607
146 65 5200.208
59 66 401.6064
19 67 993.0487
25 67 1689.1892
69 67 398.2477
25 68 1411.8311
67 69 398.2477
70 69 5803.8305
75 69 175.3771
69 70 5803.8305
71 70 5058.1689
76 70 229.2526
148 70 238.6635
70 71 5058.1689
72 71 9569.378
147 71 536.7687
71 72 9569.378
73 72 6464.1241
77 72 1566.6614
72 73 6464.1241
74 73 1968.8915
77 73 2122.6916
73 74 1968.8915
134 74 1396.258
136 74 9025.2708
69 75 175.3771
70 76 229.2526
72 77 1566.6614
73 77 2122.6916
146 77 5793.7428
26 78 3844.6751
79 78 5730.659
126 78 405.515
78 79 5730.659
80 79 1772.107
134 79 80.9061
79 80 1772.107
81 80 429.7379
145 80 1683.5017
80 81 429.7379
145 81 472.8132
149 81 2438.4297
20 82 2515.7233
1 83 111.3338
31 84 583.7712
24 85 5506.6079
27 85 10637.1663
28 85 4017.6778
29 86 702.7407
87 86 3995.2058
211 86 16.518
86 87 3995.2058
88 87 1899.696
210 87 70.1754
34 88 176.3668
87 88 1899.696
89 88 3033.9806
88 89 3033.9806
90 89 4020.9087
212 89 562.4297
89 90 4020.9087
213 90 600.9615
214 90 8071.025
4 91 250.8781
29 91 1822.1574
33 91 956.9378
40 92 182.083
93 92 1943.2569
193 92 213.1742
92 93 1943.2569
94 93 803.8585
96 93 528.8207
103 93 352.2367
93 94 803.8585
95 94 6596.3061
196 94 367.6471
94 95 6596.3061
197 95 346.1405
198 95 221.8771
93 96 528.8207
193 96 404.8583
195 96 75.3012
40 97 130.0559
98 97 1126.8875
102 97 600.2401
97 98 1126.8875
99 98 1362.5835
101 98 296.472
98 99 1362.5835
100 99 7942.8118
187 99 211.5507
190 99 1437.8145
99 100 7942.8118
185 100 5773.6721
188 100 2344.1163
98 101 296.472
97 102 600.2401
93 103 352.2367
51 104 1620.4829
105 104 325.2033
107 104 252.9724
104 105 325.2033
106 105 2816.9014
112 105 19700.5516
182 105 266.1698
105 106 2816.9014
179 106 2141.7862
181 106 513.8746
104 107 252.9724
51 108 6915.6293
109 108 9746.5887
112 108 742.3905
118 108 1749.7813
108 109 9746.5887
110 109 2503.7556
114 109 520.8333
116 109 454.5455
109 110 2503.7556
111 110 1526.7176
114 110 1028.4891
110 111 1526.7176
170 111 5361.9303
173 111 1384.083
105 112 19700.5516
108 112 742.3905
113 112 2378.1213
112 113 2378.1213
176 113 4347.8261
179 113 7722.0077
109 114 520.8333
110 114 1028.4891
173 114 256.8053
56 115 321.8539
116 115 315.0599
117 115 942.5071
119 115 513.347
109 116 454.5455
115 116 315.0599
168 116 649.7726
169 116 525.4861
115 117 942.5071
108 118 1749.7813
49 119 11158.2236
56 119 321.0273
115 119 513.347
47 120 1689.1892
57 121 2103.9344
26 122 216.8727
123 122 1014.6104
124 122 1685.2039
122 123 1014.6104
122 124 1685.2039
125 124 6013.2291
126 124 1003.8145
124 125 6013.2291
78 126 405.515
124 126 1003.8145
127 126 1047.5592
128 126 230.7337
126 127 1047.5592
126 128 230.7337
130 129 3786.4445
132 129 214.4082
145 129 606.4281
129 130 3786.4445
131 130 1786.9907
133 130 1096.4912
130 131 1786.9907
129 132 214.4082
130 133 1096.4912
74 134 1396.258
79 134 80.9061
135 134 343.9972
134 135 343.9972
65 136 1861.8507
74 136 9025.2708
137 136 4796.1631
140 136 1019.9918
136 137 4796.1631
138 137 4430.6602
143 137 320.7184
137 138 4430.6602
139 138 2460.0246
142 138 6402.0487
138 139 2460.0246
136 140 1019.9918
65 141 343.7607
138 142 6402.0487
137 143 320.7184
62 144 163.6126
80 145 1683.5017
81 145 472.8132
129 145 606.4281
65 146 5200.208
77 146 5793.7428
147 146 1574.0595
71 147 536.7687
146 147 1574.0595
148 147 1089.562
59 148 333.5557
70 148 238.6635
147 148 1089.562
81 149 2438.4297
63 150 9940.3579
151 150 9225.0923
155 150 793.0214
150 151 9225.0923
152 151 2325.5814
154 151 3270.1112
151 152 2325.5814
63 153 755.287
151 154 3270.1112
150 155 793.0214
62 156 5720.8238
63 156 11691.804
157 156 1186.2396
63 157 2457.6063
156 157 1186.2396
158 157 841.0429
157 158 841.0429
61 159 112.7777
60 160 222.7171
162 161 4140.7867
163 161 1845.6995
164 161 2100.8403
161 162 4140.7867
161 163 1845.6995
58 164 2465.4832
161 164 2100.8403
165 164 209.7315
164 165 209.7315
21 166 81.2348
13 167 215.9361
116 168 649.7726
116 169 525.4861
111 170 5361.9303
171 170 1419.245
172 170 1029.442
170 171 1419.245
170 172 1029.442
111 173 1384.083
114 173 256.8053
174 173 1237.6238
175 173 2282.5839
173 174 1237.6238
173 175 2282.5839
113 176 4347.8261
177 176 2780.8676
224 176 880.2817
176 177 2780.8676
178 177 525.2101
223 177 1422.8799
177 178 525.2101
106 179 2141.7862
113 179 7722.0077
180 179 831.9468
183 179 324.1491
179 180 831.9468
106 181 513.8746
105 182 266.1698
179 183 324.1491
50 184 69.8324
100 185 5773.6721
186 185 296.5599
189 185 553.4034
185 186 296.5599
99 187 211.5507
100 188 2344.1163
185 189 553.4034
99 190 1437.8145
191 190 1443.6264
192 190 1645.5488
190 191 1443.6264
190 192 1645.5488
92 193 213.1742
96 193 404.8583
194 193 1210.8003
193 194 1210.8003
96 195 75.3012
94 196 367.6471
95 197 346.1405
95 198 221.8771
42 199 74.7384
200 199 692.5208
201 199 1331.9126
199 200 692.5208
199 201 1331.9126
43 202 424.9894
203 202 12113.8704
208 202 1024.1704
202 203 12113.8704
204 203 2527.8059
207 203 159.5405
203 204 2527.8059
205 204 7251.6316
206 204 2460.0246
204 205 7251.6316
204 206 2460.0246
203 207 159.5405
202 208 1024.1704
43 209 85.7633
87 210 70.1754
86 211 16.518
89 212 562.4297
90 213 600.9615
90 214 8071.025
215 214 14062.7197
219 214 2617.1159
214 215 14062.7197
216 215 10706.6381
220 215 7552.8701
215 216 10706.6381
217 216 11291.7796
221 216 14983.5181
216 217 11291.7796
218 217 5042.8643
222 217 14664.9069
217 218 5042.8643
214 219 2617.1159
215 220 7552.8701
216 221 14983.5181
217 222 14664.9069
177 223 1422.8799
176 224 880.2817
