2 1 6035.003
3 1 7347.5386
4 1 6821.2824
5 1 5390.8356
6 1 6858.7106
7 1 7423.905
8 1 5558.6437
9 1 6578.9474
10 1 1007.1508
15 1 5159.9587
16 1 251.5723
21 1 2894.356
27 1 111.9445
30 1 396.3535
35 1 2561.4754
36 1 3657.6445
43 1 5449.5913
44 1 2919.708
52 1 404.3672
53 1 144.8226
55 1 6816.6326
62 1 1404.1
70 1 72.2022
71 1 42.0345
77 1 1078.1671
91 1 2583.9793
95 1 282.6456
103 1 6983.2402
115 1 49.975
118 1 216.4034
1 2 6035.003
103 2 4177.1094
113 2 1208.1672
114 2 1846.3811
115 2 96.3391
1 3 7347.5386
90 3 6565.9882
91 3 3343.3634
1 4 6821.2824
84 4 9066.1831
85 4 773.3952
90 4 5379.2361
1 5 5390.8356
67 5 615.3846
75 5 46.3392
77 5 684.9315
1 6 6858.7106
62 6 1248.4395
66 6 2155.637
1 7 7423.905
60 7 3236.246
61 7 4056.7951
1 8 5558.6437
48 8 93.7207
51 8 29.036
1 9 6578.9474
17 9 232.1263
18 9 206.3558
19 9 166.8057
1 10 1007.1508
11 10 140.5679
15 10 359.4536
10 11 140.5679
12 11 1107.5424
18 11 163.559
11 12 1107.5424
13 12 3277.6139
14 12 5099.4391
12 13 3277.6139
12 14 5099.4391
1 15 5159.9587
10 15 359.4536
16 15 520.0208
1 16 251.5723
15 16 520.0208
17 16 327.1181
9 17 232.1263
16 17 327.1181
18 17 347.2222
9 18 206.3558
11 18 163.559
17 18 347.2222
9 19 166.8057
20 19 162.8664
23 19 834.7245
19 20 162.8664
1 21 2894.356
22 21 6747.6383
25 21 2265.5188
21 22 6747.6383
23 22 1544.4015
25 22 832.6395
19 23 834.7245
22 23 1544.4015
24 23 102.0304
23 24 102.0304
21 25 2265.5188
22 25 832.6395
26 25 416.8404
25 26 416.8404
1 27 111.9445
28 27 1735.8098
29 27 619.9628
27 28 1735.8098
27 29 619.9628
1 30 396.3535
31 30 282.7255
34 30 109.0037
30 31 282.7255
32 31 5015.0451
33 31 1459.4279
31 32 5015.0451
31 33 1459.4279
30 34 109.0037
1 35 2561.4754
36 35 6702.4129
37 35 3204.1012
1 36 3657.6445
35 36 6702.4129
37 36 1288.1618
35 37 3204.1012
36 37 1288.1618
38 37 1162.9259
37 38 1162.9259
39 38 68.8705
40 38 517.5983
38 39 68.8705
38 40 517.5983
41 40 105.6524
42 40 144.2377
40 41 105.6524
40 42 144.2377
1 43 5449.5913
44 43 1978.6308
45 43 724.6377
1 44 2919.708
43 44 1978.6308
45 44 775.7952
43 45 724.6377
44 45 775.7952
46 45 72.4113
47 45 209.0301
45 46 72.4113
45 47 209.0301
8 48 93.7207
49 48 47.0367
50 48 96.5251
48 49 47.0367
48 50 96.5251
8 51 29.036
1 52 404.3672
1 53 144.8226
54 53 174.2464
56 53 148.7652
53 54 174.2464
1 55 6816.6326
56 55 205.6767
59 55 49.975
53 56 148.7652
55 56 205.6767
57 56 81.5661
58 56 71.582
56 57 81.5661
56 58 71.582
55 59 49.975
7 60 3236.246
7 61 4056.7951
1 62 1404.1
6 62 1248.4395
63 62 411.0152
62 63 411.0152
64 63 1135.0738
69 63 65.703
63 64 1135.0738
65 64 72.2543
76 64 92.4214
64 65 72.2543
6 66 2155.637
5 67 615.3846
68 67 362.9764
72 67 160.8752
67 68 362.9764
63 69 65.703
1 70 72.2022
1 71 42.0345
67 72 160.8752
73 72 274.0477
74 72 130.8558
72 73 274.0477
72 74 130.8558
5 75 46.3392
64 76 92.4214
1 77 1078.1671
5 77 684.9315
78 77 477.5549
89 77 532.198
77 78 477.5549
80 79 195.9632
81 79 560.2241
89 79 1163.0612
126 79 613.8735
79 80 195.9632
79 81 560.2241
82 81 2187.2266
83 81 4757.3739
81 82 2187.2266
81 83 4757.3739
4 84 9066.1831
4 85 773.3952
86 85 440.7228
89 85 67.2495
92 85 160.4364
85 86 440.7228
87 86 305.9976
93 86 464.2526
86 87 305.9976
88 87 214.2704
93 87 334.4482
87 88 214.2704
77 89 532.198
79 89 1163.0612
85 89 67.2495
3 90 6565.9882
4 90 5379.2361
91 90 1830.8312
1 91 2583.9793
3 91 3343.3634
90 91 1830.8312
92 91 137.76
94 91 47.0588
85 92 160.4364
91 92 137.76
93 92 90.9918
86 93 464.2526
87 93 334.4482
92 93 90.9918
91 94 47.0588
1 95 282.6456
96 95 1214.7716
99 95 2250.225
95 96 1214.7716
97 96 381.8251
98 96 1451.3788
96 97 381.8251
96 98 1451.3788
95 99 2250.225
100 99 689.1799
104 99 176.8347
105 99 355.9986
99 100 689.1799
101 100 1598.4655
106 100 330.5785
100 101 1598.4655
102 101 1702.7073
107 101 192.0492
101 102 1702.7073
1 103 6983.2402
2 103 4177.1094
104 103 1298.027
114 103 10270.1037
99 104 176.8347
103 104 1298.027
105 104 1660.8537
99 105 355.9986
104 105 1660.8537
106 105 3710.5751
100 106 330.5785
105 106 3710.5751
107 106 2476.4735
101 107 192.0492
106 107 2476.4735
108 107 12658.2278
125 107 6082.7251
107 108 12658.2278
109 108 1637.4652
120 108 3793.6267
108 109 1637.4652
110 109 7570.0227
111 109 1660.5779
109 110 7570.0227
109 111 1660.5779
113 112 172.6519
2 113 1208.1672
112 113 172.6519
114 113 7230.658
2 114 1846.3811
103 114 10270.1037
113 114 7230.658
1 115 49.975
2 115 96.3391
116 115 455.3734
115 116 455.3734
117 116 262.674
118 116 116.7542
116 117 262.674
1 118 216.4034
116 118 116.7542
119 118 66.1376
118 119 66.1376
108 120 3793.6267
121 120 7639.4194
124 120 3709.1988
120 121 7639.4194
122 121 4132.2314
123 121 3800.8362
121 122 4132.2314
121 123 3800.8362
120 124 3709.1988
107 125 6082.7251
79 126 613.8735
