2 1 9000.9001
3 1 7082.153
4 1 4221.1904
5 1 5076.1421
7 1 6635.7001
8 1 171.9986
12 1 55.9597
17 1 2809.778
20 1 224.5173
102 1 21.8914
1 2 9000.9001
1 3 7082.153
40 3 2696.8716
56 3 2334.267
133 3 105.0641
1 4 4221.1904
1 5 5076.1421
29 5 295.0723
30 5 188.1822
32 6 70.4722
1 7 6635.7001
1 8 171.9986
11 9 3117.207
32 9 65.8762
73 9 147.3405
54 10 384.4675
9 11 3117.207
13 11 193.4985
14 11 533.049
173 11 143.0615
1 12 55.9597
11 13 193.4985
11 14 533.049
16 15 972.7626
26 15 211.0595
47 15 122.9861
15 16 972.7626
134 16 47.9616
192 16 967.118
1 17 2809.778
27 18 459.9816
27 19 70.2247
170 19 51.2295
181 19 3831.4176
253 19 242.483
1 20 224.5173
21 20 2342.469
95 20 89.5255
20 21 2342.469
59 21 188.3594
60 21 1747.6407
23 22 5053.0571
27 22 4923.6829
134 22 1713.2088
22 23 5053.0571
24 23 271.1497
117 23 128.4852
23 24 271.1497
253 25 62.8536
15 26 211.0595
18 27 459.9816
19 27 70.2247
22 27 4923.6829
80 28 237.9253
5 29 295.0723
85 29 3086.4198
136 29 158.5289
5 30 188.1822
31 30 488.0429
100 30 251.6356
30 31 488.0429
6 32 70.4722
9 32 65.8762
172 32 292.6544
34 33 7072.1358
57 33 453.1038
181 33 11173.1844
33 34 7072.1358
35 34 528.262
36 34 1596.9339
34 35 528.262
34 36 1596.9339
45 37 259.2017
62 37 235.1281
100 37 33.0688
50 38 2745.7441
101 38 76.746
239 38 690.6077
211 39 826.4463
3 40 2696.8716
41 40 338.295
46 40 95.6938
40 41 338.295
118 41 174.581
121 41 144.5922
43 42 1879.346
65 42 112.3217
239 42 747.3842
42 43 1879.346
44 43 576.3689
55 43 117.1921
43 44 576.3689
182 44 253.4212
239 44 143.4309
37 45 259.2017
40 46 95.6938
47 46 515.4639
269 46 91.9118
15 47 122.9861
46 47 515.4639
172 47 414.4219
69 48 268.4564
175 48 278.94
247 48 1177.7176
175 49 111.4206
38 50 2745.7441
182 51 201.9386
135 52 331.2355
122 53 446.628
123 53 1042.7529
125 53 4231.9086
10 54 384.4675
55 54 1722.0596
270 54 584.1121
43 55 117.1921
54 55 1722.0596
57 55 304.878
3 56 2334.267
33 57 453.1038
55 57 304.878
180 57 1682.0858
149 58 246.2448
21 59 188.3594
60 59 571.7553
158 59 2036.6599
21 60 1747.6407
59 60 571.7553
61 60 8196.7213
149 60 497.265
60 61 8196.7213
63 61 1126.3798
157 61 161.7861
37 62 235.1281
61 63 1126.3798
68 63 1386.9626
153 63 4466.2796
103 64 282.2467
151 64 6858.7106
153 64 8628.1277
154 64 2374.7328
42 65 112.3217
242 66 5037.7834
145 67 258.3312
63 68 1386.9626
153 68 1188.3541
197 68 238.4927
48 69 268.4564
144 70 2406.1598
147 70 373.6921
148 70 2962.0853
174 71 40.404
174 72 88.8889
9 73 147.3405
165 74 168.152
257 75 337.2681
260 76 1281.23
166 77 1919.3858
133 78 796.1783
94 79 174.125
144 79 6207.3246
148 79 283.4467
28 80 237.9253
246 81 87.108
83 82 324.7808
84 82 253.8715
249 82 584.4535
82 83 324.7808
82 84 253.8715
29 85 3086.4198
86 85 4923.6829
138 85 160.0512
85 86 4923.6829
87 86 1635.858
93 86 1270.1639
86 87 1635.858
140 87 386.9969
150 87 416.1465
132 88 865.8009
131 89 1681.5201
233 90 735.2941
233 91 207.7706
234 92 413.736
86 93 1270.1639
79 94 174.125
20 95 89.5255
218 96 228.0502
217 97 356.1254
218 98 111.2718
205 99 143.9885
210 99 482.8585
217 99 203.9152
30 100 251.6356
37 100 33.0688
101 100 3706.4492
38 101 76.746
100 101 3706.4492
102 101 1818.1818
1 102 21.8914
101 102 1818.1818
196 102 2458.8149
64 103 282.2467
177 104 606.4281
178 104 8064.5161
196 104 4116.9205
187 105 421.763
185 106 285.3881
183 107 182.8154
189 108 136.147
164 109 1044.8229
255 110 2386.0654
163 111 599.5204
251 112 219.106
169 113 349.6503
263 114 122.489
116 115 517.3306
115 116 517.3306
23 117 128.4852
41 118 174.581
119 118 703.2349
169 118 216.0294
118 119 703.2349
120 119 6402.0487
267 119 305.4368
119 120 6402.0487
264 120 85.3242
268 120 821.6927
41 121 144.5922
166 121 2546.4731
168 121 745.7122
53 122 446.628
53 123 1042.7529
124 123 389.1051
129 123 1528.3509
123 124 389.1051
130 124 17373.1758
165 124 899.2806
53 125 4231.9086
126 125 6983.2402
129 125 1253.7613
125 126 6983.2402
127 126 1921.2296
131 126 361.2717
135 126 462.3209
126 127 1921.2296
128 127 1396.648
131 127 1319.9578
127 128 1396.648
161 128 318.1674
162 128 637.3486
123 129 1528.3509
125 129 1253.7613
130 129 981.3543
124 130 17373.1758
129 130 981.3543
165 130 1447.597
89 131 1681.5201
126 131 361.2717
127 131 1319.9578
88 132 865.8009
3 133 105.0641
78 133 796.1783
135 133 407.498
16 134 47.9616
22 134 1713.2088
253 134 510.4645
52 135 331.2355
126 135 462.3209
133 135 407.498
238 135 120.919
29 136 158.5289
137 136 759.3014
139 136 2902.7576
136 137 759.3014
185 137 183.7897
186 137 144.9485
85 138 160.0512
139 138 5530.9735
187 138 394.9447
136 139 2902.7576
138 139 5530.9735
184 139 5527.916
87 140 386.9969
141 140 2294.6306
195 140 635.7279
140 141 2294.6306
142 141 2020.202
143 141 2707.8256
141 142 2020.202
189 142 4750.5938
193 142 105.2521
141 143 2707.8256
70 144 2406.1598
79 144 6207.3246
146 144 398.2477
195 144 848.8964
67 145 258.3312
144 146 398.2477
70 147 373.6921
70 148 2962.0853
79 148 283.4467
149 148 729.927
58 149 246.2448
60 149 497.265
148 149 729.927
87 150 416.1465
64 151 6858.7106
152 151 6657.7896
221 151 369.1399
151 152 6657.7896
207 152 1907.305
213 152 296.3841
63 153 4466.2796
64 153 8628.1277
68 153 1188.3541
154 153 1203.3694
64 154 2374.7328
153 154 1203.3694
229 154 257.5992
249 155 333.7784
157 156 4332.7556
158 156 1305.9945
236 156 157.7536
61 157 161.7861
156 157 4332.7556
228 157 2233.1398
232 157 355.2398
59 158 2036.6599
156 158 1305.9945
237 158 147.8634
228 159 1737.6195
244 160 366.0322
128 161 318.1674
128 162 637.3486
240 162 4154.5492
248 162 219.4908
111 163 599.5204
109 164 1044.8229
252 164 1997.2039
254 164 493.8272
74 165 168.152
124 165 899.2806
130 165 1447.597
77 166 1919.3858
121 166 2546.4731
167 166 466.4179
166 167 466.4179
121 168 745.7122
169 168 541.1255
261 168 3415.3005
113 169 349.6503
118 169 216.0294
168 169 541.1255
261 169 989.1197
19 170 51.2295
269 171 456.621
32 172 292.6544
47 172 414.4219
173 172 2292.5264
11 173 143.0615
172 173 2292.5264
174 173 9633.9114
71 174 40.404
72 174 88.8889
173 174 9633.9114
269 174 247.8929
48 175 278.94
49 175 111.4206
196 175 384.0246
236 176 242.7774
104 177 606.4281
104 178 8064.5161
179 178 13774.1047
247 178 200.1601
178 179 13774.1047
180 179 10690.6136
182 179 7855.4595
57 180 1682.0858
179 180 10690.6136
181 180 17889.0877
19 181 3831.4176
33 181 11173.1844
180 181 17889.0877
44 182 253.4212
51 182 201.9386
179 182 7855.4595
107 183 182.8154
139 184 5527.916
185 184 4152.8239
187 184 286.533
106 185 285.3881
137 185 183.7897
184 185 4152.8239
137 186 144.9485
105 187 421.763
138 187 394.9447
184 187 286.533
212 188 161.3684
108 189 136.147
142 189 4750.5938
190 189 85.6164
189 190 85.6164
225 191 151.3546
16 192 967.118
142 193 105.2521
195 194 176.2736
140 195 635.7279
144 195 848.8964
194 195 176.2736
102 196 2458.8149
104 196 4116.9205
175 196 384.0246
68 197 238.4927
198 197 1076.6581
199 197 217.2968
197 198 1076.6581
197 199 217.2968
200 199 737.4631
203 199 111.8068
199 200 737.4631
201 200 157.4059
202 200 220.0704
200 201 157.4059
200 202 220.0704
199 203 111.8068
205 204 299.1325
99 205 143.9885
204 205 299.1325
206 205 682.1282
205 206 682.1282
152 207 1907.305
208 207 13328.0021
213 207 248.2005
207 208 13328.0021
209 208 5941.7706
215 208 177.3993
208 209 5941.7706
210 209 114.7315
212 209 106.3377
99 210 482.8585
209 210 114.7315
212 210 1101.6856
39 211 826.4463
188 212 161.3684
209 212 106.3377
210 212 1101.6856
152 213 296.3841
207 213 248.2005
214 213 400.9623
213 214 400.9623
215 214 2165.4396
220 214 102.6799
208 215 177.3993
214 215 2165.4396
216 215 499.7501
218 215 419.2872
215 216 499.7501
217 216 1366.1202
219 216 437.254
97 217 356.1254
99 217 203.9152
216 217 1366.1202
96 218 228.0502
98 218 111.2718
215 218 419.2872
216 219 437.254
214 220 102.6799
222 220 279.1736
226 220 270.4896
151 221 369.1399
222 221 719.9424
229 221 1666.1113
220 222 279.1736
221 222 719.9424
223 222 9606.1479
222 223 9606.1479
224 223 280.112
229 223 1264.8621
223 224 280.112
225 224 1131.99
227 224 130.3781
191 225 151.3546
224 225 1131.99
231 225 52.7426
220 226 270.4896
224 227 130.3781
157 228 2233.1398
159 228 1737.6195
230 228 954.1985
154 229 257.5992
221 229 1666.1113
223 229 1264.8621
228 230 954.1985
225 231 52.7426
157 232 355.2398
233 232 626.5664
235 232 204.2067
90 233 735.2941
91 233 207.7706
232 233 626.5664
236 233 391.8495
92 234 413.736
232 235 204.2067
156 236 157.7536
176 236 242.7774
233 236 391.8495
158 237 147.8634
135 238 120.919
38 239 690.6077
42 239 747.3842
44 239 143.4309
247 239 102.6589
162 240 4154.5492
241 240 611.2469
245 240 286.4509
250 240 144.0092
240 241 611.2469
66 242 5037.7834
244 243 484.0271
160 244 366.0322
243 244 484.0271
245 244 100.1904
240 245 286.4509
244 245 100.1904
248 245 149.6782
81 246 87.108
48 247 1177.7176
178 247 200.1601
239 247 102.6589
162 248 219.4908
245 248 149.6782
249 248 80.0
82 249 584.4535
155 249 333.7784
248 249 80.0
240 250 144.0092
112 251 219.106
164 252 1997.2039
19 253 242.483
25 253 62.8536
134 253 510.4645
164 254 493.8272
110 255 2386.0654
259 256 1018.6411
75 257 337.2681
259 258 1861.5041
256 259 1018.6411
258 259 1861.5041
260 259 156.6416
76 260 1281.23
259 260 156.6416
261 260 456.621
168 261 3415.3005
169 261 989.1197
260 261 456.621
262 261 6910.85
261 262 6910.85
114 263 122.489
120 264 85.3242
268 265 275.2546
267 266 239.8657
119 267 305.4368
266 267 239.8657
268 267 638.5696
120 268 821.6927
265 268 275.2546
267 268 638.5696
46 269 91.9118
171 269 456.621
174 269 247.8929
54 270 584.1121
