2 1 7451.5648
3 1 6112.4694
4 1 5546.3117
5 1 7022.4719
6 1 7153.0758
7 1 6042.2961
8 1 6613.7566
9 1 6605.0198
10 1 6574.622
30 1 60.6796
36 1 193.0875
58 1 148.434
85 1 220.0704
110 1 1198.897
1 2 7451.5648
1 3 6112.4694
1 4 5546.3117
32 4 2868.6173
54 4 126.1193
1 5 7022.4719
31 5 176.4914
32 5 1802.1265
1 6 7153.0758
1 7 6042.2961
15 7 778.2101
21 7 1107.4197
1 8 6613.7566
1 9 6605.0198
14 9 65.2316
39 9 135.7773
1 10 6574.622
12 11 308.7373
11 12 308.7373
43 13 159.566
9 14 65.2316
45 14 3220.6119
47 14 410.0041
120 14 5393.7433
7 15 778.2101
16 15 1059.8834
21 15 1777.1459
15 16 1059.8834
17 16 997.009
20 16 168.6056
16 17 997.009
18 17 1189.768
19 17 1330.4949
17 18 1189.768
49 18 114.5607
84 18 234.192
17 19 1330.4949
16 20 168.6056
7 21 1107.4197
15 21 1777.1459
22 21 818.3306
21 22 818.3306
126 23 303.3981
25 24 107.9797
24 25 107.9797
26 25 584.1121
27 25 894.4544
29 25 1489.8689
25 26 584.1121
25 27 894.4544
31 27 803.2129
107 27 257.1355
29 28 7668.7117
52 28 1169.5906
53 28 3124.0237
25 29 1489.8689
28 29 7668.7117
108 29 10151.2537
1 30 60.6796
5 31 176.4914
27 31 803.2129
67 31 69.7837
4 32 2868.6173
5 32 1802.1265
66 32 116.428
109 33 434.5937
110 34 919.9632
93 35 104.5916
1 36 193.0875
37 36 206.6543
86 36 106.2248
94 36 103.5626
36 37 206.6543
61 37 1940.9938
90 37 41.3736
85 38 1533.5071
9 39 135.7773
41 39 176.7409
42 39 164.8533
119 40 147.6233
39 41 176.7409
70 41 99.6016
111 41 91.9118
39 42 164.8533
114 42 56.9801
115 42 122.971
13 43 159.566
65 44 461.4675
14 45 3220.6119
46 45 163.0258
74 45 168.6341
45 46 163.0258
14 47 410.0041
84 48 493.0966
18 49 114.5607
83 50 93.4579
84 50 140.1149
121 50 341.6467
122 50 740.7407
83 51 194.4769
28 52 1169.5906
28 53 3124.0237
76 53 151.607
127 53 154.8467
4 54 126.1193
77 54 167.252
106 54 36.1141
57 55 178.6671
95 55 124.3781
125 55 231.2673
128 55 476.4173
78 56 1067.2359
96 56 75.7002
97 56 121.7137
129 56 269.5418
55 57 178.6671
80 57 489.9559
105 57 817.6615
1 58 148.434
59 58 2145.9227
60 58 2688.8949
58 59 2145.9227
69 59 91.9118
92 59 1931.6206
58 60 2688.8949
90 60 94.518
92 60 2968.2398
37 61 1940.9938
62 61 312.5977
87 61 116.7406
61 62 312.5977
85 63 670.6908
123 64 595.9476
44 65 461.4675
32 66 116.428
31 67 69.7837
92 68 88.0282
59 69 91.9118
41 70 99.6016
112 70 132.3276
113 70 126.4063
72 71 180.6685
71 72 180.6685
118 73 273.4482
45 74 168.6341
121 75 504.2864
53 76 151.607
54 77 167.252
79 77 149.1869
101 77 2844.1411
56 78 1067.2359
77 79 149.1869
57 80 489.9559
81 80 2801.1204
97 80 250.3129
80 81 2801.1204
82 81 1673.3601
99 81 57.1429
103 81 100.04
81 82 1673.3601
100 82 276.3194
101 82 179.6945
50 83 93.4579
51 83 194.4769
121 83 186.9508
18 84 234.192
48 84 493.0966
50 84 140.1149
1 85 220.0704
38 85 1533.5071
63 85 670.6908
36 86 106.2248
61 87 116.7406
88 87 108.4834
89 87 167.364
87 88 108.4834
87 89 167.364
37 90 41.3736
60 90 94.518
91 90 266.3116
90 91 266.3116
59 92 1931.6206
60 92 2968.2398
68 92 88.0282
35 93 104.5916
36 94 103.5626
55 95 124.3781
56 96 75.7002
56 97 121.7137
80 97 250.3129
98 97 261.3013
97 98 261.3013
81 99 57.1429
82 100 276.3194
101 100 205.0441
103 100 143.1844
77 101 2844.1411
82 101 179.6945
100 101 205.0441
102 101 1387.7324
101 102 1387.7324
81 103 100.04
100 103 143.1844
104 103 88.1834
103 104 88.1834
57 105 817.6615
54 106 36.1141
27 107 257.1355
29 108 10151.2537
33 109 434.5937
1 110 1198.897
34 110 919.9632
124 110 160.72
41 111 91.9118
70 112 132.3276
70 113 126.4063
42 114 56.9801
42 115 122.971
116 115 1027.7492
117 115 1176.4706
115 116 1027.7492
115 117 1176.4706
73 118 273.4482
40 119 147.6233
14 120 5393.7433
50 121 341.6467
75 121 504.2864
83 121 186.9508
50 122 740.7407
64 123 595.9476
110 124 160.72
55 125 231.2673
23 126 303.3981
53 127 154.8467
55 128 476.4173
56 129 269.5418
