2 1 6337.1356
3 1 9216.5899
5 1 6038.6473
7 1 4301.0753
9 1 6373.4863
10 1 5221.9321
13 1 6807.3519
14 1 8032.1285
17 1 258.9332
21 1 378.7879
23 1 225.3775
62 1 97.9432
78 1 182.3487
84 1 168.5488
91 1 553.0973
94 1 498.2561
112 1 2081.1655
176 1 4651.1628
1 2 6337.1356
1 3 9216.5899
117 3 2010.4544
131 3 7616.1462
176 3 18181.8182
39 4 148.7652
60 4 345.9011
197 4 95.4198
1 5 6038.6473
66 6 97.8474
113 6 39.4011
163 6 92.4214
1 7 4301.0753
26 8 206.3132
182 8 193.7984
183 8 265.1113
1 9 6373.4863
1 10 5221.9321
36 10 5973.7157
46 10 9560.2294
108 11 365.2301
23 12 578.369
1 13 6807.3519
1 14 8032.1285
20 15 369.1399
165 15 111.1111
168 15 169.2907
164 16 21.363
1 17 258.9332
18 17 5035.2467
19 17 7462.6866
17 18 5035.2467
17 19 7462.6866
241 19 1481.701
242 19 424.8088
15 20 369.1399
22 20 714.7963
34 20 145.18
1 21 378.7879
23 21 157.3317
209 21 61.2745
20 22 714.7963
167 22 181.3237
168 22 28.1452
239 22 41.806
1 23 225.3775
12 23 578.369
21 23 157.3317
182 23 465.5493
55 24 395.5696
254 24 129.8701
255 24 899.2806
183 25 19.0876
8 26 206.3132
27 26 186.7762
28 26 281.294
26 27 186.7762
26 28 281.294
250 29 97.6562
150 30 1712.0356
205 31 128.4687
33 32 1461.1338
37 32 412.3711
44 32 104.4605
45 32 154.703
32 33 1461.1338
171 33 6476.6839
187 33 643.915
20 34 145.18
38 35 93.0233
60 35 417.1882
61 35 362.9764
10 36 5973.7157
32 37 412.3711
40 37 186.9159
178 37 6968.6411
35 38 93.0233
39 38 177.5568
61 38 830.5648
4 39 148.7652
38 39 177.5568
197 39 389.2565
37 40 186.9159
41 40 522.7392
53 40 227.3761
40 41 522.7392
127 42 380.8073
225 42 157.5548
234 42 101.8434
259 42 1027.538
66 43 157.7038
32 44 104.4605
32 45 154.703
10 46 9560.2294
48 47 6093.8452
151 47 735.2941
256 47 758.7253
47 48 6093.8452
49 48 1178.6893
256 48 192.4557
48 49 1178.6893
64 49 397.7725
192 49 2407.3182
161 50 241.0219
53 51 542.5936
189 52 134.2462
40 53 227.3761
51 53 542.5936
54 53 563.6979
53 54 563.6979
24 55 395.5696
157 55 259.0003
214 55 265.1816
57 56 389.4081
56 57 389.4081
59 58 241.7211
58 59 241.7211
4 60 345.9011
35 60 417.1882
61 60 338.295
35 61 362.9764
38 61 830.5648
60 61 338.295
1 62 97.9432
130 63 780.6401
49 64 397.7725
192 65 668.4492
6 66 97.8474
43 66 157.7038
186 66 1484.5606
69 67 136.407
129 68 514.9331
67 69 136.407
206 70 487.3294
150 71 148.8095
73 72 311.9152
75 72 505.0505
258 72 268.3123
72 73 311.9152
149 74 64.1026
72 75 505.0505
76 75 365.6307
77 75 130.3951
258 75 135.7036
75 76 365.6307
75 77 130.3951
1 78 182.3487
135 78 1877.5817
199 78 130.039
196 79 103.8314
200 80 725.1632
268 80 240.8478
270 80 545.5537
273 80 773.3952
84 81 2797.2028
184 82 119.3887
228 83 95.9693
1 84 168.5488
81 84 2797.2028
88 84 260.4167
261 85 576.3689
160 86 334.3363
261 87 394.7888
84 88 260.4167
146 89 524.109
221 90 509.4244
223 90 2027.164
263 90 204.1233
1 91 553.0973
94 92 146.8644
207 93 1598.9767
1 94 498.2561
92 94 146.8644
95 94 3743.9161
94 95 3743.9161
96 95 2135.8394
98 95 590.6675
95 96 2135.8394
97 96 1440.9222
211 96 134.3364
96 97 1440.9222
102 97 5783.69
212 97 177.3679
95 98 590.6675
100 98 544.6623
202 98 539.0836
267 99 53.9957
98 100 544.6623
142 101 1289.9897
249 101 120.3659
268 101 435.5401
97 102 5783.69
175 103 643.915
105 104 83.0565
104 105 83.0565
268 106 178.2531
108 107 1318.3916
109 107 339.5586
143 107 216.263
11 108 365.2301
107 108 1318.3916
109 108 1297.0169
270 108 52.9381
107 109 339.5586
108 109 1297.0169
110 109 284.0909
109 110 284.0909
174 111 694.927
1 112 2081.1655
117 112 6896.5517
118 112 1156.8718
6 113 39.4011
272 114 63.6132
116 115 51.6796
269 115 1758.7056
271 115 111.7069
272 115 27.6243
115 116 51.6796
3 117 2010.4544
112 117 6896.5517
118 117 3028.4676
112 118 1156.8718
117 118 3028.4676
121 118 1028.4891
120 119 428.0822
119 120 428.0822
118 121 1028.4891
122 121 8576.3293
218 121 56.3698
219 121 198.4521
121 122 8576.3293
125 122 515.7298
128 122 533.6179
181 123 1544.4015
262 123 431.0345
276 123 583.7712
177 124 189.7533
122 125 515.7298
226 125 2067.8246
261 125 132.2052
222 126 242.6595
42 127 380.8073
197 127 235.7379
255 127 528.5412
122 128 533.6179
68 129 514.9331
63 130 780.6401
3 131 7616.1462
137 131 415.9734
148 131 11318.6191
188 132 443.066
275 133 55.2486
207 134 206.697
78 135 1877.5817
202 136 482.6255
131 137 415.9734
139 137 969.9321
231 137 282.5657
194 138 126.4862
137 139 969.9321
174 140 389.2565
264 141 50.4286
101 142 1289.9897
107 143 216.263
212 144 86.5801
260 145 199.0446
89 146 524.109
230 147 482.6255
131 148 11318.6191
153 148 645.9948
176 148 6313.1313
74 149 64.1026
30 150 1712.0356
71 150 148.8095
152 150 97.8474
47 151 735.2941
192 151 484.2615
234 151 907.441
150 152 97.8474
206 152 2558.8536
237 152 94.6074
148 153 645.9948
155 153 2055.076
257 153 105.4741
234 154 6123.6987
153 155 2055.076
156 155 1780.9439
166 155 4088.3074
155 156 1780.9439
236 156 3365.8701
253 156 80.3859
55 157 259.0003
243 158 956.0229
250 159 2337.5409
86 160 334.3363
50 161 241.0219
191 162 33.2557
6 163 92.4214
16 164 21.363
15 165 111.1111
155 166 4088.3074
22 167 181.3237
15 168 169.2907
22 168 28.1452
169 168 1753.7706
170 168 389.7116
168 169 1753.7706
168 170 389.7116
33 171 6476.6839
245 172 7541.4781
229 173 322.8931
111 174 694.927
140 174 389.2565
180 174 2434.2746
193 174 1383.1259
103 175 643.915
1 176 4651.1628
3 176 18181.8182
148 176 6313.1313
124 177 189.7533
37 178 6968.6411
243 179 1053.2968
174 180 2434.2746
123 181 1544.4015
199 181 209.205
276 181 1197.7482
8 182 193.7984
23 182 465.5493
183 182 6024.0964
8 183 265.1113
25 183 19.0876
182 183 6024.0964
82 184 119.3887
185 184 91.659
230 184 42.8266
184 185 91.659
66 186 1484.5606
33 187 643.915
132 188 443.066
52 189 134.2462
228 190 73.3676
162 191 33.2557
49 192 2407.3182
65 192 668.4492
151 192 484.2615
174 193 1383.1259
138 194 126.4862
276 195 362.0565
79 196 103.8314
4 197 95.4198
39 197 389.2565
127 197 235.7379
251 198 218.436
78 199 130.039
181 199 209.205
274 199 434.7826
80 200 725.1632
208 200 167.4761
210 200 2030.0447
207 201 228.7283
98 202 539.0836
136 202 482.6255
203 202 860.5852
202 203 860.5852
268 204 6289.3082
31 205 128.4687
70 206 487.3294
152 206 2558.8536
236 206 123.839
93 207 1598.9767
134 207 206.697
201 207 228.7283
200 208 167.4761
21 209 61.2745
200 210 2030.0447
96 211 134.3364
97 212 177.3679
144 212 86.5801
267 212 2830.4557
265 213 270.5628
55 214 265.1816
216 215 125.8178
215 216 125.8178
220 217 121.124
121 218 56.3698
121 219 198.4521
220 219 934.5794
263 219 216.3098
217 220 121.124
219 220 934.5794
229 220 286.0412
263 220 104.526
90 221 509.4244
126 222 242.6595
90 223 2027.164
261 224 41.7188
42 225 157.5548
125 226 2067.8246
227 226 3102.6993
261 226 322.6847
226 227 3102.6993
228 227 657.0302
230 227 558.0357
83 228 95.9693
190 228 73.3676
227 228 657.0302
173 229 322.8931
220 229 286.0412
266 229 97.6562
147 230 482.6255
184 230 42.8266
227 230 558.0357
137 231 282.5657
233 232 255.2974
232 233 255.2974
42 234 101.8434
151 234 907.441
154 234 6123.6987
258 235 144.0092
156 236 3365.8701
206 236 123.839
237 236 2134.0162
152 237 94.6074
236 237 2134.0162
238 237 1421.4641
237 238 1421.4641
254 238 1259.1287
256 238 372.4395
22 239 41.806
243 240 387.1467
19 241 1481.701
19 242 424.8088
158 243 956.0229
179 243 1053.2968
240 243 387.1467
252 244 842.46
172 245 7541.4781
246 245 3044.14
247 245 1687.4789
245 246 3044.14
247 246 1375.5158
248 246 280.1905
245 247 1687.4789
246 247 1375.5158
250 247 347.3428
246 248 280.1905
101 249 120.3659
29 250 97.6562
159 250 2337.5409
247 250 347.3428
198 251 218.436
244 252 842.46
156 253 80.3859
24 254 129.8701
238 254 1259.1287
255 254 209.5997
24 255 899.2806
127 255 528.5412
254 255 209.5997
47 256 758.7253
48 256 192.4557
238 256 372.4395
153 257 105.4741
72 258 268.3123
75 258 135.7036
235 258 144.0092
42 259 1027.538
145 260 199.0446
85 261 576.3689
87 261 394.7888
125 261 132.2052
224 261 41.7188
226 261 322.6847
123 262 431.0345
90 263 204.1233
219 263 216.3098
220 263 104.526
141 264 50.4286
265 264 2048.7605
267 264 980.3922
213 265 270.5628
264 265 2048.7605
267 265 4593.4773
229 266 97.6562
99 267 53.9957
212 267 2830.4557
264 267 980.3922
265 267 4593.4773
80 268 240.8478
101 268 435.5401
106 268 178.2531
204 268 6289.3082
115 269 1758.7056
80 270 545.5537
108 270 52.9381
272 270 1387.7324
115 271 111.7069
114 272 63.6132
115 272 27.6243
270 272 1387.7324
80 273 773.3952
199 274 434.7826
133 275 55.2486
123 276 583.7712
181 276 1197.7482
195 276 362.0565
