2 1 4149.3776
3 1 4557.8851
4 1 5580.3571
5 1 6653.3599
6 1 4416.9611
7 1 7047.2163
8 1 6293.2662
9 1 6053.2688
10 1 6973.5007
11 1 6238.3032
12 1 6506.1809
13 1 4196.3911
14 1 4633.9203
15 1 4856.7266
16 1 5698.0057
17 1 4770.9924
46 1 2217.7866
51 1 2901.9153
68 1 3414.1345
76 1 3243.5939
87 1 2883.5063
95 1 4957.8582
1 2 4149.3776
108 2 7961.7834
111 2 4323.3895
112 2 8650.519
1 3 4557.8851
98 3 29334.1156
106 3 4051.8639
107 3 34211.4266
1 4 5580.3571
96 4 14869.8885
97 4 9606.1479
98 4 30413.6253
1 5 6653.3599
93 5 10026.0678
94 5 7147.9628
95 5 25062.6566
1 6 4416.9611
76 6 4403.3465
77 6 9671.1799
82 6 15297.5371
86 6 25348.5425
1 7 7047.2163
75 7 7587.2534
122 7 7942.8118
1 8 6293.2662
71 8 9285.0511
72 8 3003.003
73 8 3173.5957
75 8 4273.5043
1 9 6053.2688
64 9 1156.6042
69 9 9832.8417
71 9 6821.2824
1 10 6973.5007
63 10 5948.84
64 10 1427.9594
1 11 6238.3032
62 11 445.236
63 11 512.0328
1 12 6506.1809
50 12 1053.8518
59 12 1363.3265
1 13 4196.3911
47 13 8510.6383
48 13 11944.5772
51 13 4608.2949
1 14 4633.9203
44 14 233.1002
47 14 7593.0144
1 15 4856.7266
44 15 3684.5984
46 15 3400.204
1 16 5698.0057
17 16 4945.5984
23 16 6215.0404
46 16 4520.7957
1 17 4770.9924
16 17 4945.5984
18 17 1452.4328
117 17 3054.3677
17 18 1452.4328
19 18 727.802
23 18 4246.2845
18 19 727.802
20 19 715.3076
21 19 3628.447
22 19 1132.7594
19 20 715.3076
19 21 3628.447
19 22 1132.7594
138 22 1707.3587
139 22 2099.0764
140 22 5076.1421
16 23 6215.0404
18 23 4246.2845
24 23 3313.4526
23 24 3313.4526
25 24 1267.4271
46 24 3637.6864
24 25 1267.4271
26 25 2130.8332
30 25 4271.6788
289 25 2149.1511
25 26 2130.8332
27 26 1489.647
154 26 118.7085
26 27 1489.647
28 27 782.4726
29 27 6369.4268
31 27 216.1695
155 27 152.2765
27 28 782.4726
35 28 90.009
156 28 2537.427
27 29 6369.4268
25 30 4271.6788
31 30 1144.4266
45 30 399.361
27 31 216.1695
30 31 1144.4266
32 31 891.2656
31 32 891.2656
34 32 148.8982
45 32 341.9973
34 33 6734.0067
43 33 193.4985
44 33 174.9475
45 33 1994.0179
46 33 1701.2589
32 34 148.8982
33 34 6734.0067
35 34 679.8097
288 34 301.0235
28 35 90.009
34 35 679.8097
36 35 7331.3783
38 35 7132.6676
125 35 13681.7622
35 36 7331.3783
37 36 2423.0676
170 36 414.7657
36 37 2423.0676
176 37 3553.6603
185 37 117.5917
186 37 249.004
187 37 6246.0962
35 38 7132.6676
39 38 14784.1514
41 38 20337.6042
38 39 14784.1514
40 39 13248.5427
42 39 26164.3119
39 40 13248.5427
174 40 3372.6813
176 40 8237.2323
177 40 547.9452
38 41 20337.6042
39 42 26164.3119
171 42 2687.4496
174 42 680.2721
33 43 193.4985
47 43 467.7268
169 43 212.585
14 44 233.1002
15 44 3684.5984
33 44 174.9475
30 45 399.361
32 45 341.9973
33 45 1994.0179
1 46 2217.7866
15 46 3400.204
16 46 4520.7957
24 46 3637.6864
33 46 1701.2589
13 47 8510.6383
14 47 7593.0144
43 47 467.7268
124 47 4177.1094
13 48 11944.5772
49 48 5200.208
50 48 2181.0251
124 48 13515.3399
48 49 5200.208
12 50 1053.8518
48 50 2181.0251
291 50 541.1255
1 51 2901.9153
13 51 4608.2949
52 51 6863.418
51 52 6863.418
54 53 18460.4024
124 53 2046.6639
126 53 10771.2193
168 53 536.193
53 54 18460.4024
55 54 6702.4129
57 54 4777.8309
190 54 402.0909
54 55 6702.4129
56 55 19860.9732
197 55 124.0849
55 56 19860.9732
58 56 6944.4444
198 56 2771.6186
54 57 4777.8309
56 58 6944.4444
215 58 4807.6923
216 58 3034.9014
12 59 1363.3265
60 59 1781.5785
63 59 2759.3819
59 60 1781.5785
61 60 4142.5021
292 60 2994.9087
60 61 4142.5021
63 61 281.1358
227 61 3865.4813
11 62 445.236
10 63 5948.84
11 63 512.0328
59 63 2759.3819
61 63 281.1358
227 63 641.4368
9 64 1156.6042
10 64 1427.9594
65 64 6697.9236
64 65 6697.9236
66 65 921.659
229 65 191.7913
65 66 921.659
67 66 1130.3267
225 66 160.9528
66 67 1130.3267
235 67 11424.6544
244 67 15080.6816
1 68 3414.1345
9 69 9832.8417
70 69 1037.0217
228 69 55.6483
69 70 1037.0217
71 70 3853.5645
72 70 16291.9518
8 71 9285.0511
9 71 6821.2824
70 71 3853.5645
8 72 3003.003
70 72 16291.9518
230 72 160.1025
8 73 3173.5957
74 73 1580.2781
121 73 172.8011
73 74 1580.2781
75 74 2277.3856
80 74 502.7652
123 74 9182.7365
252 74 244.3793
7 75 7587.2534
8 75 4273.5043
74 75 2277.3856
1 76 3243.5939
6 76 4403.3465
122 76 8920.6066
123 76 10170.8706
6 77 9671.1799
78 77 4468.2752
79 77 18178.513
77 78 4468.2752
77 79 18178.513
80 79 609.3845
82 79 10493.1794
74 80 502.7652
79 80 609.3845
81 80 9090.9091
82 80 660.066
254 80 1828.1536
80 81 9090.9091
256 81 7299.2701
261 81 2356.2677
6 82 15297.5371
79 82 10493.1794
80 82 660.066
83 82 4498.4256
267 82 1124.8594
82 83 4498.4256
84 83 1187.0845
271 83 368.053
83 84 1187.0845
85 84 534.4735
86 84 369.9593
84 85 534.4735
88 85 15467.9041
90 85 1319.7836
271 85 801.9246
281 85 183.4189
6 86 25348.5425
84 86 369.9593
87 86 18261.5047
1 87 2883.5063
86 87 18261.5047
89 87 9689.9225
93 87 6472.4919
85 88 15467.9041
276 88 1614.7263
280 88 1238.2368
282 88 1982.5535
87 89 9689.9225
90 89 659.6306
272 89 1128.1588
85 90 1319.7836
89 90 659.6306
91 90 1165.9088
90 91 1165.9088
92 91 6422.6076
94 91 2286.2369
97 91 27048.9586
99 91 1762.1145
91 92 6422.6076
5 93 10026.0678
87 93 6472.4919
94 93 17079.4193
5 94 7147.9628
91 94 2286.2369
93 94 17079.4193
1 95 4957.8582
5 95 25062.6566
96 95 30590.3946
4 96 14869.8885
95 96 30590.3946
97 96 22820.6298
4 97 9606.1479
91 97 27048.9586
96 97 22820.6298
3 98 29334.1156
4 98 30413.6253
104 98 488.0429
106 98 5216.4841
91 99 1762.1145
100 99 2277.9043
103 99 3507.5412
150 99 704.7216
99 100 2277.9043
101 100 1918.6493
102 100 2563.4453
100 101 1918.6493
102 101 3880.4812
127 101 4113.5335
151 101 729.3946
100 102 2563.4453
101 102 3880.4812
104 102 465.3327
99 103 3507.5412
98 104 488.0429
102 104 465.3327
105 104 651.0417
106 104 2207.9929
149 104 555.2471
104 105 651.0417
3 106 4051.8639
98 106 5216.4841
104 106 2207.9929
3 107 34211.4266
108 107 14654.1618
109 107 10831.8891
2 108 7961.7834
107 108 14654.1618
111 108 10054.2932
107 109 10831.8891
110 109 172.5923
118 109 136.5934
109 110 172.5923
152 110 4338.3948
153 110 2678.0932
2 111 4323.3895
108 111 10054.2932
112 111 1797.2682
114 111 845.3085
2 112 8650.519
111 112 1797.2682
113 112 1010.6114
117 112 25833.1181
112 113 1010.6114
114 113 252.589
115 113 295.5083
111 114 845.3085
113 114 252.589
115 114 480.3074
118 114 325.7329
113 115 295.5083
114 115 480.3074
116 115 1110.7409
115 116 1110.7409
117 116 194.8938
136 116 82.0345
290 116 814.3322
17 117 3054.3677
112 117 25833.1181
116 117 194.8938
109 118 136.5934
114 118 325.7329
119 118 1513.5462
118 119 1513.5462
120 119 600.9615
137 119 302.5719
119 120 600.9615
73 121 172.8011
7 122 7942.8118
76 122 8920.6066
123 122 3511.236
74 123 9182.7365
76 123 10170.8706
122 123 3511.236
47 124 4177.1094
48 124 13515.3399
53 124 2046.6639
35 125 13681.7622
53 126 10771.2193
101 127 4113.5335
128 127 215.9827
129 127 11914.6908
127 128 215.9827
127 129 11914.6908
130 129 1228.9542
131 129 21857.9235
129 130 1228.9542
129 131 21857.9235
132 131 3167.5641
133 131 19557.9894
131 132 3167.5641
131 133 19557.9894
134 133 22421.5247
135 133 13774.1047
133 134 22421.5247
133 135 13774.1047
116 136 82.0345
119 137 302.5719
22 138 1707.3587
22 139 2099.0764
22 140 5076.1421
141 140 236.1275
142 140 11291.7796
140 141 236.1275
140 142 11291.7796
143 142 576.7013
144 142 3457.8147
145 142 7892.6598
142 143 576.7013
142 144 3457.8147
142 145 7892.6598
146 145 18835.939
147 145 5685.0483
148 145 9363.2959
145 146 18835.939
145 147 5685.0483
145 148 9363.2959
104 149 555.2471
99 150 704.7216
101 151 729.3946
110 152 4338.3948
110 153 2678.0932
26 154 118.7085
27 155 152.2765
28 156 2537.427
157 156 994.0358
158 156 4286.3266
156 157 994.0358
156 158 4286.3266
159 158 7002.8011
160 158 967.118
161 158 4334.6337
158 159 7002.8011
158 160 967.118
158 161 4334.6337
162 161 395.2569
163 161 191.7913
164 161 2911.2082
161 162 395.2569
161 163 191.7913
161 164 2911.2082
165 164 3602.3055
166 164 1882.5301
167 164 5243.8385
164 165 3602.3055
164 166 1882.5301
164 167 5243.8385
53 168 536.193
43 169 212.585
36 170 414.7657
42 171 2687.4496
172 171 268.6006
173 171 306.1849
171 172 268.6006
171 173 306.1849
40 174 3372.6813
42 174 680.2721
175 174 142.1868
174 175 142.1868
37 176 3553.6603
40 176 8237.2323
178 176 6049.6068
40 177 547.9452
176 178 6049.6068
179 178 473.7091
180 178 1811.2661
178 179 473.7091
178 180 1811.2661
181 180 3265.8393
182 180 3507.5412
180 181 3265.8393
180 182 3507.5412
183 182 14645.577
184 182 2150.5376
182 183 14645.577
182 184 2150.5376
37 185 117.5917
37 186 249.004
37 187 6246.0962
188 187 1055.9662
189 187 329.1639
187 188 1055.9662
187 189 329.1639
54 190 402.0909
191 190 1737.6195
192 190 332.8895
193 190 2876.87
190 191 1737.6195
190 192 332.8895
190 193 2876.87
195 194 103.1034
196 194 1495.2153
292 194 210.5706
194 195 103.1034
194 196 1495.2153
55 197 124.0849
56 198 2771.6186
199 198 1046.3535
200 198 3009.3289
201 198 2384.9273
202 198 2289.9015
198 199 1046.3535
198 200 3009.3289
203 200 3069.3677
206 200 8591.0653
198 201 2384.9273
198 202 2289.9015
213 202 1860.119
217 202 11611.7046
200 203 3069.3677
204 203 637.3486
205 203 399.5206
203 204 637.3486
203 205 399.5206
200 206 8591.0653
207 206 5977.2863
210 206 1002.1044
206 207 5977.2863
208 207 4777.8309
211 207 1870.9074
207 208 4777.8309
209 208 4327.1311
212 208 16652.7893
208 209 4327.1311
206 210 1002.1044
207 211 1870.9074
208 212 16652.7893
202 213 1860.119
214 213 1986.4919
218 213 28208.7447
213 214 1986.4919
58 215 4807.6923
58 216 3034.9014
217 216 7541.4781
221 216 1893.2223
223 216 1089.3246
202 217 11611.7046
216 217 7541.4781
218 217 12342.6314
221 217 3490.4014
213 218 28208.7447
217 218 12342.6314
219 218 2036.2452
218 219 2036.2452
220 219 3434.0659
224 219 12663.0366
219 220 3434.0659
216 221 1893.2223
217 221 3490.4014
222 221 1137.139
221 222 1137.139
216 223 1089.3246
219 224 12663.0366
66 225 160.9528
226 225 87.0322
227 225 156.3966
225 226 87.0322
61 227 3865.4813
63 227 641.4368
225 227 156.3966
69 228 55.6483
65 229 191.7913
72 230 160.1025
231 230 2031.2817
232 230 593.4718
230 231 2031.2817
230 232 593.4718
233 232 1574.0595
234 232 411.8616
232 233 1574.0595
232 234 411.8616
67 235 11424.6544
236 235 9852.2167
237 235 7272.7273
235 236 9852.2167
235 237 7272.7273
238 237 11371.3896
242 237 741.8398
246 237 3188.7755
237 238 11371.3896
239 238 7722.0077
243 238 299.8501
247 238 463.1774
238 239 7722.0077
240 239 6472.4919
241 239 1928.6403
239 240 6472.4919
239 241 1928.6403
237 242 741.8398
238 243 299.8501
67 244 15080.6816
245 244 11340.44
249 244 6006.006
244 245 11340.44
246 245 7352.9412
251 245 439.1744
237 246 3188.7755
245 246 7352.9412
247 246 16064.257
238 247 463.1774
246 247 16064.257
248 247 3645.6435
250 247 3211.3038
247 248 3645.6435
244 249 6006.006
247 250 3211.3038
245 251 439.1744
74 252 244.3793
253 252 2527.8059
254 252 499.5005
252 253 2527.8059
80 254 1828.1536
252 254 499.5005
255 254 1418.4397
256 254 1292.4906
254 255 1418.4397
81 256 7299.2701
254 256 1292.4906
268 256 5970.1493
258 257 3556.1878
268 257 9775.1711
270 257 1665.8337
257 258 3556.1878
259 258 4559.9635
262 258 11742.6022
266 258 366.9725
258 259 4559.9635
260 259 3534.818
265 259 9242.1442
259 260 3534.818
81 261 2356.2677
258 262 11742.6022
263 262 1497.4543
264 262 1377.2208
262 263 1497.4543
262 264 1377.2208
259 265 9242.1442
258 266 366.9725
82 267 1124.8594
256 268 5970.1493
257 268 9775.1711
269 268 407.0004
268 269 407.0004
257 270 1665.8337
83 271 368.053
85 271 801.9246
273 271 1718.2131
89 272 1128.1588
271 273 1718.2131
274 273 607.9027
275 273 1891.0741
277 273 7739.9381
273 274 607.9027
273 275 1891.0741
88 276 1614.7263
277 276 3650.9675
279 276 7132.6676
273 277 7739.9381
276 277 3650.9675
278 277 1623.3766
277 278 1623.3766
276 279 7132.6676
88 280 1238.2368
85 281 183.4189
88 282 1982.5535
283 282 2979.7378
286 282 10874.2932
287 282 1600.0
282 283 2979.7378
284 283 1880.0526
285 283 758.7253
283 284 1880.0526
283 285 758.7253
282 286 10874.2932
282 287 1600.0
34 288 301.0235
25 289 2149.1511
116 290 814.3322
50 291 541.1255
60 292 2994.9087
194 292 210.5706
293 292 141.9044
292 293 141.9044
