2 1 5083.8841
3 1 6142.5061
4 1 5827.5058
5 1 4215.8516
6 1 3982.4771
7 1 4164.9313
8 1 5760.3687
9 1 5324.8136
10 1 3315.6499
11 1 4206.9836
12 1 4496.4029
13 1 3580.3795
14 1 6305.1702
15 1 5249.3438
26 1 1417.4344
27 1 362.4502
66 1 1918.6493
119 1 2603.4887
1 2 5083.8841
208 2 849.6177
209 2 1812.2508
1 3 6142.5061
198 3 1766.7845
205 3 15382.2489
1 4 5827.5058
146 4 14033.1182
165 4 12532.8989
205 4 24324.9818
1 5 4215.8516
137 5 10564.1242
139 5 8680.5556
1 6 3982.4771
132 6 6752.1945
133 6 6648.9362
1 7 4164.9313
110 7 11849.7452
111 7 18040.7721
1 8 5760.3687
111 8 17349.0632
113 8 9496.6762
1 9 5324.8136
95 9 18298.2617
113 9 15199.8784
1 10 3315.6499
69 10 5032.7126
73 10 3155.5696
83 10 2192.5016
1 11 4206.9836
67 11 4631.774
69 11 7042.2535
1 12 4496.4029
41 12 853.2423
48 12 8771.9298
56 12 2794.8575
1 13 3580.3795
36 13 1789.2288
41 13 1527.4171
1 14 6305.1702
16 14 871.8396
26 14 988.1423
1 15 5249.3438
16 15 796.8127
19 15 3998.4006
14 16 871.8396
15 16 796.8127
17 16 50.8647
20 16 401.2841
34 16 267.3082
16 17 50.8647
18 17 133.7614
20 17 92.6784
17 18 133.7614
15 19 3998.4006
20 19 816.3265
206 19 1582.2785
208 19 636.9427
16 20 401.2841
17 20 92.6784
19 20 816.3265
21 20 1204.529
212 20 155.521
20 21 1204.529
206 21 683.527
212 21 678.8866
23 22 2594.7068
212 22 2268.6025
215 22 1283.697
216 22 929.368
22 23 2594.7068
24 23 6153.8462
25 23 7127.5837
23 24 6153.8462
23 25 7127.5837
1 26 1417.4344
14 26 988.1423
27 26 73.046
1 27 362.4502
26 27 73.046
28 27 1734.3045
34 27 224.8707
27 28 1734.3045
29 28 256.5418
33 28 84.3882
36 28 128.5678
28 29 256.5418
30 29 2067.3971
36 29 87.4891
38 29 2279.462
29 30 2067.3971
31 30 789.266
32 30 801.2821
38 30 2870.2641
39 30 465.1163
30 31 789.266
30 32 801.2821
28 33 84.3882
16 34 267.3082
27 34 224.8707
35 34 35.2237
213 34 21.6873
34 35 35.2237
13 36 1789.2288
28 36 128.5678
29 36 87.4891
37 36 2346.3163
41 36 1145.8691
36 37 2346.3163
38 37 449.8426
41 37 1152.0737
29 38 2279.462
30 38 2870.2641
37 38 449.8426
40 38 440.1408
30 39 465.1163
38 40 440.1408
12 41 853.2423
13 41 1527.4171
36 41 1145.8691
37 41 1152.0737
42 41 1176.7475
46 41 1981.3751
55 41 3495.2814
41 42 1176.7475
43 42 792.393
55 42 1636.1257
42 43 792.393
44 43 2019.3861
49 43 282.8054
54 43 94.3396
43 44 2019.3861
45 44 11018.0696
47 44 6464.1241
44 45 11018.0696
41 46 1981.3751
44 47 6464.1241
12 48 8771.9298
49 48 9852.2167
55 48 3291.6392
43 49 282.8054
48 49 9852.2167
50 49 752.4454
49 50 752.4454
51 50 1171.9208
58 50 269.9784
63 50 45.2899
50 51 1171.9208
52 51 4861.4487
53 51 8620.6897
51 52 4861.4487
51 53 8620.6897
43 54 94.3396
41 55 3495.2814
42 55 1636.1257
48 55 3291.6392
12 56 2794.8575
57 56 7541.4781
66 56 6269.5925
56 57 7541.4781
58 57 179.501
66 57 2472.7992
50 58 269.9784
57 58 179.501
59 58 352.9827
64 58 1431.6392
58 59 352.9827
60 59 1084.7163
72 59 1243.1626
59 60 1084.7163
61 60 7347.5386
64 60 6285.3551
60 61 7347.5386
62 61 7968.1275
80 61 2249.7188
61 62 7968.1275
50 63 45.2899
58 64 1431.6392
60 64 6285.3551
65 64 1705.0298
64 65 1705.0298
1 66 1918.6493
56 66 6269.5925
57 66 2472.7992
67 66 6968.6411
72 66 590.3188
11 67 4631.774
66 67 6968.6411
68 67 2630.8866
67 68 2630.8866
69 68 2275.3129
72 68 4719.2072
10 69 5032.7126
11 69 7042.2535
68 69 2275.3129
70 69 628.5355
78 69 8064.5161
69 70 628.5355
71 70 614.6281
74 70 50.813
70 71 614.6281
59 72 1243.1626
66 72 590.3188
68 72 4719.2072
10 73 3155.5696
74 73 2560.8195
78 73 7558.579
81 73 21335.6091
87 73 526.8704
70 74 50.813
73 74 2560.8195
75 74 370.0962
74 75 370.0962
76 75 2773.1559
77 75 1221.1503
75 76 2773.1559
75 77 1221.1503
69 78 8064.5161
73 78 7558.579
79 78 415.9734
78 79 415.9734
61 80 2249.7188
73 81 21335.6091
82 81 907.441
91 81 454.1326
81 82 907.441
83 82 945.1796
91 82 2581.3113
10 83 2192.5016
82 83 945.1796
84 83 3423.4851
83 84 3423.4851
85 84 4393.6731
92 84 800.0
118 84 6640.1062
119 84 6439.15
84 85 4393.6731
86 85 275.9382
87 85 310.1737
85 86 275.9382
73 87 526.8704
85 87 310.1737
88 87 1110.0011
91 87 836.8201
214 87 998.004
87 88 1110.0011
89 88 1108.8933
90 88 1238.0834
88 89 1108.8933
88 90 1238.0834
81 91 454.1326
82 91 2581.3113
87 91 836.8201
84 92 800.0
93 92 3699.593
94 92 1040.0416
92 93 3699.593
92 94 1040.0416
9 95 18298.2617
96 95 14795.088
118 95 13347.5707
95 96 14795.088
97 96 3559.9858
117 96 215.1463
96 97 3559.9858
98 97 2911.2082
113 97 3214.4005
116 97 130.8387
97 98 2911.2082
99 98 11310.9377
111 98 1097.6948
98 99 11310.9377
100 99 602.047
102 99 197.9414
112 99 674.3088
99 100 602.047
101 100 577.7008
103 100 4539.2646
100 101 577.7008
99 102 197.9414
100 103 4539.2646
104 103 5319.1489
105 103 17433.7517
112 103 442.4779
103 104 5319.1489
105 104 5042.8643
107 104 2801.9053
103 105 17433.7517
104 105 5042.8643
106 105 17280.1106
108 105 5235.6021
105 106 17280.1106
104 107 2801.9053
105 108 5235.6021
109 108 598.444
114 108 181.3237
108 109 598.444
110 109 1150.3509
115 109 73.6377
7 110 11849.7452
109 110 1150.3509
111 110 20661.157
120 110 7974.4817
7 111 18040.7721
8 111 17349.0632
98 111 1097.6948
110 111 20661.157
112 111 6485.0843
99 112 674.3088
103 112 442.4779
111 112 6485.0843
8 113 9496.6762
9 113 15199.8784
97 113 3214.4005
108 114 181.3237
109 115 73.6377
97 116 130.8387
96 117 215.1463
84 118 6640.1062
95 118 13347.5707
119 118 12447.0998
1 119 2603.4887
84 119 6439.15
118 119 12447.0998
110 120 7974.4817
121 120 1366.1202
132 120 7235.89
120 121 1366.1202
122 121 4108.4634
132 121 1636.6612
121 122 4108.4634
123 122 4128.8192
134 122 573.3945
122 123 4128.8192
124 123 4644.6818
127 123 530.2227
123 124 4644.6818
125 124 3593.2447
130 124 1259.4458
124 125 3593.2447
126 125 8077.5444
131 125 19743.3366
125 126 8077.5444
123 127 530.2227
128 127 1407.0635
129 127 664.0106
127 128 1407.0635
127 129 664.0106
124 130 1259.4458
125 131 19743.3366
6 132 6752.1945
120 132 7235.89
121 132 1636.6612
6 133 6648.9362
134 133 3840.2458
136 133 186.881
122 134 573.3945
133 134 3840.2458
135 134 196.2709
134 135 196.2709
133 136 186.881
5 137 10564.1242
138 137 164.4737
139 137 4975.1244
137 138 164.4737
5 139 8680.5556
137 139 4975.1244
140 139 186.846
141 139 318.3699
146 139 8576.3293
139 140 186.846
139 141 318.3699
142 141 557.1031
143 141 859.1065
144 141 1524.3902
145 141 1030.2905
149 141 1855.9762
141 142 557.1031
141 143 859.1065
141 144 1524.3902
141 145 1030.2905
4 146 14033.1182
139 146 8576.3293
147 146 1639.6131
166 146 7680.4916
167 146 3472.2222
146 147 1639.6131
148 147 5146.6804
168 147 11901.9281
147 148 5146.6804
149 148 10297.6007
168 148 4212.2999
141 149 1855.9762
148 149 10297.6007
150 149 10841.2836
156 149 823.0453
164 149 470.8098
149 150 10841.2836
151 150 13477.0889
161 150 1652.8926
150 151 13477.0889
152 151 12586.5324
160 151 1777.7778
151 152 12586.5324
153 152 33288.9481
159 152 4500.45
160 152 924.2144
152 153 33288.9481
154 153 40832.9931
158 153 7710.1002
153 154 40832.9931
155 154 16059.0975
157 154 14577.2595
154 155 16059.0975
149 156 823.0453
154 157 14577.2595
153 158 7710.1002
152 159 4500.45
151 160 1777.7778
152 160 924.2144
161 160 8984.726
163 160 4205.2145
150 161 1652.8926
160 161 8984.726
162 161 3138.732
161 162 3138.732
160 163 4205.2145
149 164 470.8098
4 165 12532.8989
166 165 8354.2189
169 165 553.7099
180 165 9775.1711
146 166 7680.4916
165 166 8354.2189
167 166 4476.2757
146 167 3472.2222
166 167 4476.2757
168 167 7639.4194
147 168 11901.9281
148 168 4212.2999
167 168 7639.4194
165 169 553.7099
170 169 13051.4226
177 169 244.0215
178 169 2479.5438
169 170 13051.4226
171 170 12212.9946
176 170 855.432
170 171 12212.9946
172 171 6218.9055
175 171 3389.8305
179 171 4719.2072
171 172 6218.9055
173 172 22507.3149
174 172 14768.8672
172 173 22507.3149
172 174 14768.8672
171 175 3389.8305
170 176 855.432
169 177 244.0215
169 178 2479.5438
171 179 4719.2072
165 180 9775.1711
181 180 2986.8578
205 180 6393.8619
180 181 2986.8578
182 181 5889.2815
199 181 1821.1619
181 182 5889.2815
183 182 5307.8556
201 182 523.8345
182 183 5307.8556
184 183 1679.2611
188 183 1158.6143
183 184 1679.2611
185 184 11804.9817
188 184 4570.3839
193 184 453.5147
184 185 11804.9817
186 185 13390.466
194 185 1367.8019
196 185 14503.2632
185 186 13390.466
187 186 2509.4103
195 186 3912.3631
186 187 2509.4103
183 188 1158.6143
184 188 4570.3839
189 188 3404.8349
188 189 3404.8349
190 189 2730.0027
196 189 2880.1843
189 190 2730.0027
191 190 1709.9863
192 190 1242.3904
190 191 1709.9863
190 192 1242.3904
184 193 453.5147
185 194 1367.8019
186 195 3912.3631
185 196 14503.2632
189 196 2880.1843
197 196 1053.1859
196 197 1053.1859
3 198 1766.7845
199 198 15216.0682
208 198 1297.6901
209 198 5991.6117
181 199 1821.1619
198 199 15216.0682
200 199 4137.3604
199 200 4137.3604
201 200 295.421
202 200 436.1099
207 200 1803.1013
209 200 13535.4629
182 201 523.8345
200 201 295.421
202 201 659.1958
200 202 436.1099
201 202 659.1958
203 202 3990.423
202 203 3990.423
204 203 190.2588
206 203 935.4537
207 203 1783.4849
208 203 1389.0818
203 204 190.2588
3 205 15382.2489
4 205 24324.9818
180 205 6393.8619
19 206 1582.2785
21 206 683.527
203 206 935.4537
208 206 2597.4026
210 206 143.0615
211 206 1362.0267
200 207 1803.1013
203 207 1783.4849
208 207 2355.7126
2 208 849.6177
19 208 636.9427
198 208 1297.6901
203 208 1389.0818
206 208 2597.4026
207 208 2355.7126
2 209 1812.2508
198 209 5991.6117
200 209 13535.4629
206 210 143.0615
206 211 1362.0267
20 212 155.521
21 212 678.8866
22 212 2268.6025
34 213 21.6873
87 214 998.004
22 215 1283.697
22 216 929.368
