2 1 3680.53
3 1 3852.0801
4 1 4535.1474
5 1 5624.297
6 1 3721.6226
7 1 6035.003
8 1 5617.9775
9 1 5130.8363
10 1 5844.5354
11 1 5339.0283
12 1 5714.2857
13 1 4237.2881
14 1 4068.3483
15 1 4280.8219
16 1 4882.8125
17 1 4345.9365
47 1 2402.691
52 1 2952.4653
64 1 1841.6206
76 1 2869.4405
87 1 2553.6261
95 1 4029.0089
1 2 3680.53
108 2 7698.2294
111 2 4009.6231
112 2 9587.7277
1 3 3852.0801
98 3 28514.3998
106 3 3673.7693
107 3 31026.9935
1 4 4535.1474
96 4 14692.918
97 4 9165.9028
98 4 29282.5769
1 5 5624.297
93 5 11063.1707
94 5 7320.6442
95 5 24551.9273
1 6 3721.6226
76 6 3734.1299
77 6 9569.378
82 6 14566.6424
86 6 23707.9184
1 7 6035.003
75 7 6877.5791
120 7 6447.4533
1 8 5617.9775
71 8 8756.5674
72 8 2428.3633
73 8 2316.4234
75 8 4302.926
1 9 5130.8363
65 9 1150.3509
69 9 8532.4232
71 9 7082.153
1 10 5844.5354
63 10 6222.7754
64 10 4582.9514
1 11 5339.0283
60 11 965.251
63 11 955.1098
1 12 5714.2857
51 12 1387.5399
60 12 1991.6351
1 13 4237.2881
48 13 9718.173
49 13 13964.5301
52 13 5313.4963
1 14 4068.3483
44 14 251.699
48 14 8368.2008
1 15 4280.8219
44 15 6188.1188
47 15 4770.9924
1 16 4882.8125
17 16 5649.7175
23 16 8097.166
47 16 5882.3529
1 17 4345.9365
16 17 5649.7175
18 17 1900.7793
117 17 4061.7384
17 18 1900.7793
19 18 719.4245
23 18 5837.7116
18 19 719.4245
20 19 554.0166
21 19 3408.3163
22 19 1019.1602
19 20 554.0166
19 21 3408.3163
19 22 1019.1602
133 22 2191.0605
134 22 1446.1316
135 22 5040.3226
16 23 8097.166
18 23 5837.7116
24 23 4221.1904
23 24 4221.1904
25 24 1401.5417
47 24 4458.3148
24 25 1401.5417
26 25 1810.2824
30 25 3988.8313
258 25 1299.2075
25 26 1810.2824
27 26 1168.2243
146 26 77.7605
26 27 1168.2243
28 27 865.8009
29 27 3621.8761
31 27 285.5511
331 27 90.4977
27 28 865.8009
35 28 48.3793
147 28 2648.3051
27 29 3621.8761
25 30 3988.8313
31 30 1280.0819
46 30 260.2134
27 31 285.5511
30 31 1280.0819
32 31 725.6894
31 32 725.6894
34 32 120.5546
46 32 437.6368
34 33 7987.2204
43 33 119.7318
44 33 262.605
46 33 1471.887
47 33 2518.2574
32 34 120.5546
33 34 7987.2204
35 34 823.0453
257 34 300.7519
28 35 48.3793
34 35 823.0453
36 35 9199.632
38 35 6317.1194
123 35 17256.2554
35 36 9199.632
37 36 3246.7532
162 36 383.2886
36 37 3246.7532
167 37 3716.0907
175 37 207.0822
176 37 256.2788
177 37 6365.3724
35 38 6317.1194
39 38 12399.256
41 38 14827.9953
38 39 12399.256
40 39 12143.2908
42 39 19762.8458
39 40 12143.2908
166 40 2653.9278
167 40 9157.5092
168 40 591.3661
38 41 14827.9953
39 42 19762.8458
163 42 1672.8003
166 42 540.8329
33 43 119.7318
48 43 392.9273
161 43 260.2811
14 44 251.699
15 44 6188.1188
33 44 262.605
45 44 117.8828
44 45 117.8828
30 46 260.2134
32 46 437.6368
33 46 1471.887
1 47 2402.691
15 47 4770.9924
16 47 5882.3529
24 47 4458.3148
33 47 2518.2574
13 48 9718.173
14 48 8368.2008
43 48 392.9273
122 48 3894.081
13 49 13964.5301
50 49 5837.7116
51 49 2665.9557
122 49 14170.3273
49 50 5837.7116
12 51 1387.5399
49 51 2665.9557
260 51 519.4805
1 52 2952.4653
13 52 5313.4963
53 52 8038.5852
52 53 8038.5852
55 54 20924.8797
122 54 2087.2469
124 54 9250.6938
160 54 439.5604
54 55 20924.8797
56 55 6844.627
58 55 5858.2308
179 55 366.1662
55 56 6844.627
57 56 18474.044
264 56 59.5593
56 57 18474.044
59 57 5980.8612
186 57 2664.535
55 58 5858.2308
57 59 5980.8612
198 59 5316.3211
199 59 3190.8105
11 60 965.251
12 60 1991.6351
61 60 1286.6701
63 60 3107.5202
60 61 1286.6701
62 61 4798.4645
261 61 3469.8126
61 62 4798.4645
63 62 307.031
208 62 3542.3309
10 63 6222.7754
11 63 955.1098
60 63 3107.5202
62 63 307.031
208 63 606.4281
1 64 1841.6206
10 64 4582.9514
65 64 2219.2632
9 65 1150.3509
64 65 2219.2632
66 65 5376.3441
65 66 5376.3441
67 66 604.2296
210 66 177.1479
66 67 604.2296
68 67 930.2326
206 67 126.8714
67 68 930.2326
214 68 9980.0399
222 68 6035.003
9 69 8532.4232
70 69 895.2551
209 69 24.8385
69 70 895.2551
71 70 4380.2015
72 70 15167.602
8 71 8756.5674
9 71 7082.153
70 71 4380.2015
8 72 2428.3633
70 72 15167.602
211 72 125.0
8 73 2316.4234
74 73 1408.2524
119 73 117.5779
73 74 1408.2524
75 74 2333.7223
80 74 431.9654
121 74 6079.0274
228 74 203.7075
7 75 6877.5791
8 75 4302.926
74 75 2333.7223
1 76 2869.4405
6 76 3734.1299
120 76 8298.7552
121 76 10082.678
6 77 9569.378
78 77 4029.0089
79 77 16350.5559
77 78 4029.0089
77 79 16350.5559
80 79 569.4761
82 79 10802.6358
74 80 431.9654
79 80 569.4761
81 80 7770.0078
82 80 633.7136
229 80 1865.6716
80 81 7770.0078
230 81 6666.6667
235 81 1625.4876
6 82 14566.6424
79 82 10802.6358
80 82 633.7136
83 82 3772.1614
238 82 773.3952
82 83 3772.1614
84 83 913.242
242 83 423.1909
83 84 913.242
85 84 415.9734
86 84 214.0869
84 85 415.9734
88 85 14558.1598
90 85 1365.5606
242 85 654.4503
251 85 132.0829
6 86 23707.9184
84 86 214.0869
87 86 16273.393
1 87 2553.6261
86 87 16273.393
89 87 6920.4152
93 87 4819.2771
85 88 14558.1598
246 88 1414.4272
250 88 1391.5948
252 88 1441.9611
87 89 6920.4152
90 89 474.6084
243 89 998.004
85 90 1365.5606
89 90 474.6084
91 90 1233.0456
90 91 1233.0456
92 91 8503.4014
94 91 2115.5067
97 91 27292.5764
99 91 1606.4257
91 92 8503.4014
5 93 11063.1707
87 93 4819.2771
94 93 14850.0149
5 94 7320.6442
91 94 2115.5067
93 94 14850.0149
1 95 4029.0089
5 95 24551.9273
96 95 29524.6531
4 96 14692.918
95 96 29524.6531
97 96 23998.0802
4 97 9165.9028
91 97 27292.5764
96 97 23998.0802
3 98 28514.3998
4 98 29282.5769
104 98 300.2101
106 98 5144.0329
91 99 1606.4257
100 99 1812.5793
103 99 2284.148
142 99 823.0453
99 100 1812.5793
101 100 1671.4023
102 100 2177.7003
100 101 1671.4023
102 101 3472.2222
125 101 3577.8175
143 101 548.5464
100 102 2177.7003
101 102 3472.2222
104 102 438.2121
99 103 2284.148
98 104 300.2101
102 104 438.2121
105 104 450.8566
106 104 2062.7063
141 104 401.2841
351 104 1222.0457
104 105 450.8566
3 106 3673.7693
98 106 5144.0329
104 106 2062.7063
3 107 31026.9935
108 107 14641.2884
109 107 10157.4403
2 108 7698.2294
107 108 14641.2884
111 108 8888.8889
107 109 10157.4403
110 109 151.4234
118 109 137.0238
109 110 151.4234
144 110 4610.4195
145 110 2111.9324
2 111 4009.6231
108 111 8888.8889
112 111 1483.6795
114 111 765.1109
2 112 9587.7277
111 112 1483.6795
113 112 675.6757
117 112 28089.8876
112 113 675.6757
114 113 214.9151
115 113 242.6595
111 114 765.1109
113 114 214.9151
115 114 419.4631
118 114 294.5508
113 115 242.6595
114 115 419.4631
116 115 1058.9855
115 116 1058.9855
117 116 230.787
131 116 53.1915
259 116 613.1208
17 117 4061.7384
112 117 28089.8876
116 117 230.787
109 118 137.0238
114 118 294.5508
132 118 143.472
73 119 117.5779
7 120 6447.4533
76 120 8298.7552
121 120 3813.8825
74 121 6079.0274
76 121 10082.678
120 121 3813.8825
48 122 3894.081
49 122 14170.3273
54 122 2087.2469
35 123 17256.2554
54 124 9250.6938
101 125 3577.8175
126 125 133.9405
127 125 9505.7034
125 126 133.9405
125 127 9505.7034
128 127 19249.2782
320 127 286.8617
127 128 19249.2782
129 128 16079.7556
319 128 146.7136
128 129 16079.7556
130 129 19743.3366
321 129 880.2817
129 130 19743.3366
116 131 53.1915
118 132 143.472
22 133 2191.0605
22 134 1446.1316
22 135 5040.3226
136 135 216.2162
137 135 9881.4229
135 136 216.2162
135 137 9881.4229
138 137 488.9976
139 137 6176.6523
322 137 1209.3361
137 138 488.9976
137 139 6176.6523
140 139 7917.6564
327 139 251.8892
328 139 2540.6504
139 140 7917.6564
323 140 373.6921
324 140 2276.3487
104 141 401.2841
99 142 823.0453
101 143 548.5464
110 144 4610.4195
110 145 2111.9324
26 146 77.7605
28 147 2648.3051
148 147 421.23
149 147 4474.2729
147 148 421.23
147 149 4474.2729
150 149 5662.5142
151 149 1653.9861
152 149 4486.3167
149 150 5662.5142
149 151 1653.9861
149 152 4486.3167
153 152 350.0175
154 152 2994.9087
155 152 485.9086
157 152 2975.305
152 153 350.0175
152 154 2994.9087
155 154 989.1197
156 154 211.7747
152 155 485.9086
154 155 989.1197
335 155 253.614
336 155 411.1842
337 155 829.8755
338 155 1496.1101
154 156 211.7747
152 157 2975.305
158 157 4258.9438
159 157 4559.9635
332 157 1525.3203
157 158 4258.9438
157 159 4559.9635
54 160 439.5604
43 161 260.2811
36 162 383.2886
42 163 1672.8003
164 163 288.4338
165 163 140.4494
163 164 288.4338
163 165 140.4494
40 166 2653.9278
42 166 540.8329
339 166 62.9723
37 167 3716.0907
40 167 9157.5092
169 167 7692.3077
40 168 591.3661
167 169 7692.3077
170 169 311.5265
171 169 2573.3402
169 170 311.5265
169 171 2573.3402
172 171 4664.1791
340 171 46.8384
171 172 4664.1791
173 172 13125.082
341 172 6035.003
172 173 13125.082
341 174 4301.0753
343 174 571.7553
344 174 761.6146
37 175 207.0822
37 176 256.2788
346 176 41.4079
347 176 456.4126
37 177 6365.3724
178 177 525.4861
345 177 350.7541
177 178 525.4861
55 179 366.1662
180 179 202.8809
181 179 2172.9683
283 179 2173.4406
179 180 202.8809
179 181 2172.9683
183 182 92.5926
184 182 2340.824
261 182 173.581
182 183 92.5926
182 184 2340.824
185 184 2887.6697
263 184 26.9687
184 185 2887.6697
267 185 356.7606
268 185 1309.4147
57 186 2664.535
187 186 1221.4486
188 186 2964.7198
189 186 2310.0023
190 186 1908.0328
186 187 1221.4486
186 188 2964.7198
191 188 3180.6616
192 188 8176.6149
186 189 2310.0023
186 190 1908.0328
196 190 2696.8716
200 190 14779.7813
188 191 3180.6616
275 191 400.3203
352 191 287.7698
188 192 8176.6149
193 192 5350.4548
274 192 505.8169
192 193 5350.4548
194 193 4277.16
274 193 476.6444
193 194 4277.16
195 194 4770.9924
272 194 542.2993
194 195 4770.9924
269 195 8787.3462
273 195 117.1234
190 196 2696.8716
197 196 3526.0931
201 196 35637.9187
196 197 3526.0931
59 198 5316.3211
59 199 3190.8105
200 199 8771.9298
204 199 1686.0563
205 199 940.7338
190 200 14779.7813
199 200 8771.9298
201 200 13723.0685
204 200 2968.2398
196 201 35637.9187
200 201 13723.0685
202 201 2474.635
201 202 2474.635
278 202 125.0156
285 202 4314.0638
352 202 10274.3245
276 203 109.1703
285 203 6009.6154
287 203 1670.2856
288 203 5737.2347
352 203 18705.5743
199 204 1686.0563
200 204 2968.2398
279 204 451.8753
199 205 940.7338
67 206 126.8714
207 206 53.9374
208 206 139.3534
206 207 53.9374
62 208 3542.3309
63 208 606.4281
206 208 139.3534
69 209 24.8385
66 210 177.1479
72 211 125.0
212 211 1443.0014
213 211 358.6801
211 212 1443.0014
211 213 358.6801
348 213 171.556
349 213 64.8088
68 214 9980.0399
215 214 10750.3763
216 214 6489.2927
214 215 10750.3763
214 216 6489.2927
217 216 9551.0984
221 216 589.6226
224 216 2925.6875
216 217 9551.0984
218 217 6064.2814
225 217 665.336
301 217 103.4126
217 218 6064.2814
219 218 6697.9236
220 218 2104.82
218 219 6697.9236
293 219 7800.312
302 219 2015.3164
218 220 2104.82
300 220 291.3753
302 220 3456.6194
216 221 589.6226
68 222 6035.003
223 222 12965.1238
289 222 114.4296
222 223 12965.1238
224 223 11296.8821
227 223 1886.4365
216 224 2925.6875
223 224 11296.8821
225 224 14322.5437
227 224 1537.7518
217 225 665.336
224 225 14322.5437
226 225 3783.5793
292 225 1285.8429
225 226 3783.5793
293 226 3767.8975
294 226 1198.466
295 226 1746.1149
223 227 1886.4365
224 227 1537.7518
290 227 1294.666
291 227 190.6578
74 228 203.7075
229 228 370.2332
303 228 507.872
80 229 1865.6716
228 229 370.2332
230 229 926.7841
304 229 188.2176
81 230 6666.6667
229 230 926.7841
239 230 4743.833
232 231 3563.7919
239 231 9259.2593
241 231 1554.0016
231 232 3563.7919
233 232 4512.6354
236 232 9950.2488
305 232 199.005
232 233 4512.6354
234 233 4856.7266
350 233 2359.0469
233 234 4856.7266
309 234 4317.7893
310 234 516.2623
81 235 1625.4876
232 236 9950.2488
237 236 1226.6928
306 236 140.9841
236 237 1226.6928
307 237 3009.3289
308 237 2693.9655
82 238 773.3952
230 239 4743.833
231 239 9259.2593
240 239 334.2246
239 240 334.2246
231 241 1554.0016
83 242 423.1909
85 242 654.4503
244 242 1577.2871
89 243 998.004
242 244 1577.2871
245 244 582.0722
247 244 6242.1973
316 244 1242.6991
318 244 2556.2372
244 245 582.0722
315 245 1501.5015
317 245 181.4224
88 246 1414.4272
247 246 2901.0734
249 246 6648.9362
244 247 6242.1973
246 247 2901.0734
248 247 941.6196
247 248 941.6196
246 249 6648.9362
88 250 1391.5948
85 251 132.0829
88 252 1441.9611
253 252 2824.061
255 252 8298.7552
256 252 1747.9462
252 253 2824.061
254 253 1854.2555
312 253 373.9716
253 254 1854.2555
311 254 300.9329
313 254 560.5381
314 254 956.9378
252 255 8298.7552
252 256 1747.9462
34 257 300.7519
25 258 1299.2075
116 259 613.1208
51 260 519.4805
61 261 3469.8126
182 261 173.581
262 261 146.1988
261 262 146.1988
184 263 26.9687
56 264 59.5593
265 264 873.3624
266 264 224.7191
264 265 873.3624
264 266 224.7191
185 267 356.7606
185 268 1309.4147
195 269 8787.3462
270 269 15037.594
271 269 1681.8029
269 270 15037.594
269 271 1681.8029
194 272 542.2993
195 273 117.1234
192 274 505.8169
193 274 476.6444
275 274 207.6412
191 275 400.3203
274 275 207.6412
276 275 2998.5007
203 276 109.1703
275 276 2998.5007
277 276 1402.3279
276 277 1402.3279
202 278 125.0156
204 279 451.8753
280 279 337.8378
281 279 382.995
279 280 337.8378
279 281 382.995
283 282 2442.5989
179 283 2173.4406
282 283 2442.5989
284 283 1505.7973
283 284 1505.7973
202 285 4314.0638
203 285 6009.6154
286 285 516.5289
285 286 516.5289
203 287 1670.2856
203 288 5737.2347
222 289 114.4296
227 290 1294.666
227 291 190.6578
225 292 1285.8429
219 293 7800.312
226 293 3767.8975
297 293 23126.7345
226 294 1198.466
226 295 1746.1149
296 295 2452.1824
297 295 3664.3459
295 296 2452.1824
293 297 23126.7345
295 297 3664.3459
298 297 13024.2251
297 298 13024.2251
302 299 740.7407
220 300 291.3753
217 301 103.4126
219 302 2015.3164
220 302 3456.6194
299 302 740.7407
228 303 507.872
229 304 188.2176
232 305 199.005
236 306 140.9841
237 307 3009.3289
237 308 2693.9655
234 309 4317.7893
234 310 516.2623
254 311 300.9329
253 312 373.9716
254 313 560.5381
254 314 956.9378
245 315 1501.5015
244 316 1242.6991
245 317 181.4224
244 318 2556.2372
128 319 146.7136
127 320 286.8617
129 321 880.2817
137 322 1209.3361
140 323 373.6921
140 324 2276.3487
325 324 2704.1644
326 324 531.6321
324 325 2704.1644
324 326 531.6321
139 327 251.8892
139 328 2540.6504
329 328 2721.0884
330 328 1404.889
328 329 2721.0884
328 330 1404.889
27 331 90.4977
157 332 1525.3203
333 332 414.0787
334 332 1169.0437
332 333 414.0787
332 334 1169.0437
155 335 253.614
155 336 411.1842
155 337 829.8755
155 338 1496.1101
166 339 62.9723
171 340 46.8384
172 341 6035.003
174 341 4301.0753
342 341 1492.7601
341 342 1492.7601
174 343 571.7553
174 344 761.6146
177 345 350.7541
176 346 41.4079
176 347 456.4126
213 348 171.556
213 349 64.8088
233 350 2359.0469
104 351 1222.0457
191 352 287.7698
202 352 10274.3245
203 352 18705.5743
