5 1 6289.3082
6 1 5133.4702
7 1 6605.0198
8 1 6747.6383
9 1 5760.3687
10 1 6915.6293
13 1 69.6379
22 1 395.1008
39 1 3220.6119
40 1 164.3385
51 1 3123.0481
120 1 218.436
131 1 143.3281
140 1 678.4261
208 1 215.4708
221 2 75.815
151 3 355.6188
219 3 494.0711
260 3 50.6073
178 4 87.4891
215 4 104.1233
221 4 52.521
1 5 6289.3082
1 6 5133.4702
48 6 1028.4891
105 6 10471.2042
1 7 6605.0198
81 7 4694.8357
169 7 10799.1361
1 8 6747.6383
1 9 5760.3687
98 9 286.8617
219 9 20.6825
1 10 6915.6293
68 11 84.3882
76 11 74.239
197 11 62.3441
25 12 758.1501
26 12 47.1032
229 12 13.4626
1 13 69.6379
14 13 3660.3221
15 13 1477.5414
13 14 3660.3221
210 14 903.3424
245 14 244.6782
13 15 1477.5414
66 16 67.3401
18 17 552.1811
19 17 692.0415
190 17 145.0326
17 18 552.1811
17 19 692.0415
32 19 937.2071
191 19 551.2679
67 20 481.9277
91 20 186.7065
161 20 176.616
230 21 471.4757
1 22 395.1008
23 22 3966.6799
27 22 693.4813
22 23 3966.6799
96 24 192.3817
12 25 758.1501
57 25 28.6123
213 25 226.9117
12 26 47.1032
28 26 283.849
38 26 70.6215
59 26 381.5338
159 26 197.0443
22 27 693.4813
129 27 393.7008
149 27 2751.7887
26 28 283.849
59 28 2161.2276
230 28 1975.5038
30 29 793.6508
140 29 3315.6499
175 29 136.7802
29 30 793.6508
35 30 2927.4005
125 30 399.5206
35 31 6930.0069
19 32 937.2071
239 33 331.0162
170 34 1511.9444
30 35 2927.4005
31 35 6930.0069
36 35 443.459
35 36 443.459
187 37 389.7116
26 38 70.6215
1 39 3220.6119
140 39 818.3306
249 39 38.8651
1 40 164.3385
44 41 68.306
188 41 45.8505
234 41 697.8367
43 42 806.4516
42 43 806.4516
46 43 572.4098
179 43 334.2246
41 44 68.306
232 45 85.9845
43 46 572.4098
110 47 88.8099
6 48 1028.4891
52 48 2970.8853
186 48 52.8821
231 49 178.9869
157 50 66.8003
1 51 3123.0481
52 51 11402.5086
105 51 25773.1959
48 52 2970.8853
51 52 11402.5086
105 52 8710.8014
211 52 348.0682
54 53 4916.4208
172 53 271.8869
235 53 111.0741
53 54 4916.4208
60 54 406.6694
114 54 129.9039
123 54 87.26
57 55 714.7963
172 56 95.6938
25 57 28.6123
55 57 714.7963
211 57 618.4292
114 58 447.6276
26 59 381.5338
28 59 2161.2276
176 59 638.5696
54 60 406.6694
82 60 3030.303
117 60 913.242
62 61 452.8986
61 62 452.8986
112 62 2181.5009
113 62 2128.1124
64 63 653.1679
63 64 653.1679
66 65 1599.4882
16 66 67.3401
65 66 1599.4882
190 66 1626.2807
20 67 481.9277
218 67 300.9329
240 67 2190.1007
11 68 84.3882
70 69 3266.9062
69 70 3266.9062
197 71 1175.3644
73 72 178.7949
132 72 275.8621
133 72 215.6567
241 72 198.4521
72 73 178.7949
101 73 985.2217
127 73 43.0849
167 73 282.2467
134 74 103.584
150 75 89.3655
11 76 74.239
169 77 679.3478
242 78 297.2652
136 79 132.3452
242 79 309.119
247 79 645.1613
179 80 64.9773
7 81 4694.8357
89 81 821.0181
169 81 2502.5025
60 82 3030.303
111 82 93.985
114 82 91.5751
152 83 326.3708
85 84 352.485
138 84 313.3814
244 84 327.7614
84 85 352.485
137 86 2904.4438
246 87 177.1479
246 88 280.1905
81 89 821.0181
90 89 9514.7479
200 89 122.6994
89 90 9514.7479
93 90 21978.022
99 90 8517.8876
193 90 1721.7631
20 91 186.7065
160 91 139.1595
166 91 3378.3784
166 92 5230.1255
90 93 21978.022
195 94 37.7786
227 94 2286.2369
228 94 201.0859
104 95 46.3177
24 96 192.3817
193 97 200.7226
9 98 286.8617
90 99 8517.8876
192 100 151.63
73 101 985.2217
190 102 1728.9073
141 103 392.6188
95 104 46.3177
6 105 10471.2042
51 105 25773.1959
52 105 8710.8014
189 106 1959.2476
187 107 365.8983
196 108 375.2345
176 109 12360.9394
47 110 88.8099
82 111 93.985
62 112 2181.5009
62 113 2128.1124
54 114 129.9039
58 114 447.6276
82 114 91.5751
116 115 394.1663
115 116 394.1663
60 117 913.242
233 118 175.5002
257 119 340.9478
1 120 218.436
179 121 304.5067
180 122 1830.1611
54 123 87.26
130 124 112.7523
30 125 399.5206
164 126 330.4693
73 127 43.0849
149 128 678.8866
27 129 393.7008
124 130 112.7523
1 131 143.3281
135 131 320.1024
217 131 136.8363
72 132 275.8621
72 133 215.6567
74 134 103.584
131 135 320.1024
79 136 132.3452
86 137 2904.4438
84 138 313.3814
210 139 91.1577
1 140 678.4261
29 140 3315.6499
39 140 818.3306
103 141 392.6188
185 142 100.8471
246 143 32.2789
204 144 354.3586
202 145 50.2765
254 146 2385.4962
259 147 621.118
258 148 54.5554
27 149 2751.7887
128 149 678.8866
150 149 1171.2345
75 150 89.3655
149 150 1171.2345
152 150 3898.6355
243 150 86.9565
3 151 355.6188
83 152 326.3708
150 152 3898.6355
241 152 6226.6501
223 153 1164.9581
225 154 630.1197
234 155 54.5256
213 156 146.994
50 157 66.8003
238 158 25.6542
26 159 197.0443
91 160 139.1595
20 161 176.616
237 162 713.7759
203 163 707.7141
126 164 330.4693
173 165 700.7708
91 166 3378.3784
92 166 5230.1255
168 166 9551.0984
73 167 282.2467
166 168 9551.0984
7 169 10799.1361
77 169 679.3478
81 169 2502.5025
34 170 1511.9444
171 170 1672.5205
173 170 1294.8336
170 171 1672.5205
172 171 1101.5642
173 171 17857.1429
53 172 271.8869
56 172 95.6938
171 172 1101.5642
165 173 700.7708
170 173 1294.8336
171 173 17857.1429
174 173 2053.3881
173 174 2053.3881
29 175 136.7802
59 176 638.5696
109 176 12360.9394
187 176 4081.6327
260 177 3013.8638
4 178 87.4891
43 179 334.2246
80 179 64.9773
121 179 304.5067
122 180 1830.1611
181 180 458.7156
182 180 996.0159
180 181 458.7156
184 181 153.7752
213 181 104.9208
248 181 119.4743
180 182 996.0159
234 182 246.4268
236 182 44.405
210 183 1734.0038
181 184 153.7752
142 185 100.8471
48 186 52.8821
37 187 389.7116
107 187 365.8983
176 187 4081.6327
41 188 45.8505
106 189 1959.2476
17 190 145.0326
66 190 1626.2807
102 190 1728.9073
19 191 551.2679
100 192 151.63
221 192 4938.2716
222 192 142.4299
90 193 1721.7631
97 193 200.7226
194 193 324.1491
195 193 1845.0185
193 194 324.1491
195 194 10080.6452
228 194 376.6478
94 195 37.7786
193 195 1845.0185
194 195 10080.6452
227 195 242.5418
108 196 375.2345
11 197 62.3441
71 197 1175.3644
199 197 2124.4954
223 197 54.1712
261 198 803.2129
197 199 2124.4954
89 200 122.6994
260 201 6765.8999
145 202 50.2765
217 202 2923.1219
258 202 31.9285
163 203 707.7141
144 204 354.3586
206 204 9541.9847
207 204 53.2198
212 204 58.6166
216 204 22.2717
226 205 964.3202
204 206 9541.9847
250 206 31.4564
251 206 114.5607
204 207 53.2198
214 207 30.3767
255 207 105.3408
1 208 215.4708
209 208 1307.5314
246 208 436.6812
208 209 1307.5314
14 210 903.3424
139 210 91.1577
183 210 1734.0038
52 211 348.0682
57 211 618.4292
229 211 316.4557
204 212 58.6166
25 213 226.9117
156 213 146.994
181 213 104.9208
207 214 30.3767
4 215 104.1233
226 215 118.4413
227 215 2802.6906
204 216 22.2717
131 217 136.8363
202 217 2923.1219
256 217 44.4247
67 218 300.9329
3 219 494.0711
9 219 20.6825
220 219 871.0801
219 220 871.0801
2 221 75.815
4 221 52.521
192 221 4938.2716
192 222 142.4299
153 223 1164.9581
197 223 54.1712
224 223 65.1466
223 224 65.1466
154 225 630.1197
205 226 964.3202
215 226 118.4413
228 226 258.3312
94 227 2286.2369
195 227 242.5418
215 227 2802.6906
94 228 201.0859
194 228 376.6478
226 228 258.3312
12 229 13.4626
211 229 316.4557
230 229 3232.0621
21 230 471.4757
28 230 1975.5038
229 230 3232.0621
49 231 178.9869
45 232 85.9845
118 233 175.5002
41 234 697.8367
155 234 54.5256
182 234 246.4268
53 235 111.0741
182 236 44.405
162 237 713.7759
158 238 25.6542
33 239 331.0162
67 240 2190.1007
72 241 198.4521
152 241 6226.6501
242 241 3435.2456
78 242 297.2652
79 242 309.119
241 242 3435.2456
150 243 86.9565
84 244 327.7614
14 245 244.6782
87 246 177.1479
88 246 280.1905
143 246 32.2789
208 246 436.6812
79 247 645.1613
181 248 119.4743
39 249 38.8651
206 250 31.4564
206 251 114.5607
252 251 1169.4539
253 251 2983.2936
251 252 1169.4539
251 253 2983.2936
146 254 2385.4962
207 255 105.3408
217 256 44.4247
119 257 340.9478
148 258 54.5554
202 258 31.9285
259 258 95.1475
147 259 621.118
258 259 95.1475
262 259 2054.2317
3 260 50.6073
177 260 3013.8638
201 260 6765.8999
198 261 803.2129
259 262 2054.2317
