2 1 5889.2815
3 1 7107.3205
4 1 6715.9167
5 1 4228.3298
6 1 5050.5051
7 1 4372.5404
8 1 5058.1689
9 1 5659.3096
10 1 5350.4548
11 1 4970.1789
12 1 5130.8363
13 1 7535.795
14 1 7468.2599
56 1 4156.276
164 1 2039.5676
1 2 5889.2815
15 2 402.0909
25 2 1326.7878
156 2 13157.8947
1 3 7107.3205
25 3 3850.5968
28 3 1598.721
29 3 2989.5366
1 4 6715.9167
29 4 2808.1999
35 4 5861.6647
49 4 2824.061
1 5 4228.3298
35 5 2382.6543
55 5 14556.0408
56 5 2573.3402
1 6 5050.5051
62 6 1243.3172
177 6 1321.004
1 7 4372.5404
63 7 200.3606
69 7 3386.3867
70 7 362.3188
72 7 2607.5619
75 7 6684.492
150 7 16077.1704
1 8 5058.1689
77 8 6165.2281
149 8 6626.9052
1 9 5659.3096
80 9 3667.0334
92 9 4646.8401
107 9 8561.6438
116 9 6253.9087
149 9 5920.6631
1 10 5350.4548
122 10 2474.0228
126 10 4539.2646
1 11 4970.1789
125 11 19920.3187
171 11 13586.9565
1 12 5130.8363
163 12 480.3074
168 12 221.8279
1 13 7535.795
151 13 2829.6548
162 13 1282.2157
164 13 1832.5087
1 14 7468.2599
151 14 1000.0
152 14 446.628
155 14 175.716
156 14 1085.6585
2 15 402.0909
16 15 2851.44
156 15 1290.4891
15 16 2851.44
17 16 11111.1111
21 16 146.1134
16 17 11111.1111
18 17 5104.6452
22 17 557.1031
23 17 760.4563
24 17 1924.187
17 18 5104.6452
19 18 10482.1803
20 18 5750.4313
18 19 10482.1803
18 20 5750.4313
16 21 146.1134
17 22 557.1031
17 23 760.4563
17 24 1924.187
2 25 1326.7878
3 25 3850.5968
26 25 3139.7174
27 25 3837.2985
25 26 3139.7174
25 27 3837.2985
3 28 1598.721
29 28 7215.0072
30 28 778.2101
3 29 2989.5366
4 29 2808.1999
28 29 7215.0072
32 29 1924.5574
28 30 778.2101
31 30 7558.579
32 30 11286.6817
34 30 1674.7613
30 31 7558.579
29 32 1924.5574
30 32 11286.6817
33 32 452.284
32 33 452.284
30 34 1674.7613
4 35 5861.6647
5 35 2382.6543
49 35 5165.2893
55 35 1586.7978
174 35 9107.4681
37 36 2034.1741
45 36 112.1957
174 36 6281.407
36 37 2034.1741
43 37 10787.4865
44 37 914.9131
46 37 156.0549
47 37 14947.6831
173 37 439.5604
39 38 7331.3783
40 38 16891.8919
47 38 18315.0183
38 39 7331.3783
38 40 16891.8919
41 40 9451.7958
42 40 11415.5251
40 41 9451.7958
40 42 11415.5251
37 43 10787.4865
37 44 914.9131
36 45 112.1957
37 46 156.0549
37 47 14947.6831
38 47 18315.0183
48 47 498.5045
175 47 4312.2035
47 48 498.5045
4 49 2824.061
35 49 5165.2893
50 49 270.5628
49 50 270.5628
52 51 359.8417
55 51 557.4136
56 51 1995.2115
51 52 359.8417
53 52 581.0575
55 52 334.8962
52 53 581.0575
54 53 695.4103
55 53 367.3769
53 54 695.4103
5 55 14556.0408
35 55 1586.7978
51 55 557.4136
52 55 334.8962
53 55 367.3769
174 55 920.8103
1 56 4156.276
5 56 2573.3402
51 56 1995.2115
57 56 862.069
177 56 5050.5051
56 57 862.069
58 57 8992.8058
64 57 331.785
176 57 809.0615
57 58 8992.8058
59 58 6027.7275
65 58 1413.6274
66 58 1491.6468
58 59 6027.7275
60 59 11534.0254
68 59 3099.814
59 60 11534.0254
61 60 4444.4444
67 60 5149.3306
60 61 4444.4444
6 62 1243.3172
63 62 1352.6309
177 62 973.7098
7 63 200.3606
62 63 1352.6309
70 63 373.1343
57 64 331.785
58 65 1413.6274
58 66 1491.6468
60 67 5149.3306
59 68 3099.814
7 69 3386.3867
70 69 250.8151
72 69 6671.1141
7 70 362.3188
63 70 373.1343
69 70 250.8151
71 70 52.2739
70 71 52.2739
7 72 2607.5619
69 72 6671.1141
73 72 99.5025
74 72 219.5872
72 73 99.5025
72 74 219.5872
7 75 6684.492
76 75 123.64
78 75 16778.5235
75 76 123.64
8 77 6165.2281
78 77 15797.7883
83 77 13550.1355
150 77 22222.2222
75 78 16778.5235
77 78 15797.7883
79 78 34013.6054
81 78 2854.696
150 78 11494.2529
78 79 34013.6054
80 79 14749.2625
83 79 23696.6825
9 80 3667.0334
79 80 14749.2625
81 80 4516.7118
84 80 8143.3225
88 80 1647.7179
78 81 2854.696
80 81 4516.7118
82 81 531.6321
81 82 531.6321
77 83 13550.1355
79 83 23696.6825
149 83 20408.1633
80 84 8143.3225
85 84 14749.2625
89 84 1828.8222
84 85 14749.2625
86 85 6027.7275
90 85 4659.8322
91 85 2566.7351
85 86 6027.7275
87 86 1949.3177
91 86 571.4286
86 87 1949.3177
80 88 1647.7179
89 88 3539.823
93 88 2642.0079
84 89 1828.8222
88 89 3539.823
90 89 3027.5507
85 90 4659.8322
89 90 3027.5507
91 90 3631.0821
85 91 2566.7351
86 91 571.4286
90 91 3631.0821
9 92 4646.8401
93 92 33557.047
107 92 5793.7428
88 93 2642.0079
92 93 33557.047
94 93 8539.7096
108 93 9233.6103
111 93 3790.7506
112 93 2424.8303
93 94 8539.7096
95 94 11148.272
113 94 3373.8192
94 95 11148.272
96 95 8264.4628
99 95 2386.6348
100 95 437.6368
95 96 8264.4628
97 96 2490.0398
98 96 7936.5079
96 97 2490.0398
96 98 7936.5079
99 98 1292.3236
100 98 801.2821
148 98 87.0322
95 99 2386.6348
98 99 1292.3236
100 99 4070.0041
95 100 437.6368
98 100 801.2821
99 100 4070.0041
101 100 10928.9617
114 100 22172.949
100 101 10928.9617
102 101 4992.5112
103 101 9090.9091
104 101 4816.9557
105 101 18050.5415
106 101 7604.5627
101 102 4992.5112
101 103 9090.9091
101 104 4816.9557
101 105 18050.5415
101 106 7604.5627
9 107 8561.6438
92 107 5793.7428
108 107 10000.0
115 107 4516.7118
93 108 9233.6103
107 108 10000.0
109 108 23696.6825
130 108 1866.0198
108 109 23696.6825
110 109 27100.271
131 109 1214.3291
109 110 27100.271
111 110 16339.8693
140 110 1640.9583
93 111 3790.7506
110 111 16339.8693
112 111 30487.8049
141 111 720.9805
93 112 2424.8303
111 112 30487.8049
113 112 27777.7778
143 112 5382.1313
94 113 3373.8192
112 113 27777.7778
114 113 14814.8148
100 114 22172.949
113 114 14814.8148
145 114 6056.9352
107 115 4516.7118
116 115 14224.7511
118 115 1000.0
121 115 8968.6099
9 116 6253.9087
115 116 14224.7511
117 116 1385.2334
116 117 1385.2334
118 117 1327.14
122 117 1955.0342
115 118 1000.0
117 118 1327.14
119 118 340.4835
120 118 255.9509
121 118 391.696
118 119 340.4835
118 120 255.9509
115 121 8968.6099
118 121 391.696
130 121 6027.7275
10 122 2474.0228
117 122 1955.0342
123 122 14947.6831
122 123 14947.6831
124 123 4198.1528
126 123 4916.4208
127 123 1234.1108
123 124 4198.1528
125 124 8032.1285
171 124 2380.3856
11 125 19920.3187
124 125 8032.1285
126 125 3231.0178
10 126 4539.2646
123 126 4916.4208
125 126 3231.0178
123 127 1234.1108
128 127 254.2588
129 127 90.9918
127 128 254.2588
127 129 90.9918
108 130 1866.0198
121 130 6027.7275
131 130 25000.0
109 131 1214.3291
130 131 25000.0
132 131 4921.2598
140 131 4376.3676
131 132 4921.2598
133 132 11600.9281
136 132 11918.9511
138 132 7209.8053
132 133 11600.9281
134 133 4885.1979
135 133 2259.887
136 133 27173.913
133 134 4885.1979
133 135 2259.887
132 136 11918.9511
133 136 27173.913
137 136 1822.4895
138 136 523.5602
136 137 1822.4895
132 138 7209.8053
136 138 523.5602
139 138 1580.2781
138 139 1580.2781
110 140 1640.9583
131 140 4376.3676
141 140 3510.0035
111 141 720.9805
140 141 3510.0035
142 141 582.0722
141 142 582.0722
112 143 5382.1313
144 143 925.9259
145 143 17482.5175
143 144 925.9259
114 145 6056.9352
143 145 17482.5175
146 145 3411.8048
147 145 2831.2571
145 146 3411.8048
145 147 2831.2571
98 148 87.0322
8 149 6626.9052
9 149 5920.6631
83 149 20408.1633
7 150 16077.1704
77 150 22222.2222
78 150 11494.2529
13 151 2829.6548
14 151 1000.0
157 151 251.6356
162 151 2480.1587
14 152 446.628
153 152 116.171
154 152 134.4447
152 153 116.171
152 154 134.4447
14 155 175.716
2 156 13157.8947
14 156 1085.6585
15 156 1290.4891
151 157 251.6356
158 157 1535.1551
161 157 183.8573
172 157 4683.8407
157 158 1535.1551
159 158 7651.1094
160 158 4710.3156
158 159 7651.1094
158 160 4710.3156
157 161 183.8573
162 161 365.4971
163 161 254.7122
165 161 239.7507
13 162 1282.2157
151 162 2480.1587
161 162 365.4971
163 162 575.0431
164 162 1357.7733
12 163 480.3074
161 163 254.7122
162 163 575.0431
1 164 2039.5676
13 164 1832.5087
162 164 1357.7733
161 165 239.7507
166 165 4083.2993
167 165 1489.4251
168 165 301.6591
165 166 4083.2993
165 167 1489.4251
12 168 221.8279
165 168 301.6591
169 168 500.0
168 169 500.0
170 169 2322.8804
171 169 180.3752
169 170 2322.8804
11 171 13586.9565
124 171 2380.3856
169 171 180.3752
157 172 4683.8407
37 173 439.5604
35 174 9107.4681
36 174 6281.407
55 174 920.8103
47 175 4312.2035
57 176 809.0615
6 177 1321.004
56 177 5050.5051
62 177 973.7098
