2 1 6765.8999
3 1 6587.6153
4 1 4618.9376
5 1 5076.1421
6 1 6631.2997
7 1 7256.894
8 1 6544.5026
9 1 5586.5922
10 1 5988.024
11 1 4814.6365
12 1 4957.8582
13 1 3667.0334
14 1 7501.8755
15 1 2728.513
48 1 3085.4674
51 1 3559.9858
66 1 565.931
1 2 6765.8999
53 2 2506.894
56 2 6798.0965
60 2 5032.7126
61 2 385.0597
1 3 6587.6153
60 3 2861.2303
63 3 660.502
69 3 1004.9241
1 4 4618.9376
68 4 13896.6092
70 4 128.1887
71 4 228.2584
72 4 24850.8946
1 5 5076.1421
72 5 19083.9695
74 5 325.7329
78 5 4721.4353
1 6 6631.2997
78 6 6711.4094
83 6 16954.9
1 7 7256.894
83 7 19058.5096
87 7 16463.6154
88 7 4856.7266
91 7 20395.6761
1 8 6544.5026
96 8 15243.9024
97 8 11229.6463
99 8 2779.3218
1 9 5586.5922
46 9 231.1604
48 9 5359.0568
49 9 3313.4526
102 9 816.9935
103 9 197.9806
1 10 5988.024
44 10 6752.1945
45 10 477.0992
1 11 4814.6365
37 11 727.802
40 11 2449.7795
44 11 7751.938
1 12 4957.8582
28 12 1984.127
33 12 7102.2727
1 13 3667.0334
25 13 104.3841
26 13 100.6948
28 13 3045.9945
1 14 7501.8755
91 14 15398.8297
96 14 15765.4107
1 15 2728.513
16 15 205.6767
17 15 56.0852
18 15 31.2012
19 15 79.6178
15 16 205.6767
15 17 56.0852
15 18 31.2012
15 19 79.6178
22 20 590.6675
23 20 498.5045
31 20 8058.0177
23 21 2037.0748
20 22 590.6675
20 23 498.5045
21 23 2037.0748
24 23 5813.9535
23 24 5813.9535
13 25 104.3841
13 26 100.6948
27 26 881.0573
29 26 291.2056
31 26 323.2062
26 27 881.0573
12 28 1984.127
13 28 3045.9945
29 28 6939.6253
26 29 291.2056
28 29 6939.6253
30 29 167.5603
31 29 12128.5628
33 29 968.0542
29 30 167.5603
20 31 8058.0177
26 31 323.2062
29 31 12128.5628
32 31 673.4007
31 32 673.4007
12 33 7102.2727
29 33 968.0542
34 33 1757.4692
33 34 1757.4692
35 34 739.645
36 34 1641.7665
34 35 739.645
34 36 1641.7665
11 37 727.802
38 37 814.9959
39 37 469.4836
37 38 814.9959
37 39 469.4836
11 40 2449.7795
41 40 1578.532
44 40 3044.14
40 41 1578.532
42 41 96.9932
43 41 956.9378
41 42 96.9932
41 43 956.9378
10 44 6752.1945
11 44 7751.938
40 44 3044.14
10 45 477.0992
46 45 1171.7835
49 45 488.2812
50 45 705.2186
9 46 231.1604
45 46 1171.7835
47 46 893.655
46 47 893.655
1 48 3085.4674
9 48 5359.0568
49 48 6557.377
50 48 6485.0843
9 49 3313.4526
45 49 488.2812
48 49 6557.377
50 49 18917.8963
45 50 705.2186
48 50 6485.0843
49 50 18917.8963
1 51 3559.9858
52 51 414.9378
53 51 6605.0198
51 52 414.9378
2 53 2506.894
51 53 6605.0198
54 53 496.5243
53 54 496.5243
55 54 737.4631
56 54 981.3543
54 55 737.4631
56 55 1809.2998
57 55 1709.694
2 56 6798.0965
54 56 981.3543
55 56 1809.2998
55 57 1709.694
58 57 800.0
59 57 510.2041
57 58 800.0
57 59 510.2041
2 60 5032.7126
3 60 2861.2303
62 60 571.4286
2 61 385.0597
60 62 571.4286
3 63 660.502
64 63 226.5519
65 63 654.4503
67 63 843.8819
63 64 226.5519
63 65 654.4503
1 66 565.931
67 66 1617.0763
68 66 2209.9448
63 67 843.8819
66 67 1617.0763
68 67 1384.658
4 68 13896.6092
66 68 2209.9448
67 68 1384.658
3 69 1004.9241
4 70 128.1887
4 71 228.2584
4 72 24850.8946
5 72 19083.9695
73 72 1339.0466
74 72 391.2363
72 73 1339.0466
5 74 325.7329
72 74 391.2363
75 74 881.8342
74 75 881.8342
76 75 820.3445
77 75 2338.0874
75 76 820.3445
75 77 2338.0874
5 78 4721.4353
6 78 6711.4094
79 78 1823.8191
83 78 7457.1216
78 79 1823.8191
80 79 578.0347
84 79 2977.9631
79 80 578.0347
81 80 1971.9976
82 80 439.9472
80 81 1971.9976
80 82 439.9472
6 83 16954.9
7 83 19058.5096
78 83 7457.1216
84 83 5211.0474
87 83 20161.2903
79 84 2977.9631
83 84 5211.0474
85 84 15375.1538
84 85 15375.1538
86 85 4008.016
87 85 2838.4899
85 86 4008.016
7 87 16463.6154
83 87 20161.2903
85 87 2838.4899
7 88 4856.7266
89 88 289.3519
90 88 384.3198
88 89 289.3519
88 90 384.3198
7 91 20395.6761
14 91 15398.8297
92 91 8183.3061
91 92 8183.3061
93 92 244.1406
96 92 1722.3562
92 93 244.1406
94 93 438.0201
95 93 685.8711
93 94 438.0201
93 95 685.8711
8 96 15243.9024
14 96 15765.4107
92 96 1722.3562
97 96 15511.0904
8 97 11229.6463
96 97 15511.0904
98 97 407.9967
99 97 2662.4068
97 98 407.9967
8 99 2779.3218
97 99 2662.4068
100 99 99.5025
101 99 137.5327
99 100 99.5025
99 101 137.5327
9 102 816.9935
9 103 197.9806
