2 1 4764.1734
3 1 6009.6154
4 1 4522.8403
5 1 6165.2281
6 1 7479.4316
7 1 6896.5517
8 1 5260.3893
9 1 4957.8582
24 1 753.012
41 1 341.6467
46 1 2198.2853
51 1 110.0352
54 1 324.2542
97 1 139.6453
104 1 593.8242
1 2 4764.1734
10 2 115.2339
62 2 47.9616
1 3 6009.6154
1 4 4522.8403
95 4 537.0569
97 4 145.8789
1 5 6165.2281
16 5 186.0119
18 5 10283.8338
1 6 7479.4316
18 6 4578.7546
20 6 3544.8423
1 7 6896.5517
1 8 5260.3893
1 9 4957.8582
26 9 274.7253
31 9 38.2555
2 10 115.2339
90 10 4553.7341
98 10 80.1282
87 11 81.9001
85 12 75.5287
97 12 743.4944
115 12 651.4658
86 13 4940.7115
95 14 235.0729
95 15 93.633
5 16 186.0119
17 16 100.5227
96 16 103.5947
16 17 100.5227
5 18 10283.8338
6 18 4578.7546
19 18 2175.805
18 19 2175.805
6 20 3544.8423
84 21 62.3053
116 22 98.912
117 23 59.312
1 24 753.012
83 25 49.95
9 26 274.7253
27 26 6872.8522
30 26 349.284
26 27 6872.8522
28 27 1420.2528
80 27 161.3424
27 28 1420.2528
29 28 5015.0451
82 28 140.1542
28 29 5015.0451
81 29 1182.872
121 29 24.0385
26 30 349.284
9 31 38.2555
36 32 6146.2815
38 32 464.2526
108 32 137.1178
34 33 224.8201
33 34 224.8201
77 35 160.7976
32 36 6146.2815
40 36 430.2926
73 36 1010.6114
72 37 121.4034
73 37 6071.6454
75 37 203.4174
109 37 7698.2294
32 38 464.2526
40 39 790.5138
36 40 430.2926
39 40 790.5138
41 40 363.3721
124 40 341.5301
1 41 341.6467
40 41 363.3721
43 41 1354.6464
68 42 2456.3989
93 42 278.94
106 42 6583.2785
41 43 1354.6464
71 44 394.4773
46 45 27.5406
1 46 2198.2853
45 46 27.5406
110 46 24.7036
48 47 4184.1004
50 47 3728.5608
52 47 4432.6241
111 47 244.4988
47 48 4184.1004
49 48 735.2941
89 48 198.8072
48 49 735.2941
58 49 553.7099
59 49 241.2545
47 50 3728.5608
1 51 110.0352
52 51 2105.7065
60 51 143.8021
47 52 4432.6241
51 52 2105.7065
53 52 816.9935
52 53 816.9935
1 54 324.2542
55 54 1016.4668
56 54 101.4507
54 55 1016.4668
61 55 101.5125
99 55 100.634
54 56 101.4507
57 56 169.6641
88 56 100.2808
56 57 169.6641
49 58 553.7099
49 59 241.2545
51 60 143.8021
55 61 101.5125
2 62 47.9616
64 63 143.2665
66 63 2178.1747
92 63 167.4201
63 64 143.2665
65 64 432.9004
67 64 626.1741
64 65 432.9004
63 66 2178.1747
64 67 626.1741
42 68 2456.3989
70 69 1136.622
69 70 1136.622
44 71 394.4773
37 72 121.4034
36 73 1010.6114
37 73 6071.6454
74 73 315.856
76 73 423.1909
73 74 315.856
76 74 331.2355
101 74 280.5836
123 74 1135.4604
37 75 203.4174
73 76 423.1909
74 76 331.2355
78 76 517.8664
100 76 103.756
35 77 160.7976
76 78 517.8664
101 79 2041.6497
27 80 161.3424
29 81 1182.872
28 82 140.1542
25 83 49.95
21 84 62.3053
12 85 75.5287
13 86 4940.7115
113 86 106.849
114 86 63.3714
11 87 81.9001
56 88 100.2808
48 89 198.8072
10 90 4553.7341
112 91 166.3617
63 92 167.4201
42 93 278.94
107 94 471.9207
4 95 537.0569
14 95 235.0729
15 95 93.633
16 96 103.5947
1 97 139.6453
4 97 145.8789
12 97 743.4944
10 98 80.1282
55 99 100.634
76 100 103.756
74 101 280.5836
79 101 2041.6497
102 101 264.131
101 102 264.131
103 102 472.1435
122 102 871.8396
102 103 472.1435
1 104 593.8242
118 105 46.9484
42 106 6583.2785
94 107 471.9207
32 108 137.1178
37 109 7698.2294
46 110 24.7036
47 111 244.4988
91 112 166.3617
86 113 106.849
86 114 63.3714
12 115 651.4658
22 116 98.912
23 117 59.312
105 118 46.9484
119 118 120.2212
120 118 158.705
118 119 120.2212
118 120 158.705
29 121 24.0385
102 122 871.8396
74 123 1135.4604
40 124 341.5301
