2 1 7092.1986
3 1 5310.6745
4 1 7147.9628
5 1 6618.1337
6 1 5494.5055
7 1 6020.4696
8 1 6397.9527
9 1 5948.84
32 1 881.8342
33 1 286.944
35 1 4393.6731
36 1 3757.9857
113 1 145.0537
1 2 7092.1986
40 2 205.8884
170 2 4633.9203
1 3 5310.6745
39 3 16002.5604
80 3 82.3045
1 4 7147.9628
71 4 90.7441
90 4 100.321
1 5 6618.1337
1 6 5494.5055
19 6 537.6344
25 6 458.2951
1 7 6020.4696
8 7 5537.0986
18 7 153.1159
1 8 6397.9527
7 8 5537.0986
10 8 148.6768
1 9 5948.84
8 10 148.6768
11 10 1556.178
43 10 380.5175
47 10 151.1944
10 11 1556.178
13 12 40.4367
47 12 2201.1886
48 12 248.0774
12 13 40.4367
15 14 1788.269
14 15 1788.269
16 15 544.0696
18 15 140.647
15 16 544.0696
17 16 412.8819
18 16 124.564
16 17 412.8819
50 17 2272.7273
58 17 1910.2197
164 17 12056.9086
7 18 153.1159
15 18 140.647
16 18 124.564
6 19 537.6344
20 19 664.8936
25 19 1305.483
19 20 664.8936
21 20 707.2136
24 20 195.16
20 21 707.2136
22 21 1245.9507
23 21 1739.4329
21 22 1245.9507
61 22 108.3306
112 22 165.3986
21 23 1739.4329
20 24 195.16
6 25 458.2951
19 25 1305.483
26 25 575.374
25 26 575.374
28 27 122.7295
27 28 122.7295
29 28 788.0221
31 28 2276.3487
66 28 277.2387
28 29 788.0221
33 29 660.502
147 29 254.907
31 30 9569.378
68 30 652.3157
69 30 3507.5412
28 31 2276.3487
30 31 9569.378
148 31 9881.4229
1 32 881.8342
1 33 286.944
29 33 660.502
91 33 68.1199
74 34 1016.8802
138 34 2328.8309
151 34 77.5795
1 35 4393.6731
36 35 4139.0728
37 35 3731.3433
38 35 87.7193
151 35 2408.4778
1 36 3757.9857
35 36 4139.0728
37 36 132.961
35 37 3731.3433
36 37 132.961
151 37 261.3696
35 38 87.7193
123 38 5012.5313
124 38 4621.0721
3 39 16002.5604
2 40 205.8884
41 40 160.7717
85 40 179.9856
125 40 140.4692
40 41 160.7717
83 41 1679.8253
119 41 37.4532
113 42 1040.1498
10 43 380.5175
45 43 175.1927
46 43 138.7925
162 43 126.6304
163 44 266.4535
43 45 175.1927
93 45 106.9862
153 45 112.3469
43 46 138.7925
156 46 75.5858
157 46 110.485
10 47 151.1944
12 47 2201.1886
48 47 1666.9445
12 48 248.0774
47 48 1666.9445
49 48 586.8545
96 48 132.8904
48 49 586.8545
160 49 131.6309
161 49 59.1366
17 50 2272.7273
51 50 203.0457
52 50 127.7466
50 51 203.0457
97 51 176.0563
98 51 310.2699
50 52 127.7466
53 52 657.4622
56 52 2753.304
110 52 1378.3598
52 53 657.4622
55 54 2270.663
54 55 2270.663
56 55 4040.404
58 55 2866.9725
52 56 2753.304
55 56 4040.404
57 56 637.7551
58 56 1103.0223
59 56 2832.8612
60 56 1943.2569
56 57 637.7551
17 58 1910.2197
55 58 2866.9725
56 58 1103.0223
56 59 2832.8612
56 60 1943.2569
22 61 108.3306
63 62 399.2016
111 62 109.1346
168 62 263.4352
169 62 1044.4955
62 63 399.2016
64 63 2148.2277
112 63 3615.329
63 64 2148.2277
65 64 2292.0009
100 64 914.9131
111 64 6157.6355
112 64 1355.0136
64 65 2292.0009
100 65 1018.6411
101 65 4144.2188
167 65 104.7449
28 66 277.2387
67 66 371.6091
146 66 32.352
66 67 371.6091
30 68 652.3157
30 69 3507.5412
70 69 45.5996
102 69 122.1001
69 70 45.5996
4 71 90.7441
72 71 602.047
73 71 144.3835
103 71 89.9281
71 72 602.047
104 72 942.5071
132 72 99.0099
71 73 144.3835
34 74 1016.8802
75 74 736.377
78 74 306.1849
126 74 122.0107
74 75 736.377
76 75 505.8169
77 75 2120.4411
79 75 94.9668
75 76 505.8169
127 76 245.6399
128 76 238.6635
129 76 166.8057
75 77 2120.4411
74 78 306.1849
79 78 913.242
139 78 1994.0179
75 79 94.9668
78 79 913.242
105 79 221.7787
107 79 7974.4817
3 80 82.3045
81 80 1234.8728
82 80 2715.1778
80 81 1234.8728
92 81 58.8582
122 81 1957.7134
80 82 2715.1778
119 82 96.432
122 82 2729.2576
41 83 1679.8253
84 83 393.391
116 83 101.4405
83 84 393.391
40 85 179.9856
86 85 605.6935
87 85 856.898
85 86 605.6935
114 86 313.2832
115 86 1185.677
85 87 856.898
113 88 643.0868
152 89 112.0323
4 90 100.321
33 91 68.1199
81 92 58.8582
45 93 106.9862
154 93 112.0951
155 93 131.0788
95 94 110.595
94 95 110.595
48 96 132.8904
51 97 176.0563
51 98 310.2699
168 99 370.3704
64 100 914.9131
65 100 1018.6411
111 100 1262.6263
165 100 206.4836
65 101 4144.2188
112 101 942.5071
166 101 229.1476
69 102 122.1001
71 103 89.9281
140 103 257.5328
143 103 466.8534
72 104 942.5071
105 104 908.2652
106 104 2426.0068
79 105 221.7787
104 105 908.2652
134 105 3795.0664
104 106 2426.0068
79 107 7974.4817
108 107 7733.952
129 107 300.9329
107 108 7733.952
109 108 5837.7116
131 108 109.6972
137 108 258.7322
108 109 5837.7116
133 109 478.0115
134 109 290.36
52 110 1378.3598
62 111 109.1346
64 111 6157.6355
100 111 1262.6263
168 111 432.1521
22 112 165.3986
63 112 3615.329
64 112 1355.0136
101 112 942.5071
1 113 145.0537
42 113 1040.1498
88 113 643.0868
86 114 313.2832
86 115 1185.677
83 116 101.4405
117 116 179.0831
118 116 187.1958
116 117 179.0831
116 118 187.1958
41 119 37.4532
82 119 96.432
120 119 363.2401
119 120 363.2401
122 121 30.5998
81 122 1957.7134
82 122 2729.2576
121 122 30.5998
38 123 5012.5313
38 124 4621.0721
40 125 140.4692
74 126 122.0107
76 127 245.6399
76 128 238.6635
76 129 166.8057
107 129 300.9329
130 129 204.4572
129 130 204.4572
108 131 109.6972
72 132 99.0099
109 133 478.0115
134 133 292.0561
136 133 105.5409
105 134 3795.0664
109 134 290.36
133 134 292.0561
135 134 1897.1732
134 135 1897.1732
133 136 105.5409
108 137 258.7322
34 138 2328.8309
78 139 1994.0179
103 140 257.5328
141 140 124.1619
142 140 261.5747
140 141 124.1619
140 142 261.5747
103 143 466.8534
144 143 211.5507
145 143 203.3347
143 144 211.5507
143 145 203.3347
66 146 32.352
29 147 254.907
31 148 9881.4229
150 149 143.7401
149 150 143.7401
34 151 77.5795
35 151 2408.4778
37 151 261.3696
89 152 112.0323
45 153 112.3469
93 154 112.0951
93 155 131.0788
46 156 75.5858
46 157 110.485
158 157 986.1933
159 157 1204.529
157 158 986.1933
157 159 1204.529
49 160 131.6309
49 161 59.1366
43 162 126.6304
44 163 266.4535
17 164 12056.9086
100 165 206.4836
101 166 229.1476
65 167 104.7449
62 168 263.4352
99 168 370.3704
111 168 432.1521
62 169 1044.4955
2 170 4633.9203
