2 1 4543.3894
3 1 6188.1188
4 1 4524.8869
5 1 6006.006
6 1 7479.4316
7 1 7057.163
8 1 6570.3022
9 1 5279.831
10 1 7293.946
11 1 4952.947
12 1 5025.1256
13 1 6218.9055
14 1 4127.1151
17 1 602.4096
47 1 1981.3751
88 1 1989.258
1 2 4543.3894
15 2 157.7536
17 2 323.2062
98 2 95.2381
1 3 6188.1188
19 3 7251.6316
173 3 362.1876
175 3 811.6883
1 4 4524.8869
1 5 6006.006
26 5 184.0604
28 5 11838.5226
1 6 7479.4316
28 6 16149.8708
30 6 19047.619
32 6 7788.162
1 7 7057.163
33 7 7593.0144
37 7 4840.2711
1 8 6570.3022
37 8 4970.1789
38 8 3531.0734
168 8 64.6412
1 9 5279.831
47 9 1878.6399
48 9 122.3391
49 9 807.1025
1 10 7293.946
49 10 1135.3315
50 10 2453.9877
51 10 1503.7594
1 11 4952.947
64 11 4612.5461
72 11 6631.2997
1 12 5025.1256
88 12 2748.7631
94 12 168.1237
1 13 6218.9055
14 13 1589.8251
94 13 108.9681
103 13 2910.3609
1 14 4127.1151
13 14 1589.8251
98 14 91.5751
99 14 373.2736
2 15 157.7536
18 15 332.7787
157 15 5701.2543
150 16 339.4433
1 17 602.4096
2 17 323.2062
18 17 1825.8171
15 18 332.7787
17 18 1825.8171
176 18 2318.0343
3 19 7251.6316
21 20 489.4763
20 21 489.4763
174 22 1218.0268
142 23 144.2169
146 23 856.1644
174 23 1136.8804
25 24 50.0
24 25 50.0
5 26 184.0604
27 26 124.6727
171 26 153.3507
26 27 124.6727
5 28 11838.5226
6 28 16149.8708
29 28 13183.9156
28 29 13183.9156
31 29 16556.2914
170 29 3489.1835
6 30 19047.619
31 30 10272.2137
32 30 13999.72
29 31 16556.2914
30 31 10272.2137
141 31 75.7002
6 32 7788.162
30 32 13999.72
33 32 6131.2078
7 33 7593.0144
32 33 6131.2078
34 33 4168.4035
37 33 2604.845
33 34 4168.4035
35 34 120.0336
36 34 81.3008
34 35 120.0336
34 36 81.3008
7 37 4840.2711
8 37 4970.1789
33 37 2604.845
8 38 3531.0734
39 38 499.002
47 38 3094.0594
38 39 499.002
40 39 8525.1492
45 39 1800.8284
156 39 204.8341
39 40 8525.1492
41 40 2272.7273
137 40 282.167
40 41 2272.7273
42 41 15908.3678
46 41 9124.0876
41 42 15908.3678
43 42 11536.6867
139 42 168.0108
42 43 11536.6867
44 43 18433.1797
138 43 1759.9437
43 44 18433.1797
166 44 182.615
167 44 30.0752
39 45 1800.8284
41 46 9124.0876
1 47 1981.3751
9 47 1878.6399
38 47 3094.0594
9 48 122.3391
9 49 807.1025
10 49 1135.3315
50 49 7256.894
10 50 2453.9877
49 50 7256.894
51 50 6064.2814
10 51 1503.7594
50 51 6064.2814
52 51 6868.1319
51 52 6868.1319
53 52 5720.8238
57 52 1107.9105
58 52 1218.769
52 53 5720.8238
54 53 15103.4587
57 53 989.1197
58 53 424.9894
59 53 2469.1358
62 53 589.9705
53 54 15103.4587
55 54 19186.4927
61 54 2902.7576
54 55 19186.4927
56 55 7987.2204
60 55 3237.2936
130 55 942.5071
55 56 7987.2204
125 56 1125.7458
129 56 10821.3397
131 56 654.4503
52 57 1107.9105
53 57 989.1197
62 57 10485.4776
67 57 22614.2017
52 58 1218.769
53 58 424.9894
136 58 447.0273
53 59 2469.1358
55 60 3237.2936
61 60 4299.2261
125 60 8130.0813
54 61 2902.7576
60 61 4299.2261
63 61 11899.0957
122 61 23375.4091
53 62 589.9705
57 62 10485.4776
68 62 636.9427
122 62 15299.8776
61 63 11899.0957
124 63 521.9207
125 63 9259.2593
128 63 1456.6642
11 64 4612.5461
65 64 1063.3773
71 64 99.7009
64 65 1063.3773
66 65 1056.9707
70 65 1635.858
65 66 1056.9707
67 66 16466.3264
69 66 222.4694
57 67 22614.2017
66 67 16466.3264
68 67 701.2623
62 68 636.9427
67 68 701.2623
75 68 392.0031
121 68 260.7562
66 69 222.4694
65 70 1635.858
64 71 99.7009
11 72 6631.2997
73 72 397.1406
81 72 2876.0426
72 73 397.1406
74 73 7581.5011
79 73 1194.3151
73 74 7581.5011
75 74 11153.2456
120 74 181.2908
68 75 392.0031
74 75 11153.2456
76 75 4526.9353
80 75 1583.5313
75 76 4526.9353
77 76 8354.2189
164 76 1461.9883
76 77 8354.2189
78 77 6451.6129
165 77 1728.3097
77 78 6451.6129
115 78 8110.3001
163 78 627.3526
73 79 1194.3151
75 80 1583.5313
72 81 2876.0426
83 82 1752.5412
104 82 384.9115
110 82 930.2326
162 82 361.0108
82 83 1752.5412
85 84 149.1202
84 85 149.1202
86 85 415.11
87 85 2021.0186
88 85 33.5008
85 86 415.11
85 87 2021.0186
1 88 1989.258
12 88 2748.7631
85 88 33.5008
89 88 51.7331
88 89 51.7331
90 89 6891.7988
93 89 4930.9665
96 89 4926.1084
89 90 6891.7988
91 90 2955.9563
154 90 656.168
155 90 753.012
90 91 2955.9563
92 91 1710.2788
107 91 335.233
91 92 1710.2788
105 92 11085.2455
160 92 82.3723
161 92 360.3604
89 93 4930.9665
12 94 168.1237
13 94 108.9681
95 94 698.812
94 95 698.812
96 95 3138.732
108 95 134.6439
89 96 4926.1084
95 96 3138.732
97 96 878.7346
96 97 878.7346
2 98 95.2381
14 98 91.5751
109 98 131.8392
14 99 373.2736
100 99 648.0881
101 99 120.5255
99 100 648.0881
159 100 76.0456
179 100 163.292
99 101 120.5255
102 101 423.37
153 101 168.8904
101 102 423.37
13 103 2910.3609
82 104 384.9115
92 105 11085.2455
106 105 16691.7042
158 105 185.2538
105 106 16691.7042
91 107 335.233
95 108 134.6439
98 109 131.8392
82 110 930.2326
111 110 5175.9834
113 110 13612.8505
110 111 5175.9834
112 111 20550.7604
114 111 10482.1803
111 112 20550.7604
110 113 13612.8505
111 114 10482.1803
78 115 8110.3001
116 115 7547.1698
118 115 569.4761
115 116 7547.1698
117 116 9960.1594
119 116 16917.6112
116 117 9960.1594
115 118 569.4761
116 119 16917.6112
74 120 181.2908
68 121 260.7562
61 122 23375.4091
62 122 15299.8776
123 122 1290.1561
122 123 1290.1561
63 124 521.9207
56 125 1125.7458
60 125 8130.0813
63 125 9259.2593
126 125 4248.0884
129 125 263.0887
125 126 4248.0884
127 126 9727.6265
129 126 1375.1375
126 127 9727.6265
63 128 1456.6642
56 129 10821.3397
125 129 263.0887
126 129 1375.1375
132 129 1082.4854
133 129 29429.0759
55 130 942.5071
56 131 654.4503
129 132 1082.4854
129 133 29429.0759
134 133 7112.3755
135 133 13296.1042
133 134 7112.3755
133 135 13296.1042
58 136 447.0273
40 137 282.167
43 138 1759.9437
42 139 168.0108
169 140 99.7009
31 141 75.7002
23 142 144.2169
143 142 1778.0939
144 142 325.839
145 142 855.432
142 143 1778.0939
142 144 325.839
142 145 855.432
23 146 856.1644
147 146 272.0348
148 146 479.8464
149 146 1189.0606
146 147 272.0348
146 148 479.8464
177 148 366.4346
178 148 1218.472
146 149 1189.0606
16 150 339.4433
151 150 843.8819
152 150 2735.2298
150 151 843.8819
150 152 2735.2298
101 153 168.8904
90 154 656.168
90 155 753.012
39 156 204.8341
15 157 5701.2543
105 158 185.2538
100 159 76.0456
92 160 82.3723
92 161 360.3604
82 162 361.0108
78 163 627.3526
76 164 1461.9883
77 165 1728.3097
44 166 182.615
44 167 30.0752
8 168 64.6412
140 169 99.7009
29 170 3489.1835
26 171 153.3507
174 172 177.3993
3 173 362.1876
22 174 1218.0268
23 174 1136.8804
172 174 177.3993
3 175 811.6883
18 176 2318.0343
148 177 366.4346
148 178 1218.472
100 179 163.292
