2 1 7189.0726
3 1 5701.2543
4 1 6849.3151
5 1 6531.6786
6 1 5488.4742
7 1 7507.5075
8 1 7241.1296
9 1 5257.6236
10 1 6097.561
14 1 5698.0057
15 1 301.0235
19 1 3215.4341
25 1 642.6735
28 1 674.3088
32 1 3259.4524
33 1 4699.2481
37 1 7183.908
38 1 4723.6656
44 1 576.7013
45 1 299.94
47 1 7246.3768
53 1 1303.1014
60 1 163.292
61 1 89.2061
64 1 1225.4902
77 1 2177.2262
81 1 319.2848
87 1 6289.3082
99 1 33.2889
102 1 219.106
1 2 7189.0726
11 2 1676.4459
393 2 23.3645
1 3 5701.2543
87 3 3240.4407
97 3 679.3478
98 3 1154.0681
99 3 60.2773
1 4 6849.3151
76 4 5020.0803
77 4 2803.4763
1 5 6531.6786
70 5 8097.166
71 5 753.012
76 5 4426.7375
1 6 5488.4742
58 6 619.195
64 6 1006.1374
317 6 43.4972
1 7 7507.5075
53 7 1276.4871
57 7 1457.7259
1 8 7241.1296
51 8 3318.9512
52 8 4828.5852
1 9 5257.6236
41 9 170.503
209 9 25.9471
1 10 6097.561
16 10 319.1829
17 10 104.5478
18 10 238.7205
2 11 1676.4459
12 11 226.6546
14 11 297.442
11 12 226.6546
13 12 1205.5455
17 12 235.6823
393 12 22.2618
12 13 1205.5455
246 13 614.6281
252 13 523.8345
1 14 5698.0057
11 14 297.442
15 14 155.4002
1 15 301.0235
14 15 155.4002
16 15 531.9149
10 16 319.1829
15 16 531.9149
17 16 464.9
10 17 104.5478
12 17 235.6823
16 17 464.9
10 18 238.7205
21 18 1576.5411
246 18 107.0435
1 19 3215.4341
20 19 9960.1594
23 19 1074.691
19 20 9960.1594
21 20 2623.9832
23 20 250.8781
18 21 1576.5411
20 21 2623.9832
22 21 37.5799
21 22 37.5799
19 23 1074.691
20 23 250.8781
24 23 63.3714
23 24 63.3714
1 25 642.6735
26 25 306.7485
261 25 606.0606
25 26 306.7485
27 26 1279.5905
247 26 544.0696
26 27 1279.5905
244 27 972.7626
245 27 104.7889
531 27 99.3049
1 28 674.3088
31 28 222.0742
530 28 457.4565
30 29 1258.4948
243 29 93.0233
530 29 2211.9
29 30 1258.4948
234 30 4147.6566
242 30 255.8199
541 30 61.3121
28 31 222.0742
1 32 3259.4524
33 32 8944.5438
34 32 3557.4529
1 33 4699.2481
32 33 8944.5438
34 33 2069.9648
32 34 3557.4529
33 34 2069.9648
35 34 2963.8411
34 35 2963.8411
36 35 1504.2118
232 35 99.108
35 36 1504.2118
218 36 148.1921
345 36 89.5255
1 37 7183.908
38 37 5945.3032
39 37 2420.7214
1 38 4723.6656
37 38 5945.3032
39 38 2093.8023
37 39 2420.7214
38 39 2093.8023
40 39 225.7336
42 39 27.6472
39 40 225.7336
221 40 3416.4674
227 40 5037.7834
341 40 49.975
9 41 170.503
42 41 124.502
43 41 61.6903
39 42 27.6472
41 42 124.502
229 42 884.1733
41 43 61.6903
1 44 576.7013
1 45 299.94
46 45 284.3332
48 45 411.8616
45 46 284.3332
212 46 35.3607
213 46 430.8488
1 47 7246.3768
48 47 170.9694
50 47 32.8623
45 48 411.8616
47 48 170.9694
49 48 100.1502
473 48 45.6204
48 49 100.1502
47 50 32.8623
8 51 3318.9512
8 52 4828.5852
1 53 1303.1014
7 53 1276.4871
54 53 928.5051
53 54 928.5051
55 54 3461.4053
197 54 137.9881
54 55 3461.4053
56 55 174.2768
201 55 223.7637
55 56 174.2768
7 57 1457.7259
6 58 619.195
59 58 315.6566
62 58 279.0179
58 59 315.6566
1 60 163.292
1 61 89.2061
58 62 279.0179
63 62 264.2706
317 62 320.3075
62 63 264.2706
1 64 1225.4902
6 64 1006.1374
65 64 1149.2932
75 64 1275.3475
64 65 1149.2932
67 66 2367.4242
68 66 900.9009
69 66 755.287
75 66 1900.057
66 67 2367.4242
195 67 263.2272
316 67 327.7614
66 68 900.9009
69 68 8904.7195
181 68 2052.5452
66 69 755.287
68 69 8904.7195
177 69 216.263
179 69 442.2822
5 70 8097.166
5 71 753.012
72 71 520.5622
75 71 46.3392
78 71 231.9109
71 72 520.5622
73 72 486.1449
79 72 754.717
72 73 486.1449
74 73 243.309
79 73 745.7122
73 74 243.309
166 74 1768.0339
167 74 2785.5153
64 75 1275.3475
66 75 1900.057
71 75 46.3392
4 76 5020.0803
5 76 4426.7375
77 76 1002.4058
1 77 2177.2262
4 77 2803.4763
76 77 1002.4058
78 77 153.069
80 77 53.5619
71 78 231.9109
77 78 153.069
79 78 269.1066
72 79 754.717
73 79 745.7122
78 79 269.1066
77 80 53.5619
162 80 250.4383
298 80 51.5464
1 81 319.2848
82 81 1204.6741
83 81 3116.2356
81 82 1204.6741
150 82 953.2888
152 82 212.9925
81 83 3116.2356
84 83 569.8006
88 83 252.0797
89 83 318.7759
83 84 569.8006
85 84 1433.0754
90 84 215.7032
84 85 1433.0754
86 85 814.9959
91 85 170.068
85 86 814.9959
1 87 6289.3082
3 87 3240.4407
88 87 1629.9919
98 87 12865.0457
83 88 252.0797
87 88 1629.9919
89 88 2723.3115
83 89 318.7759
88 89 2723.3115
90 89 3639.0102
84 90 215.7032
89 90 3639.0102
91 90 2417.795
85 91 170.068
90 91 2417.795
92 91 13073.6044
107 91 5411.2554
91 92 13073.6044
93 92 1165.9088
103 92 3142.6776
92 93 1165.9088
94 93 7547.1698
133 93 2397.5066
93 94 7547.1698
120 94 22411.4747
123 94 4498.4256
132 94 1485.8841
96 95 319.7953
97 95 1054.8523
101 95 299.222
95 96 319.7953
101 96 286.8617
108 96 117.0686
3 97 679.3478
95 97 1054.8523
98 97 10371.2923
3 98 1154.0681
87 98 12865.0457
97 98 10371.2923
1 99 33.2889
3 99 60.2773
100 99 158.7554
99 100 158.7554
101 100 176.2425
102 100 54.9149
95 101 299.222
96 101 286.8617
100 101 176.2425
1 102 219.106
100 102 54.9149
106 102 44.4444
92 103 3142.6776
104 103 7199.424
106 103 4528.9855
103 104 7199.424
105 104 4120.3131
120 104 1777.1459
104 105 4120.3131
109 105 635.7279
110 105 5385.0296
113 105 4725.8979
102 106 44.4444
103 106 4528.9855
109 106 120.511
91 107 5411.2554
96 108 117.0686
105 109 635.7279
106 109 120.511
393 109 45.7666
105 110 5385.0296
111 110 3862.4952
252 110 20.8333
262 110 171.8508
110 111 3862.4952
112 111 3110.4199
263 111 1036.0547
111 112 3110.4199
263 112 1287.4984
264 112 2615.0628
105 113 4725.8979
114 113 9813.5427
121 113 494.3154
113 114 9813.5427
115 114 5094.2435
277 114 89.6057
114 115 5094.2435
116 115 9372.0712
272 115 738.5524
115 116 9372.0712
117 116 11399.9088
119 116 4458.3148
116 117 11399.9088
118 117 3528.5815
276 117 6693.4404
117 118 3528.5815
116 119 4458.3148
94 120 22411.4747
104 120 1777.1459
121 120 655.7377
122 120 3382.9499
141 120 2201.6733
113 121 494.3154
120 121 655.7377
143 121 1913.1433
120 122 3382.9499
94 123 4498.4256
124 123 9652.5097
134 123 944.2871
123 124 9652.5097
125 124 14297.9697
135 124 1784.1213
124 125 14297.9697
126 125 10277.4923
136 125 2238.6389
125 126 10277.4923
127 126 11098.7791
129 126 969.9321
126 127 11098.7791
128 127 8038.5852
144 127 4826.2548
145 127 8598.4523
127 128 8038.5852
129 128 6775.0678
130 128 3957.2616
126 129 969.9321
128 129 6775.0678
130 129 7980.846
136 129 10641.6942
128 130 3957.2616
129 130 7980.846
140 130 7552.8701
297 130 1145.0819
132 131 2914.6022
133 131 11679.5141
150 131 2931.6916
158 131 340.2518
94 132 1485.8841
131 132 2914.6022
133 132 5727.3769
134 132 12823.801
158 132 510.9862
93 133 2397.5066
131 133 11679.5141
132 133 5727.3769
123 134 944.2871
132 134 12823.801
135 134 17012.5893
442 134 72.4638
124 135 1784.1213
134 135 17012.5893
136 135 12870.0129
137 135 1657.0008
125 136 2238.6389
129 136 10641.6942
135 136 12870.0129
135 137 1657.0008
138 137 7621.9512
139 137 1006.9479
137 138 7621.9512
137 139 1006.9479
294 139 1003.2103
297 139 2225.1891
130 140 7552.8701
292 140 11068.0686
295 140 1629.1952
120 141 2201.6733
142 141 6020.4696
144 141 1227.295
141 142 6020.4696
143 142 6891.7988
148 142 464.2526
121 143 1913.1433
142 143 6891.7988
277 143 1567.8896
280 143 8064.5161
127 144 4826.2548
141 144 1227.295
147 144 2397.5066
127 145 8598.4523
146 145 24390.2439
149 145 1578.532
145 146 24390.2439
147 146 10113.2686
148 146 2222.7162
144 147 2397.5066
146 147 10113.2686
148 147 2741.9797
142 148 464.2526
146 148 2222.7162
147 148 2741.9797
281 148 4144.2188
286 148 387.7472
145 149 1578.532
287 149 1068.4902
289 149 6743.0883
82 150 953.2888
131 150 2931.6916
151 150 206.6543
150 151 206.6543
82 152 212.9925
153 152 7733.952
162 152 48.8043
152 153 7733.952
154 153 18406.0372
159 153 1356.1161
153 154 18406.0372
155 154 5509.6419
299 154 194.9318
154 155 5509.6419
156 155 1533.9776
158 155 181.686
160 155 892.0607
161 155 365.6307
165 155 200.5214
155 156 1533.9776
157 156 5589.7149
303 156 172.1467
156 157 5589.7149
304 157 260.2811
307 157 10025.0627
131 158 340.2518
132 158 510.9862
155 158 181.686
153 159 1356.1161
155 160 892.0607
155 161 365.6307
80 162 250.4383
152 162 48.8043
163 162 2328.2887
162 163 2328.2887
164 163 544.9591
299 163 1041.016
163 164 544.9591
171 164 2114.1649
299 164 3291.6392
155 165 200.5214
171 165 888.8889
301 165 3977.7247
302 165 1107.4197
74 166 1768.0339
74 167 2785.5153
168 167 9460.7379
177 167 177.1479
167 168 9460.7379
169 168 6729.4751
178 168 375.7986
168 169 6729.4751
170 169 15302.2188
314 169 1617.5995
169 170 15302.2188
171 170 205.719
172 170 17972.6815
164 171 2114.1649
165 171 888.8889
170 171 205.719
170 172 17972.6815
173 172 10058.3384
300 172 989.1197
172 173 10058.3384
174 173 21829.2949
313 173 1892.5057
173 174 21829.2949
175 174 25006.2516
300 174 2484.472
174 175 25006.2516
176 175 16082.3416
300 175 1892.1476
305 175 507.6142
175 176 16082.3416
305 176 485.6727
309 176 6325.1107
69 177 216.263
167 177 177.1479
178 177 105.0641
168 178 375.7986
177 178 105.0641
180 178 49.8753
315 178 112.9816
69 179 442.2822
180 179 895.2551
184 179 273.2987
178 180 49.8753
179 180 895.2551
460 180 1274.5348
68 181 2052.5452
182 181 9469.697
186 181 1089.6807
181 182 9469.697
183 182 7993.6051
185 182 2674.5119
182 183 7993.6051
184 183 827.1299
187 183 16321.2012
319 183 300.6615
179 184 273.2987
183 184 827.1299
330 184 334.7841
182 185 2674.5119
181 186 1089.6807
183 187 16321.2012
188 187 26624.0682
320 187 689.1799
187 188 26624.0682
189 188 17705.3824
194 188 1547.748
329 188 101.7397
188 189 17705.3824
190 189 14367.8161
321 189 449.6403
329 189 199.0842
469 189 23.8777
189 190 14367.8161
191 190 4629.6296
193 190 2913.7529
190 191 4629.6296
192 191 5385.0296
193 191 6825.9386
191 192 5385.0296
327 192 1224.2899
328 192 4405.2863
329 192 274.2732
466 192 602.4096
190 193 2913.7529
191 193 6825.9386
324 193 2248.2014
325 193 401.4452
327 193 929.368
188 194 1547.748
67 195 263.2272
196 195 1088.2577
459 195 284.1716
195 196 1088.2577
319 196 4374.4532
485 196 68.8705
54 197 137.9881
198 197 99.3049
199 197 366.5689
200 197 950.5703
197 198 99.3049
197 199 366.5689
197 200 950.5703
331 200 200.6823
332 200 246.3661
333 200 1550.628
55 201 223.7637
202 201 9057.971
475 201 25.5102
201 202 9057.971
203 202 8779.6313
204 202 64.8929
202 203 8779.6313
205 203 4198.1528
206 203 2616.4312
518 203 216.7317
202 204 64.8929
203 205 4198.1528
206 205 16246.9537
208 205 1206.4181
203 206 2616.4312
205 206 16246.9537
207 206 6146.2815
206 207 6146.2815
513 207 610.1281
514 207 332.0053
205 208 1206.4181
331 208 188.0406
511 208 636.1323
9 209 25.9471
210 209 351.6174
211 209 192.4928
209 210 351.6174
209 211 192.4928
46 212 35.3607
46 213 430.8488
214 213 822.3684
215 213 1646.0905
213 214 822.3684
229 214 147.3622
339 214 1532.0974
213 215 1646.0905
216 215 3260.5152
339 215 304.7851
215 216 3260.5152
217 216 2377.5559
337 216 104.8218
216 217 2377.5559
336 217 5133.4702
337 217 263.7826
523 217 44.6229
36 218 148.1921
219 218 2090.301
341 218 17.7211
218 219 2090.301
220 219 2213.3687
345 219 382.5555
569 219 482.8585
219 220 2213.3687
344 220 2652.5199
346 220 726.7442
40 221 3416.4674
222 221 17018.3799
226 221 61.5006
221 222 17018.3799
223 222 2792.5161
228 222 23696.6825
570 222 39.0625
222 223 2792.5161
224 223 3305.7851
225 223 959.6929
223 224 3305.7851
350 224 143.1844
352 224 5783.69
223 225 959.6929
221 226 61.5006
341 226 77.0416
342 226 77.7605
343 226 85.3242
40 227 5037.7834
228 227 1668.0567
229 227 3424.6575
222 228 23696.6825
227 228 1668.0567
229 228 3961.9651
231 228 2161.2276
340 228 89.4454
608 228 179.63
42 229 884.1733
214 229 147.3622
227 229 3424.6575
228 229 3961.9651
230 229 153.9409
229 230 153.9409
228 231 2161.2276
351 231 450.4505
354 231 490.918
355 231 3665.6891
35 232 99.108
233 232 2499.3752
348 232 104.8218
232 233 2499.3752
30 234 4147.6566
235 234 1561.2802
241 234 97.4659
234 235 1561.2802
236 235 4106.7762
242 235 258.6653
235 236 4106.7762
237 236 1289.657
358 236 77.3994
236 237 1289.657
238 237 5443.6581
360 237 225.6827
237 238 5443.6581
239 238 21381.2273
241 238 935.4537
238 239 21381.2273
240 239 8944.5438
361 239 7716.0494
556 239 75.815
239 240 8944.5438
363 240 9523.8095
549 240 148.1921
234 241 97.4659
238 241 935.4537
349 241 1788.9088
555 241 115.9152
30 242 255.8199
235 242 258.6653
357 242 6038.6473
358 242 707.7141
29 243 93.0233
27 244 972.7626
256 244 101.2761
260 244 734.7539
27 245 104.7889
13 246 614.6281
18 246 107.0435
247 246 4156.276
26 247 544.0696
246 247 4156.276
248 247 2794.0766
249 247 3028.4676
247 248 2794.0766
249 248 7158.1961
253 248 3755.1633
254 248 4892.3679
247 249 3028.4676
248 249 7158.1961
250 249 6811.9891
251 249 2863.6884
256 249 233.8087
249 250 6811.9891
257 250 8169.9346
390 250 399.0423
249 251 2863.6884
259 251 1134.5587
371 251 988.1423
13 252 523.8345
110 252 20.8333
253 252 2627.4304
248 253 3755.1633
252 253 2627.4304
376 253 65.4879
248 254 4892.3679
256 255 146.3058
244 256 101.2761
249 256 233.8087
255 256 146.3058
250 257 8169.9346
258 257 1614.7263
394 257 296.9121
257 258 1614.7263
260 258 402.0909
395 258 2107.9258
251 259 1134.5587
244 260 734.7539
258 260 402.0909
396 260 10738.8316
532 260 46.0405
25 261 606.0606
110 262 171.8508
263 262 702.2472
386 262 1296.1763
111 263 1036.0547
112 263 1287.4984
262 263 702.2472
385 263 155.5452
386 263 508.1301
387 263 135.8511
112 264 2615.0628
265 264 501.002
266 264 3128.9111
267 264 2373.0422
264 265 501.002
264 266 3128.9111
404 266 6321.1125
409 266 1257.2291
264 267 2373.0422
268 267 4873.2943
410 267 1612.3831
267 268 4873.2943
270 269 10942.1162
274 269 417.7109
276 269 3209.2426
410 269 292.2268
269 270 10942.1162
271 270 3846.1538
273 270 461.8938
270 271 3846.1538
413 271 4732.6077
417 271 772.2008
115 272 738.5524
273 272 844.5946
275 272 11072.9709
279 272 558.3473
270 273 461.8938
272 273 844.5946
274 273 971.8173
417 273 2095.9966
269 274 417.7109
273 274 971.8173
275 274 1811.2661
272 275 11072.9709
274 275 1811.2661
276 275 211.1486
117 276 6693.4404
269 276 3209.2426
275 276 211.1486
114 277 89.6057
143 277 1567.8896
278 277 2223.7047
279 277 616.9031
277 278 2223.7047
279 278 754.717
280 278 708.2153
414 278 46.1467
272 279 558.3473
277 279 616.9031
278 279 754.717
143 280 8064.5161
278 280 708.2153
281 280 7082.153
148 281 4144.2188
280 281 7082.153
282 281 10697.4754
285 281 541.4185
286 281 5530.9735
281 282 10697.4754
283 282 17376.1946
429 282 1096.7317
282 283 17376.1946
284 283 7326.0073
429 283 2545.8248
283 284 7326.0073
418 284 4012.8411
422 284 3443.5262
428 284 1381.4063
281 285 541.4185
148 286 387.7472
281 286 5530.9735
287 286 1536.0983
149 287 1068.4902
286 287 1536.0983
288 287 4791.5668
287 288 4791.5668
289 288 3115.2648
429 288 871.0801
149 289 6743.0883
288 289 3115.2648
290 289 16439.2569
289 290 16439.2569
291 290 2871.9127
292 290 4128.8192
293 290 10963.7101
290 291 2871.9127
430 291 207.9867
432 291 11664.5282
140 292 11068.0686
290 292 4128.8192
296 292 1570.5984
290 293 10963.7101
296 293 2384.3586
433 293 2838.4899
139 294 1003.2103
295 294 3644.3149
297 294 2872.7377
140 295 1629.1952
294 295 3644.3149
296 295 5662.5142
292 296 1570.5984
293 296 2384.3586
295 296 5662.5142
433 296 6476.6839
443 296 1270.648
130 297 1145.0819
139 297 2225.1891
294 297 2872.7377
80 298 51.5464
154 299 194.9318
163 299 1041.016
164 299 3291.6392
172 300 989.1197
174 300 2484.472
175 300 1892.1476
302 300 2623.2949
304 300 478.4689
165 301 3977.7247
302 301 3033.9806
303 301 3469.8126
165 302 1107.4197
300 302 2623.2949
301 302 3033.9806
303 302 336.3606
156 303 172.1467
301 303 3469.8126
302 303 336.3606
157 304 260.2811
300 304 478.4689
306 304 3043.2136
175 305 507.6142
176 305 485.6727
306 305 4330.8792
304 306 3043.2136
305 306 4330.8792
307 306 617.284
447 306 1053.8518
157 307 10025.0627
306 307 617.284
447 307 3713.3309
447 308 2126.3024
448 308 16469.0382
453 308 775.7952
176 309 6325.1107
310 309 185.0139
311 309 10710.0782
309 310 185.0139
309 311 10710.0782
312 311 2835.2708
454 311 929.368
455 311 3480.6822
311 312 2835.2708
451 312 4284.4901
452 312 1747.03
173 313 1892.5057
314 313 1259.2872
456 313 4203.4468
169 314 1617.5995
313 314 1259.2872
460 314 115.0483
178 315 112.9816
67 316 327.7614
317 316 726.7442
334 316 31.027
6 317 43.4972
62 317 320.3075
316 317 726.7442
459 318 688.7052
480 318 4906.7713
481 318 1168.2243
485 318 732.6007
183 319 300.6615
196 319 4374.4532
320 319 10758.4723
323 319 449.8426
492 319 64.3915
187 320 689.1799
319 320 10758.4723
321 320 6079.0274
491 320 965.251
189 321 449.6403
320 321 6079.0274
322 321 10446.0462
321 322 10446.0462
469 322 3802.2814
472 322 165.18
486 322 2422.4806
491 322 6079.0274
319 323 449.8426
193 324 2248.2014
325 324 626.1741
326 324 332.1156
193 325 401.4452
324 325 626.1741
326 325 742.3905
324 326 332.1156
325 326 742.3905
468 326 1968.8915
192 327 1224.2899
193 327 929.368
467 327 387.8976
192 328 4405.2863
464 328 229.8851
465 328 1327.8449
188 329 101.7397
189 329 199.0842
192 329 274.2732
330 329 2202.1581
184 330 334.7841
329 330 2202.1581
464 330 1204.529
200 331 200.6823
208 331 188.0406
332 331 218.436
477 331 28.3607
200 332 246.3661
331 332 218.436
484 332 366.4346
200 333 1550.628
334 333 136.2212
335 333 1404.4944
316 334 31.027
333 334 136.2212
459 334 525.2101
333 335 1404.4944
478 335 1843.6578
484 335 493.8272
217 336 5133.4702
338 336 108.2251
523 336 60.1685
525 336 1247.6606
216 337 104.8218
217 337 263.7826
603 337 178.6033
336 338 108.2251
527 338 185.3225
605 338 296.2963
214 339 1532.0974
215 339 304.7851
608 339 540.5405
228 340 89.4454
602 340 1748.8632
608 340 1276.8131
40 341 49.975
218 341 17.7211
226 341 77.0416
226 342 77.7605
226 343 85.3242
220 344 2652.5199
346 344 11251.1251
554 344 669.7924
561 344 2225.6844
562 344 20060.1805
36 345 89.5255
219 345 382.5555
346 345 10362.6943
220 346 726.7442
344 346 11251.1251
345 346 10362.6943
347 346 2433.6822
346 347 2433.6822
553 347 251.7623
554 347 567.215
232 348 104.8218
349 348 553.7099
553 348 1236.0939
241 349 1788.9088
348 349 553.7099
553 349 567.5369
224 350 143.1844
570 350 213.3561
571 350 76.3359
231 351 450.4505
224 352 5783.69
353 352 2197.3193
572 352 50.7872
352 353 2197.3193
574 353 501.7561
578 353 5503.5773
231 354 490.918
356 354 82.3045
594 354 896.0573
602 354 6195.7869
231 355 3665.6891
356 355 2299.908
586 355 510.4645
354 356 82.3045
355 356 2299.908
592 356 2502.5025
593 356 6510.4167
242 357 6038.6473
541 357 24.0906
542 357 50.4541
543 357 475.9638
236 358 77.3994
242 358 707.7141
359 358 2238.1379
358 359 2238.1379
546 359 808.4074
547 359 5482.4561
237 360 225.6827
361 360 202.2654
548 360 253.8715
239 361 7716.0494
360 361 202.2654
362 361 77.8816
361 362 77.8816
240 363 9523.8095
364 363 16697.2783
370 363 214.6383
363 364 16697.2783
365 364 28935.1852
369 364 1317.5231
364 365 28935.1852
366 365 30175.0151
550 365 368.3241
365 366 30175.0151
367 366 5428.8817
368 366 8628.1277
366 367 5428.8817
552 367 1975.5038
557 367 3673.7693
558 367 5652.9112
366 368 8628.1277
551 368 267.1654
552 368 2072.9685
364 369 1317.5231
363 370 214.6383
251 371 988.1423
372 371 3084.5157
373 371 7776.0498
376 371 256.8713
371 372 3084.5157
373 372 2929.9736
377 372 800.6405
381 372 741.8398
371 373 7776.0498
372 373 2929.9736
374 373 5254.8607
389 373 254.972
373 374 5254.8607
375 374 2876.87
388 374 355.366
374 375 2876.87
253 376 65.4879
371 376 256.8713
377 376 1157.0057
378 376 406.6694
386 376 758.7253
372 377 800.6405
376 377 1157.0057
379 377 73.1529
376 378 406.6694
379 378 5361.9303
384 378 772.2008
377 379 73.1529
378 379 5361.9303
380 379 16028.2096
385 379 1000.1
379 380 16028.2096
381 380 560.5381
382 380 3305.7851
383 380 4317.7893
387 380 418.0602
372 381 741.8398
380 381 560.5381
382 381 768.0492
380 382 3305.7851
381 382 768.0492
383 382 8583.691
403 382 165.6726
380 383 4317.7893
382 383 8583.691
387 383 523.8345
378 384 772.2008
385 384 6666.6667
386 384 733.6757
263 385 155.5452
379 385 1000.1
384 385 6666.6667
262 386 1296.1763
263 386 508.1301
376 386 758.7253
384 386 733.6757
263 387 135.8511
380 387 418.0602
383 387 523.8345
374 388 355.366
373 389 254.972
250 390 399.0423
391 390 1184.5534
392 390 475.7374
390 391 1184.5534
390 392 475.7374
2 393 23.3645
12 393 22.2618
109 393 45.7666
257 394 296.9121
258 395 2107.9258
260 396 10738.8316
397 396 2178.6492
398 396 1756.5431
396 397 2178.6492
399 397 7479.4316
400 397 2444.3901
396 398 1756.5431
401 398 4796.1631
402 398 223.6636
397 399 7479.4316
397 400 2444.3901
398 401 4796.1631
398 402 223.6636
382 403 165.6726
266 404 6321.1125
405 404 4784.689
408 404 91.659
404 405 4784.689
406 405 10775.8621
407 405 10511.931
405 406 10775.8621
405 407 10511.931
404 408 91.659
266 409 1257.2291
267 410 1612.3831
269 410 292.2268
411 410 2366.8639
412 410 2149.6131
410 411 2366.8639
410 412 2149.6131
271 413 4732.6077
278 414 46.1467
415 414 112.0323
416 414 66.0939
414 415 112.0323
416 415 1078.6323
418 415 625.7822
414 416 66.0939
415 416 1078.6323
417 416 559.5971
271 417 772.2008
273 417 2095.9966
416 417 559.5971
284 418 4012.8411
415 418 625.7822
419 418 428.2655
418 419 428.2655
420 419 2383.2221
421 419 596.6587
419 420 2383.2221
419 421 596.6587
284 422 3443.5262
423 422 471.9207
429 422 2312.1387
430 422 378.9314
422 423 471.9207
424 423 566.8934
425 423 4122.0115
423 424 566.8934
423 425 4122.0115
426 425 195.2362
427 425 703.7298
430 425 130.9415
431 425 144.1961
425 426 195.2362
425 427 703.7298
284 428 1381.4063
282 429 1096.7317
283 429 2545.8248
288 429 871.0801
422 429 2312.1387
291 430 207.9867
422 430 378.9314
425 430 130.9415
431 430 1331.9126
425 431 144.1961
430 431 1331.9126
432 431 287.687
291 432 11664.5282
431 432 287.687
436 432 4633.9203
293 433 2838.4899
296 433 6476.6839
434 433 340.8316
433 434 340.8316
435 434 7173.6011
443 434 277.1619
434 435 7173.6011
441 435 686.3418
442 435 89.7666
444 435 7112.3755
432 436 4633.9203
437 436 7347.5386
440 436 220.6045
436 437 7347.5386
438 437 6887.0523
439 437 1837.2221
437 438 6887.0523
437 439 1837.2221
436 440 220.6045
435 441 686.3418
134 442 72.4638
435 442 89.7666
443 442 38.625
296 443 1270.648
434 443 277.1619
442 443 38.625
435 444 7112.3755
445 444 5959.4756
446 444 2475.8604
444 445 5959.4756
444 446 2475.8604
306 447 1053.8518
307 447 3713.3309
308 447 2126.3024
454 447 226.706
308 448 16469.0382
449 448 181.2579
450 448 6265.6642
452 448 8130.0813
448 449 181.2579
448 450 6265.6642
451 450 3363.6058
453 450 2457.0025
312 451 4284.4901
450 451 3363.6058
452 451 7336.7572
312 452 1747.03
448 452 8130.0813
451 452 7336.7572
308 453 775.7952
450 453 2457.0025
454 453 5830.9038
311 454 929.368
447 454 226.706
453 454 5830.9038
311 455 3480.6822
456 455 19538.8824
458 455 5714.2857
313 456 4203.4468
455 456 19538.8824
457 456 5302.2269
456 457 5302.2269
455 458 5714.2857
195 459 284.1716
318 459 688.7052
334 459 525.2101
180 460 1274.5348
314 460 115.0483
461 460 3125.9769
462 460 14645.577
460 461 3125.9769
460 462 14645.577
463 462 2711.4967
464 462 2854.696
462 463 2711.4967
328 464 229.8851
330 464 1204.529
462 464 2854.696
328 465 1327.8449
192 466 602.4096
327 467 387.8976
326 468 1968.8915
189 469 23.8777
322 469 3802.2814
470 469 5288.2073
469 470 5288.2073
471 470 7955.4495
472 470 1245.4851
470 471 7955.4495
322 472 165.18
470 472 1245.4851
487 472 1724.1379
48 473 45.6204
474 473 3675.1194
476 473 396.5107
473 474 3675.1194
475 474 4604.0516
476 474 500.0
522 474 55.5247
201 475 25.5102
474 475 4604.0516
520 475 170.3287
473 476 396.5107
474 476 500.0
523 476 38.1679
331 477 28.3607
335 478 1843.6578
479 478 3675.1194
483 478 128.7001
478 479 3675.1194
480 479 10128.6336
482 479 277.4695
318 480 4906.7713
479 480 10128.6336
482 480 586.8545
318 481 1168.2243
483 481 1391.9822
495 481 935.4537
501 481 407.0004
479 482 277.4695
480 482 586.8545
483 482 216.1228
478 483 128.7001
481 483 1391.9822
482 483 216.1228
484 483 4376.3676
332 484 366.4346
335 484 493.8272
483 484 4376.3676
509 484 401.6064
196 485 68.8705
318 485 732.6007
494 485 1289.3244
322 486 2422.4806
487 486 289.0173
488 486 699.3007
472 487 1724.1379
486 487 289.0173
490 487 306.1849
486 488 699.3007
489 488 907.441
493 488 176.1494
488 489 907.441
490 489 3142.6776
494 489 149.7006
487 490 306.1849
489 490 3142.6776
495 490 77.2798
320 491 965.251
322 491 6079.0274
492 491 993.0487
319 492 64.3915
491 492 993.0487
493 492 140.1345
488 493 176.1494
492 493 140.1345
494 493 2887.6697
485 494 1289.3244
489 494 149.7006
493 494 2887.6697
481 495 935.4537
490 495 77.2798
496 495 7593.0144
495 496 7593.0144
497 496 443.2624
498 496 6807.3519
496 497 443.2624
496 498 6807.3519
499 498 1123.2169
503 498 63.857
498 499 1123.2169
500 499 6635.7001
504 499 4366.8122
499 500 6635.7001
506 500 757.5758
507 500 562.4297
481 501 407.0004
502 501 453.5147
509 501 305.8104
501 502 453.5147
503 502 823.7232
504 502 2179.124
505 502 97.9432
510 502 831.9468
498 503 63.857
502 503 823.7232
504 503 726.7442
499 504 4366.8122
502 504 2179.124
503 504 726.7442
502 505 97.9432
506 505 1712.622
508 505 216.3098
500 506 757.5758
505 506 1712.622
507 506 1034.7682
500 507 562.4297
506 507 1034.7682
508 507 1114.082
505 508 216.3098
507 508 1114.082
512 508 4564.126
484 509 401.6064
501 509 305.8104
510 509 357.0154
502 510 831.9468
509 510 357.0154
511 510 220.0704
208 511 636.1323
510 511 220.0704
512 511 1291.3223
508 512 4564.126
511 512 1291.3223
513 512 97.9432
207 513 610.1281
512 513 97.9432
514 513 1089.206
207 514 332.0053
513 514 1089.206
515 514 566.5722
514 515 566.5722
516 515 241.7211
517 515 520.5622
515 516 241.7211
515 517 520.5622
203 518 216.7317
519 518 324.9919
520 518 15.4273
518 519 324.9919
475 520 170.3287
518 520 15.4273
521 520 3660.3221
520 521 3660.3221
474 522 55.5247
217 523 44.6229
336 523 60.1685
476 523 38.1679
524 523 19.8965
523 524 19.8965
336 525 1247.6606
526 525 2226.1799
527 525 147.7323
525 526 2226.1799
338 527 185.3225
525 527 147.7323
528 527 1057.9771
607 527 796.1783
527 528 1057.9771
530 529 244.5586
28 530 457.4565
29 530 2211.9
529 530 244.5586
27 531 99.3049
532 531 158.3531
537 531 242.2481
260 532 46.0405
531 532 158.3531
533 532 263.5741
536 532 333.4445
532 533 263.5741
534 533 337.952
535 533 283.1257
533 534 337.952
533 535 283.1257
532 536 333.4445
531 537 242.2481
538 537 81.367
539 537 4420.8665
537 538 81.367
537 539 4420.8665
540 539 88.4956
541 539 375.0938
539 540 88.4956
543 540 591.0165
545 540 576.7013
30 541 61.3121
357 541 24.0906
539 541 375.0938
542 541 149.2983
357 542 50.4541
541 542 149.2983
543 542 84.8896
357 543 475.9638
540 543 591.0165
542 543 84.8896
545 544 5790.388
540 545 576.7013
544 545 5790.388
547 545 284.2524
359 546 808.4074
359 547 5482.4561
545 547 284.2524
548 547 11021.7128
360 548 253.8715
547 548 11021.7128
549 548 6501.9506
240 549 148.1921
548 549 6501.9506
550 549 388.1988
365 550 368.3241
549 550 388.1988
551 550 8361.204
368 551 267.1654
550 551 8361.204
552 551 680.2721
367 552 1975.5038
368 552 2072.9685
551 552 680.2721
347 553 251.7623
348 553 1236.0939
349 553 567.5369
344 554 669.7924
347 554 567.215
555 554 1331.9126
241 555 115.9152
554 555 1331.9126
556 555 1057.8652
239 556 75.815
555 556 1057.8652
559 556 350.0175
560 556 438.2121
367 557 3673.7693
367 558 5652.9112
556 559 350.0175
556 560 438.2121
344 561 2225.6844
562 561 5509.6419
564 561 343.9972
344 562 20060.1805
561 562 5509.6419
563 562 182.7485
567 562 923.361
568 562 1707.0673
569 562 6301.1972
562 563 182.7485
561 564 343.9972
565 564 1066.8943
566 564 5727.3769
564 565 1066.8943
564 566 5727.3769
562 567 923.361
562 568 1707.0673
219 569 482.8585
562 569 6301.1972
573 569 417.8855
222 570 39.0625
350 570 213.3561
571 570 366.7033
573 570 505.5612
350 571 76.3359
570 571 366.7033
572 571 81.5661
352 572 50.7872
571 572 81.5661
573 572 1668.0567
569 573 417.8855
570 573 505.5612
572 573 1668.0567
353 574 501.7561
575 574 233.9729
578 574 827.8146
574 575 233.9729
576 575 389.5598
577 575 200.1201
575 576 389.5598
577 576 732.6007
585 576 297.7077
575 577 200.1201
576 577 732.6007
578 577 6038.6473
353 578 5503.5773
574 578 827.8146
577 578 6038.6473
579 578 2024.7014
578 579 2024.7014
580 579 3691.399
585 579 144.4043
579 580 3691.399
581 580 6988.1202
583 580 876.4242
585 580 82.713
580 581 6988.1202
582 581 1365.7471
584 581 492.126
581 582 1365.7471
580 583 876.4242
581 584 492.126
576 585 297.7077
579 585 144.4043
580 585 82.713
355 586 510.4645
587 586 1545.834
591 586 180.2451
586 587 1545.834
588 587 152.9988
592 587 2235.636
598 587 1214.3291
587 588 152.9988
589 588 512.5577
590 588 399.6803
588 589 512.5577
588 590 399.6803
586 591 180.2451
356 592 2502.5025
587 592 2235.636
593 592 1871.6077
356 593 6510.4167
592 593 1871.6077
594 593 5694.7608
354 594 896.0573
593 594 5694.7608
595 594 9469.697
604 594 17828.4899
594 595 9469.697
596 595 1329.9641
598 595 80.8407
595 596 1329.9641
597 596 5373.4551
601 596 500.2501
596 597 5373.4551
587 598 1214.3291
595 598 80.8407
599 598 4096.6817
600 598 1910.2197
598 599 4096.6817
598 600 1910.2197
596 601 500.2501
340 602 1748.8632
354 602 6195.7869
603 602 98.1354
337 603 178.6033
602 603 98.1354
604 603 190.9126
594 604 17828.4899
603 604 190.9126
605 604 1175.2262
338 605 296.2963
604 605 1175.2262
606 605 1106.3171
605 606 1106.3171
527 607 796.1783
228 608 179.63
339 608 540.5405
340 608 1276.8131
