2 1 7610.3501
3 1 7980.846
4 1 5984.4405
5 1 7575.7576
6 1 6934.8128
7 1 5878.8948
8 1 8554.3199
9 1 7194.2446
10 1 6020.4696
11 1 6570.3022
12 1 6761.3252
13 1 1115.8224
70 1 3154.5741
94 1 5047.9556
1 2 7610.3501
111 2 406.1738
113 2 141.6631
1 3 7980.846
105 3 770.416
106 3 570.4507
109 3 3410.6412
111 3 2886.836
114 3 162.3113
1 4 5984.4405
97 4 1390.8206
99 4 185.3912
100 4 784.3137
103 4 25387.1541
108 4 14727.5405
1 5 7575.7576
89 5 596.3029
94 5 3423.4851
1 6 6934.8128
87 6 1680.6723
96 6 3437.6074
1 7 5878.8948
74 7 1772.107
78 7 9606.1479
83 7 6305.1702
96 7 11001.1001
1 8 8554.3199
62 8 2728.513
68 8 424.2681
1 9 7194.2446
62 9 466.4179
63 9 230.7337
1 10 6020.4696
29 10 151.1031
31 10 584.7953
50 10 973.7098
54 10 5007.5113
69 10 293.8584
1 11 6570.3022
12 11 2974.42
25 11 1519.295
27 11 761.035
28 11 360.4903
1 12 6761.3252
11 12 2974.42
16 12 189.4298
22 12 232.7205
25 12 1026.7995
1 13 1115.8224
14 13 149.7903
15 13 712.2507
13 14 149.7903
13 15 712.2507
16 15 343.879
21 15 54.407
12 16 189.4298
15 16 343.879
17 16 371.0575
16 17 371.0575
18 17 1124.4799
19 17 778.2101
20 17 607.1645
17 18 1124.4799
17 19 778.2101
17 20 607.1645
15 21 54.407
12 22 232.7205
23 22 865.8009
26 22 1436.9881
22 23 865.8009
24 23 224.1147
26 23 681.6633
23 24 224.1147
11 25 1519.295
12 25 1026.7995
26 25 463.6069
27 25 1063.2642
22 26 1436.9881
23 26 681.6633
25 26 463.6069
11 27 761.035
25 27 1063.2642
28 27 2954.2097
11 28 360.4903
27 28 2954.2097
29 28 717.3601
10 29 151.1031
28 29 717.3601
30 29 1152.3392
29 30 1152.3392
10 31 584.7953
32 31 1095.2903
45 31 1333.8669
31 32 1095.2903
33 32 4757.3739
38 32 281.1358
32 33 4757.3739
34 33 6631.2997
44 33 3181.6736
33 34 6631.2997
35 34 11678.1502
42 34 4014.452
43 34 1416.832
34 35 11678.1502
36 35 1537.279
37 35 3443.5262
41 35 3145.6433
35 36 1537.279
35 37 3443.5262
32 38 281.1358
39 38 465.7662
40 38 815.6607
38 39 465.7662
38 40 815.6607
35 41 3145.6433
34 42 4014.452
34 43 1416.832
33 44 3181.6736
31 45 1333.8669
46 45 289.9391
49 45 238.7775
54 45 3416.4674
45 46 289.9391
47 46 1773.0496
48 46 2747.2527
46 47 1773.0496
46 48 2747.2527
45 49 238.7775
10 50 973.7098
51 50 4462.2936
55 50 63.3312
50 51 4462.2936
52 51 174.2768
54 51 1868.4604
51 52 174.2768
53 52 1618.6468
56 52 1579.0305
61 52 2943.7739
52 53 1618.6468
10 54 5007.5113
45 54 3416.4674
51 54 1868.4604
50 55 63.3312
69 55 2372.4792
115 55 270.7093
52 56 1579.0305
57 56 7468.2599
69 56 576.0369
56 57 7468.2599
58 57 951.4748
72 57 688.7052
57 58 951.4748
60 58 201.4099
61 58 1188.3541
61 59 3904.7247
58 60 201.4099
52 61 2943.7739
58 61 1188.3541
59 61 3904.7247
8 62 2728.513
9 62 466.4179
63 62 426.9855
64 62 248.139
65 62 2504.3827
66 62 2704.8959
67 62 1836.8846
9 63 230.7337
62 63 426.9855
64 63 339.213
62 64 248.139
63 64 339.213
69 64 125.7703
62 65 2504.3827
62 66 2704.8959
67 66 3572.7045
68 66 3875.969
62 67 1836.8846
66 67 3572.7045
72 67 2856.3268
8 68 424.2681
66 68 3875.969
70 68 4522.8403
10 69 293.8584
55 69 2372.4792
56 69 576.0369
64 69 125.7703
1 70 3154.5741
68 70 4522.8403
71 70 153.0925
70 71 153.0925
57 72 688.7052
67 72 2856.3268
73 72 34.3407
72 73 34.3407
7 74 1772.107
75 74 1405.0864
77 74 305.8104
83 74 1855.6318
74 75 1405.0864
76 75 58.4795
83 75 390.7776
75 76 58.4795
74 77 305.8104
7 78 9606.1479
79 78 57.0776
80 78 3624.5016
78 79 57.0776
78 80 3624.5016
81 80 49.6771
82 80 237.7556
80 81 49.6771
80 82 237.7556
7 83 6305.1702
74 83 1855.6318
75 83 390.7776
84 83 2601.4568
83 84 2601.4568
85 84 96.5251
86 84 348.7967
84 85 96.5251
84 86 348.7967
6 87 1680.6723
88 87 838.9262
96 87 2405.5809
87 88 838.9262
89 88 884.1733
96 88 6609.3853
5 89 596.3029
88 89 884.1733
90 89 270.2703
89 90 270.2703
91 90 343.9972
94 90 391.0833
90 91 343.9972
92 91 354.2331
95 91 56.8505
91 92 354.2331
93 92 974.6589
95 92 264.5503
92 93 974.6589
1 94 5047.9556
5 94 3423.4851
90 94 391.0833
95 94 461.6805
97 94 2042.0666
91 95 56.8505
92 95 264.5503
94 95 461.6805
6 96 3437.6074
7 96 11001.1001
87 96 2405.5809
88 96 6609.3853
4 97 1390.8206
94 97 2042.0666
98 97 176.6784
97 98 176.6784
4 99 185.3912
4 100 784.3137
101 100 529.9417
102 100 380.0836
100 101 529.9417
100 102 380.0836
4 103 25387.1541
104 103 1799.856
108 103 25195.2633
103 104 1799.856
105 104 4125.4125
109 104 2282.5839
3 105 770.416
104 105 4125.4125
106 105 1566.9069
3 106 570.4507
105 106 1566.9069
107 106 789.8894
110 106 363.7686
106 107 789.8894
4 108 14727.5405
103 108 25195.2633
109 108 2746.4982
3 109 3410.6412
104 109 2282.5839
108 109 2746.4982
106 110 363.7686
2 111 406.1738
3 111 2886.836
112 111 228.1542
111 112 228.1542
2 113 141.6631
3 114 162.3113
55 115 270.7093
