2 1 4597.7011
3 1 5599.1041
4 1 6693.4404
5 1 4500.45
6 1 5455.5374
7 1 7163.3238
8 1 6816.6326
9 1 6211.1801
10 1 6561.6798
11 1 4780.1147
12 1 4930.9665
13 1 5906.6745
14 1 5339.0283
33 1 3438.7895
41 1 468.1648
42 1 1233.8063
58 1 700.2801
62 1 4108.4634
68 1 1044.1683
1 2 4597.7011
1 3 5599.1041
1 4 6693.4404
61 4 5060.7287
62 4 13210.0396
1 5 4500.45
52 5 1081.0811
55 5 12642.225
1 6 5455.5374
1 7 7163.3238
51 7 4880.4295
75 7 7304.6019
1 8 6816.6326
47 8 711.2376
48 8 3357.9584
51 8 2360.1605
1 9 6211.1801
42 9 252.5253
47 9 801.9246
1 10 6561.6798
1 11 4780.1147
35 11 954.1985
98 11 81.5661
1 12 4930.9665
1 13 5906.6745
18 13 9624.6391
33 13 6377.551
34 13 12019.2308
1 14 5339.0283
34 14 9970.0897
73 14 891.2656
361 14 5055.6117
16 15 2336.4486
17 15 971.8173
18 15 430.6632
15 16 2336.4486
15 17 971.8173
83 17 965.251
84 17 4670.7146
13 18 9624.6391
15 18 430.6632
19 18 534.188
34 18 5574.136
18 19 534.188
20 19 2391.2004
21 19 133.7256
19 20 2391.2004
21 20 1190.7597
92 20 113.6235
19 21 133.7256
20 21 1190.7597
22 21 5605.3812
93 21 437.4453
231 21 139.7429
21 22 5605.3812
24 23 7358.3517
26 23 344.2341
28 23 5646.5274
33 23 451.06
76 23 13586.9565
23 24 7358.3517
25 24 2034.588
372 24 6250.0
24 25 2034.588
102 25 2791.7365
110 25 153.5862
111 25 162.4431
112 25 5081.3008
23 26 344.2341
99 27 319.6931
23 28 5646.5274
29 28 12165.4501
31 28 15105.7402
28 29 12165.4501
30 29 6493.5065
32 29 13698.6301
29 30 6493.5065
101 30 2107.4816
102 30 7027.4069
103 30 383.1418
28 31 15105.7402
29 32 13698.6301
100 32 1019.5759
101 32 311.9152
1 33 3438.7895
13 33 6377.551
23 33 451.06
13 34 12019.2308
14 34 9970.0897
18 34 5574.136
11 35 954.1985
36 35 3062.7871
38 35 5268.7039
114 35 274.7253
35 36 3062.7871
40 36 4321.5212
120 36 1811.2661
97 37 793.0214
35 38 5268.7039
171 39 50.3271
36 40 4321.5212
130 40 3840.2458
131 40 2505.6377
1 41 468.1648
116 41 168.492
138 41 93.1099
1 42 1233.8063
9 42 252.5253
43 42 5151.9835
42 43 5151.9835
44 43 1086.7203
46 43 469.9248
43 44 1086.7203
45 44 901.7133
138 44 174.1553
44 45 901.7133
139 45 9727.6265
147 45 5485.4635
43 46 469.9248
8 47 711.2376
9 47 801.9246
337 47 23.6518
8 48 3357.9584
50 49 117.8273
51 49 294.8113
153 49 58.6854
49 50 117.8273
7 51 4880.4295
8 51 2360.1605
49 51 294.8113
5 52 1081.0811
53 52 262.0545
55 52 3699.593
52 53 262.0545
54 53 5652.9112
55 53 232.5041
156 53 1206.5637
362 53 215.7032
53 54 5652.9112
157 54 5356.1864
363 54 4775.5492
5 55 12642.225
52 55 3699.593
53 55 232.5041
56 55 1948.1785
55 56 1948.1785
164 56 206.1856
367 56 116.428
59 57 10183.2994
60 57 434.4049
167 57 148.6547
366 57 402.7386
1 58 700.2801
57 59 10183.2994
166 59 819.0008
168 59 731.5289
57 60 434.4049
63 60 13227.5132
64 60 628.5355
4 61 5060.7287
1 62 4108.4634
4 62 13210.0396
63 62 4364.9062
60 63 13227.5132
62 63 4364.9062
359 63 3625.8158
60 64 628.5355
65 64 1058.5371
66 64 1566.1707
64 65 1058.5371
66 65 2881.0141
77 65 2339.7286
64 66 1566.1707
65 66 2881.0141
358 66 195.733
70 67 373.5525
1 68 1044.1683
69 68 809.7166
73 68 5408.3288
68 69 809.7166
70 69 438.4042
71 69 226.2443
67 70 373.5525
69 70 438.4042
74 70 389.4081
69 71 226.2443
72 71 503.5247
73 71 158.0028
71 72 503.5247
14 73 891.2656
68 73 5408.3288
71 73 158.0028
70 74 389.4081
82 74 249.9375
91 74 77.4593
7 75 7304.6019
23 76 13586.9565
65 77 2339.7286
80 77 1966.9552
368 77 229.8322
79 78 451.8753
78 79 451.8753
77 80 1966.9552
81 80 16666.6667
196 80 656.168
80 81 16666.6667
74 82 249.9375
17 83 965.251
17 84 4670.7146
85 84 160.0768
86 84 8305.6478
84 85 160.0768
84 86 8305.6478
87 86 486.8549
88 86 5376.3441
197 86 947.8673
86 87 486.8549
86 88 5376.3441
89 88 6648.9362
90 88 6116.208
200 88 153.5155
88 89 6648.9362
198 89 2777.7778
212 89 38.5208
88 90 6116.208
201 90 3523.6082
369 90 358.1662
74 91 77.4593
20 92 113.6235
21 93 437.4453
94 93 2833.6639
204 93 996.0159
93 94 2833.6639
95 94 924.2144
96 94 304.6923
94 95 924.2144
203 95 185.0481
231 95 161.0047
94 96 304.6923
37 97 793.0214
11 98 81.5661
27 99 319.6931
32 100 1019.5759
30 101 2107.4816
32 101 311.9152
205 101 85.6898
25 102 2791.7365
30 102 7027.4069
104 102 6596.3061
30 103 383.1418
102 104 6596.3061
105 104 199.8801
106 104 1740.3411
104 105 199.8801
104 106 1740.3411
107 106 4545.4545
205 106 41.4594
106 107 4545.4545
108 107 16000.0
206 107 7204.611
107 108 16000.0
206 109 3616.6365
208 109 677.5068
238 109 78.7402
25 110 153.5862
25 111 162.4431
206 111 1633.9869
209 111 594.884
259 111 36.245
25 112 5081.3008
113 112 651.0417
178 112 284.0102
112 113 651.0417
178 113 130.3441
259 113 530.7856
35 114 274.7253
115 114 2073.3983
178 114 835.4219
114 115 2073.3983
41 116 168.492
117 116 88.4173
118 116 1355.3809
116 117 88.4173
116 118 1355.3809
119 118 1817.5209
170 118 95.3289
118 119 1817.5209
172 119 1003.613
291 119 324.5699
36 120 1811.2661
121 120 2534.8542
122 120 1249.2192
120 121 2534.8542
123 121 4541.3261
124 121 8613.2644
120 122 1249.2192
128 122 3092.1459
132 122 16694.4908
121 123 4541.3261
176 123 378.9314
211 123 375.0938
121 124 8613.2644
125 124 4649.0005
175 124 260.5524
124 125 4649.0005
126 125 4533.0916
175 125 615.0062
125 126 4533.0916
127 126 21881.8381
173 126 2551.0204
126 127 21881.8381
122 128 3092.1459
129 128 3998.4006
133 128 42372.8814
128 129 3998.4006
40 130 3840.2458
40 131 2505.6377
132 131 8517.8876
136 131 1212.5621
137 131 678.8866
122 132 16694.4908
131 132 8517.8876
133 132 14836.7953
136 132 3357.9584
128 133 42372.8814
132 133 14836.7953
134 133 2376.4259
133 134 2376.4259
179 134 4017.6778
211 134 11299.435
261 134 108.3072
179 135 6045.9492
180 135 4089.9796
211 135 18621.9739
271 135 1283.5323
131 136 1212.5621
132 136 3357.9584
177 136 379.3627
131 137 678.8866
41 138 93.1099
44 138 174.1553
360 138 348.5535
45 139 9727.6265
140 139 10775.8621
141 139 5491.4882
139 140 10775.8621
139 141 5491.4882
142 141 9861.9329
146 141 576.0369
149 141 2302.0258
141 142 9861.9329
143 142 6309.1483
150 142 980.3922
188 142 143.1844
142 143 6309.1483
144 143 9082.6521
145 143 2883.5063
143 144 9082.6521
184 144 7593.0144
189 144 2607.5619
143 145 2883.5063
189 145 4918.8392
325 145 274.8763
141 146 576.0369
45 147 5485.4635
148 147 13386.8809
294 147 49.9251
147 148 13386.8809
149 148 10020.0401
152 148 1785.3955
141 149 2302.0258
148 149 10020.0401
150 149 16863.4064
152 149 904.1591
142 150 980.3922
149 150 16863.4064
151 150 3601.0083
183 150 1429.5926
150 151 3601.0083
184 151 4992.5112
185 151 2717.3913
298 151 1409.2446
148 152 1785.3955
149 152 904.1591
181 152 1915.3419
182 152 580.0464
49 153 58.6854
154 153 1790.8309
338 153 52.3834
153 154 1790.8309
155 154 3160.5563
156 154 323.6246
154 155 3160.5563
190 155 3432.8871
339 155 202.3472
53 156 1206.5637
154 156 323.6246
157 156 952.381
341 156 84.6024
54 157 5356.1864
156 157 952.381
158 157 1054.7411
157 158 1054.7411
159 158 3047.8513
162 158 458.0852
191 158 164.3926
158 159 3047.8513
160 159 3635.0418
163 159 6693.4404
159 160 3635.0418
193 160 2873.5632
343 160 270.0513
192 161 234.852
158 162 458.0852
163 162 5803.8305
165 162 116.0227
159 163 6693.4404
162 163 5803.8305
210 163 3527.3369
56 164 206.1856
165 164 705.7163
364 164 3815.3377
162 165 116.0227
164 165 705.7163
195 165 186.2544
59 166 819.0008
57 167 148.6547
59 168 731.5289
169 168 1490.313
194 168 331.3453
168 169 1490.313
347 169 213.8123
348 169 602.7728
356 169 48.4966
118 170 95.3289
171 170 70.7714
288 170 120.1201
289 170 187.0208
39 171 50.3271
170 171 70.7714
289 171 70.3235
119 172 1003.613
126 173 2551.0204
174 173 1286.3391
280 173 34.7826
173 174 1286.3391
281 174 12391.5737
283 174 80.3859
124 175 260.5524
125 175 615.0062
176 175 258.5315
123 176 378.9314
175 176 258.5315
271 176 592.7682
136 177 379.3627
259 177 30.9598
260 177 77.7001
112 178 284.0102
113 178 130.3441
114 178 835.4219
134 179 4017.6778
135 179 6045.9492
264 179 506.8424
135 180 4089.9796
267 180 91.8274
268 180 520.8333
152 181 1915.3419
152 182 580.0464
293 182 57.8035
295 182 232.288
150 183 1429.5926
144 184 7593.0144
151 184 4992.5112
186 184 24154.5894
187 184 278.6291
151 185 2717.3913
186 185 11363.6364
298 185 4551.6614
184 186 24154.5894
185 186 11363.6364
303 186 714.2857
184 187 278.6291
189 187 692.0415
306 187 437.4453
142 188 143.1844
321 188 188.9288
322 188 212.1791
144 189 2607.5619
145 189 4918.8392
187 189 692.0415
155 190 3432.8871
340 190 80.3859
341 190 188.7149
158 191 164.3926
161 192 234.852
160 193 2873.5632
168 194 331.3453
165 195 186.2544
80 196 656.168
86 197 947.8673
89 198 2777.7778
215 198 67.1592
369 198 3926.1877
202 199 69.4927
216 199 218.627
369 199 794.2812
88 200 153.5155
90 201 3523.6082
202 201 1356.8521
218 201 65.703
199 202 69.4927
201 202 1356.8521
220 202 262.9503
222 202 1529.052
95 203 185.0481
230 203 968.0542
231 203 1442.169
93 204 996.0159
233 204 548.8474
236 204 32.3102
101 205 85.6898
106 205 41.4594
237 205 100.2607
107 206 7204.611
109 206 3616.6365
111 206 1633.9869
207 206 1428.1634
206 207 1428.1634
109 208 677.5068
239 208 354.8616
242 208 1970.4433
111 209 594.884
163 210 3527.3369
123 211 375.0938
134 211 11299.435
135 211 18621.9739
89 212 38.5208
213 212 251.8257
214 212 214.1786
212 213 251.8257
212 214 214.1786
198 215 67.1592
199 216 218.627
217 216 93.0233
370 216 200.4008
216 217 93.0233
201 218 65.703
219 218 174.1553
220 218 301.1141
218 219 174.1553
202 220 262.9503
218 220 301.1141
221 220 199.1239
220 221 199.1239
202 222 1529.052
223 222 19685.0394
226 222 18761.7261
222 223 19685.0394
224 223 1139.3415
225 223 621.118
223 224 1139.3415
223 225 621.118
222 226 18761.7261
227 226 1105.5832
228 226 467.5082
229 226 486.1449
226 227 1105.5832
226 228 467.5082
226 229 486.1449
203 230 968.0542
21 231 139.7429
95 231 161.0047
203 231 1442.169
371 232 139.1014
204 233 548.8474
234 233 1511.2589
235 233 1471.2373
233 234 1511.2589
233 235 1471.2373
204 236 32.3102
205 237 100.2607
109 238 78.7402
208 239 354.8616
240 239 4743.833
241 239 15974.4409
239 240 4743.833
239 241 15974.4409
208 242 1970.4433
243 242 11210.7623
244 242 1986.0973
258 242 4488.3303
242 243 11210.7623
244 243 3897.1161
247 243 1809.9548
242 244 1986.0973
243 244 3897.1161
245 244 702.7407
244 245 702.7407
258 246 106.553
243 247 1809.9548
248 247 4833.2528
251 247 7598.7842
247 248 4833.2528
249 248 681.1989
250 248 1714.6776
248 249 681.1989
248 250 1714.6776
247 251 7598.7842
253 252 13850.4155
258 252 39.2927
259 252 2334.812
252 253 13850.4155
254 253 1281.5584
255 253 61.1995
253 254 1281.5584
253 255 61.1995
256 255 123.7624
257 255 174.9169
255 256 123.7624
255 257 174.9169
242 258 4488.3303
246 258 106.553
252 258 39.2927
111 259 36.245
113 259 530.7856
177 259 30.9598
252 259 2334.812
177 260 77.7001
134 261 108.3072
263 262 217.77
262 263 217.77
179 264 506.8424
265 264 116.0497
266 264 1198.466
264 265 116.0497
264 266 1198.466
180 267 91.8274
180 268 520.8333
269 268 1262.9452
270 268 349.406
268 269 1262.9452
268 270 349.406
135 271 1283.5323
176 271 592.7682
272 271 4078.3034
373 271 105.8537
374 271 963.3911
271 272 4078.3034
273 272 2010.8586
274 272 910.7468
374 272 369.9593
272 273 2010.8586
274 273 5837.7116
275 273 29154.519
272 274 910.7468
273 274 5837.7116
277 274 16611.2957
273 275 29154.519
277 276 16778.5235
278 276 8045.0523
285 276 174.5201
373 276 15923.5669
374 276 9661.8357
274 277 16611.2957
276 277 16778.5235
278 277 9478.673
276 278 8045.0523
277 278 9478.673
279 278 3457.8147
278 279 3457.8147
173 280 34.7826
174 281 12391.5737
282 281 12437.8109
373 281 83.2639
281 282 12437.8109
283 282 284.3332
285 282 4995.005
174 283 80.3859
282 283 284.3332
284 283 60.024
287 283 26.738
283 284 60.024
276 285 174.5201
282 285 4995.005
286 285 5681.8182
285 286 5681.8182
283 287 26.738
288 287 187.6877
291 287 171.2329
170 288 120.1201
287 288 187.6877
289 288 177.8094
170 289 187.0208
171 289 70.3235
288 289 177.8094
290 289 93.4579
289 290 93.4579
119 291 324.5699
287 291 171.2329
292 291 283.9296
291 292 283.9296
182 293 57.8035
147 294 49.9251
182 295 232.288
296 295 851.0638
297 295 155.642
295 296 851.0638
295 297 155.642
151 298 1409.2446
185 298 4551.6614
299 298 14044.9438
298 299 14044.9438
300 299 1292.8248
301 299 481.4636
299 300 1292.8248
299 301 481.4636
302 301 716.3324
304 301 122.9105
305 301 399.5206
301 302 716.3324
186 303 714.2857
301 304 122.9105
301 305 399.5206
187 306 437.4453
307 306 383.7299
308 306 195.5417
306 307 383.7299
309 307 95.2381
310 307 31.2989
306 308 195.5417
307 309 95.2381
307 310 31.2989
312 311 1305.1423
313 311 8169.9346
314 311 715.3076
311 312 1305.1423
311 313 8169.9346
315 313 8064.5161
316 313 10172.94
311 314 715.3076
313 315 8064.5161
313 316 10172.94
318 317 228.1542
319 317 187.5117
320 317 307.031
317 318 228.1542
317 319 187.5117
317 320 307.031
188 321 188.9288
188 322 212.1791
323 322 330.251
324 322 538.2131
322 323 330.251
322 324 538.2131
145 325 274.8763
326 325 1627.3393
327 325 3095.017
335 325 545.8515
325 326 1627.3393
325 327 3095.017
329 328 1556.9049
330 328 126.9841
335 328 4110.1521
328 329 1556.9049
328 330 126.9841
332 331 693.4813
331 332 693.4813
334 333 183.0831
333 334 183.0831
325 335 545.8515
328 335 4110.1521
336 335 244.918
335 336 244.918
47 337 23.6518
153 338 52.3834
155 339 202.3472
190 340 80.3859
156 341 84.6024
190 341 188.7149
342 341 163.1854
343 341 279.0179
341 342 163.1854
160 343 270.0513
341 343 279.0179
344 343 7479.4316
343 344 7479.4316
345 344 1151.8083
346 344 451.4673
344 345 1151.8083
344 346 451.4673
169 347 213.8123
348 347 372.8561
349 347 816.9935
169 348 602.7728
347 348 372.8561
352 348 422.833
354 348 1106.4395
347 349 816.9935
350 349 542.8882
351 349 314.7624
349 350 542.8882
349 351 314.7624
348 352 422.833
353 352 224.9213
354 352 71.0732
352 353 224.9213
348 354 1106.4395
352 354 71.0732
355 354 172.503
354 355 172.503
169 356 48.4966
365 357 84.6024
66 358 195.733
63 359 3625.8158
138 360 348.5535
14 361 5055.6117
53 362 215.7032
54 363 4775.5492
164 364 3815.3377
357 365 84.6024
57 366 402.7386
56 367 116.428
77 368 229.8322
90 369 358.1662
198 369 3926.1877
199 369 794.2812
216 370 200.4008
232 371 139.1014
24 372 6250.0
271 373 105.8537
276 373 15923.5669
281 373 83.2639
271 374 963.3911
272 374 369.9593
276 374 9661.8357
