2 1 7037.2977
3 1 6451.6129
4 1 5998.8002
5 1 5117.7073
6 1 5341.8803
7 1 5858.2308
8 1 6361.3232
9 1 6218.9055
10 1 5443.6581
11 1 7396.4497
12 1 6105.0061
13 1 6321.1125
14 1 162.4959
52 1 4291.8455
60 1 3320.0531
62 1 2380.9524
63 1 2174.3857
79 1 706.2147
87 1 3767.8975
111 1 1682.0858
144 1 2434.2746
155 1 412.0313
157 1 848.1764
159 1 832.6395
245 1 2464.2681
1 2 7037.2977
15 2 1070.091
20 2 946.9697
29 2 903.3424
48 2 1483.8997
49 2 2093.8023
1 3 6451.6129
63 3 3105.5901
78 3 938.9671
167 3 27.6625
1 4 5998.8002
80 4 1415.6285
81 4 688.7052
85 4 2630.1946
1 5 5117.7073
85 5 7535.795
271 5 20.2511
1 6 5341.8803
90 6 1496.334
96 6 613.1208
97 6 90.8265
1 7 5858.2308
100 7 1073.9985
109 7 7955.4495
1 8 6361.3232
109 8 7490.6367
110 8 5665.7224
111 8 3181.6736
1 9 6218.9055
111 9 1956.9472
122 9 759.8784
125 9 1110.7409
1 10 5443.6581
141 10 1942.8793
144 10 3805.175
1 11 7396.4497
150 11 477.7831
151 11 1622.06
1 12 6105.0061
1 13 6321.1125
53 13 6548.7885
56 13 22867.5966
1 14 162.4959
2 15 1070.091
16 15 1666.6667
180 15 34.5781
205 15 1251.0947
15 16 1666.6667
17 16 1406.6676
19 16 240.7318
16 17 1406.6676
18 17 1593.8795
194 17 182.7819
204 17 188.1114
17 18 1593.8795
198 18 2430.1337
203 18 5149.3306
16 19 240.7318
2 20 946.9697
21 20 1376.2731
28 20 110.4606
20 21 1376.2731
22 21 12484.3945
27 21 1016.6734
21 22 12484.3945
23 22 10079.6291
26 22 1341.2017
22 23 10079.6291
24 23 1035.0895
25 23 753.5795
286 23 59.7729
23 24 1035.0895
287 24 145.5816
290 24 37.8644
23 25 753.5795
22 26 1341.2017
21 27 1016.6734
20 28 110.4606
2 29 903.3424
30 29 4163.1973
44 29 275.0275
29 30 4163.1973
31 30 10356.2552
41 30 954.1985
30 31 10356.2552
32 31 10287.0075
45 31 84.8176
31 32 10287.0075
33 32 16880.4862
41 32 4032.2581
46 32 485.9086
32 33 16880.4862
34 33 3668.3786
42 33 1301.5749
209 33 371.0575
33 34 3668.3786
35 34 6191.9505
40 34 1534.9194
47 34 848.1764
34 35 6191.9505
36 35 10985.3894
221 35 58.5138
35 36 10985.3894
37 36 9380.863
39 36 9115.7703
36 37 9380.863
38 37 13968.4313
215 37 2004.4097
37 38 13968.4313
36 39 9115.7703
34 40 1534.9194
30 41 954.1985
32 41 4032.2581
42 41 3683.2413
33 42 1301.5749
41 42 3683.2413
43 42 365.3635
42 43 365.3635
207 43 366.4346
212 43 57.7701
29 44 275.0275
31 45 84.8176
32 46 485.9086
34 47 848.1764
2 48 1483.8997
2 49 2093.8023
50 49 3490.4014
52 49 2916.3021
49 50 3490.4014
51 50 763.3588
52 50 2970.003
53 50 1588.31
50 51 763.3588
1 52 4291.8455
49 52 2916.3021
50 52 2970.003
13 53 6548.7885
50 53 1588.31
54 53 1385.2334
55 53 1859.4273
53 54 1385.2334
53 55 1859.4273
13 56 22867.5966
57 56 263.2965
59 56 2035.002
56 57 263.2965
58 57 1120.9506
223 57 97.8474
57 58 1120.9506
56 59 2035.002
1 60 3320.0531
61 60 652.3157
164 60 1965.0226
60 61 652.3157
62 61 614.6281
64 61 4017.6778
65 61 2151.926
1 62 2380.9524
61 62 614.6281
63 62 21114.8649
64 62 1353.3631
1 63 2174.3857
3 63 3105.5901
62 63 21114.8649
67 63 3996.8026
61 64 4017.6778
62 64 1353.3631
75 64 179.2757
61 65 2151.926
166 66 5141.3882
167 66 30.9885
197 66 998.004
63 67 3996.8026
68 67 5115.0895
78 67 333.7784
67 68 5115.0895
69 68 1901.8638
71 68 8319.4676
77 68 247.586
68 69 1901.8638
70 69 3529.827
71 69 7541.4781
197 69 76.746
69 70 3529.827
72 70 2253.2672
176 70 659.6306
68 71 8319.4676
69 71 7541.4781
72 71 11366.2196
70 72 2253.2672
71 72 11366.2196
73 72 2601.4568
75 72 1339.4053
72 73 2601.4568
74 73 3003.9051
76 73 1859.7731
73 74 3003.9051
178 74 240.3846
181 74 2153.3161
196 74 196.6955
280 74 80.0641
64 75 179.2757
72 75 1339.4053
181 75 283.6879
187 75 5434.7826
73 76 1859.7731
68 77 247.586
3 78 938.9671
67 78 333.7784
166 78 5162.6226
1 79 706.2147
4 80 1415.6285
4 81 688.7052
82 81 282.9655
83 81 557.1031
81 82 282.9655
81 83 557.1031
84 83 697.3501
168 83 368.7316
83 84 697.3501
372 84 54.9149
375 84 322.9974
4 85 2630.1946
5 85 7535.795
86 85 421.5852
85 86 421.5852
1 87 3767.8975
88 87 346.9813
89 87 597.3716
87 88 346.9813
87 89 597.3716
92 89 10790.9787
271 89 29.0698
371 89 13.7779
6 90 1496.334
91 90 350.7541
96 90 401.4452
90 91 350.7541
92 91 5030.1811
95 91 172.9505
89 92 10790.9787
91 92 5030.1811
93 92 247.7087
94 92 283.6879
92 93 247.7087
269 93 129.0656
270 93 119.1469
368 93 46.5116
92 94 283.6879
91 95 172.9505
6 96 613.1208
90 96 401.4452
367 96 23.7699
6 97 90.8265
98 97 1002.9084
99 97 541.4185
97 98 1002.9084
97 99 541.4185
104 99 211.8644
105 99 495.2947
106 99 117.3571
7 100 1073.9985
101 100 7374.6313
111 100 98.0392
113 100 355.8719
100 101 7374.6313
102 101 3186.7431
107 101 95.4198
101 102 3186.7431
103 102 11701.3808
114 102 1471.2373
102 103 11701.3808
104 103 925.0694
108 103 29.8507
99 104 211.8644
103 104 925.0694
105 104 1947.0405
99 105 495.2947
104 105 1947.0405
106 105 355.7453
267 105 402.9009
99 106 117.3571
105 106 355.7453
268 106 106.2473
366 106 53.2481
101 107 95.4198
103 108 29.8507
7 109 7955.4495
8 109 7490.6367
110 109 29735.3553
8 110 5665.7224
109 110 29735.3553
111 110 4764.1734
1 111 1682.0858
8 111 3181.6736
9 111 1956.9472
100 111 98.0392
110 111 4764.1734
112 111 3171.5826
111 112 3171.5826
113 112 862.069
121 112 265.6042
122 112 2591.3449
100 113 355.8719
112 113 862.069
114 113 2358.4906
102 114 1471.2373
113 114 2358.4906
115 114 2940.3117
114 115 2940.3117
116 115 860.5852
117 115 1662.234
262 115 345.7815
115 116 860.5852
263 116 186.1851
264 116 161.6815
265 116 312.4024
115 117 1662.234
118 117 1772.7353
119 117 8375.2094
259 117 158.2779
117 118 1772.7353
261 118 305.4368
359 118 86.7303
117 119 8375.2094
120 119 1488.5383
124 119 1980.5902
119 120 1488.5383
121 120 9025.2708
124 120 400.9623
112 121 265.6042
120 121 9025.2708
258 121 293.5995
9 122 759.8784
112 122 2591.3449
123 122 56.4972
122 123 56.4972
119 124 1980.5902
120 124 400.9623
260 124 137.3061
9 125 1110.7409
126 125 1660.0266
130 125 2901.0734
141 125 1842.9783
125 126 1660.0266
127 126 4116.9205
129 126 2568.7131
126 127 4116.9205
128 127 1117.4433
140 127 1310.616
255 127 118.6944
127 128 1117.4433
253 128 737.4631
254 128 335.9086
257 128 426.9855
126 129 2568.7131
125 130 2901.0734
131 130 7320.6442
247 130 1677.5709
346 130 31.5159
130 131 7320.6442
132 131 7874.0157
133 131 26.6951
131 132 7874.0157
133 132 20140.9869
138 132 3475.8429
131 133 26.6951
132 133 20140.9869
134 133 10692.8999
133 134 10692.8999
135 134 13506.2129
139 134 1056.6357
134 135 13506.2129
136 135 2076.8432
137 135 2296.7386
139 135 250.0625
247 135 3159.5577
135 136 2076.8432
248 136 66.1813
249 136 8051.5298
135 137 2296.7386
247 137 4737.0914
253 137 3180.6616
132 138 3475.8429
134 139 1056.6357
135 139 250.0625
246 139 410.8463
347 139 128.0738
127 140 1310.616
10 141 1942.8793
125 141 1842.9783
142 141 179.8238
143 141 50.8906
141 142 179.8238
141 143 50.8906
1 144 2434.2746
10 144 3805.175
145 144 448.6317
144 145 448.6317
146 145 347.5843
147 145 650.1951
145 146 347.5843
145 147 650.1951
148 147 208.6811
243 147 220.3128
147 148 208.6811
242 149 7326.0073
245 149 292.9115
339 149 140.2918
11 150 477.7831
11 151 1622.06
152 151 2735.2298
153 151 202.7164
151 152 2735.2298
151 153 202.7164
154 153 422.4757
228 153 31.25
153 154 422.4757
224 154 13328.0021
321 154 30.003
323 154 30.722
1 155 412.0313
156 155 2252.7596
158 155 756.4297
155 156 2252.7596
1 157 848.1764
158 157 953.2888
225 157 535.9057
155 158 756.4297
157 158 953.2888
224 158 1453.4884
1 159 832.6395
160 159 6447.4533
162 159 1786.3523
159 160 6447.4533
161 160 877.193
230 160 57.241
160 161 877.193
231 161 3459.0107
237 161 1261.6705
159 162 1786.3523
163 162 5012.5313
231 162 1868.4604
162 163 5012.5313
60 164 1965.0226
166 165 146.994
66 166 5141.3882
78 166 5162.6226
165 166 146.994
3 167 27.6625
66 167 30.9885
168 167 364.8304
170 167 524.659
83 168 368.7316
167 168 364.8304
169 168 177.5253
168 169 177.5253
167 170 524.659
172 171 485.4369
173 171 4051.8639
197 171 682.1282
171 172 485.4369
171 173 4051.8639
174 173 228.3105
175 173 78.8022
177 173 53.8213
173 174 228.3105
173 175 78.8022
70 176 659.6306
177 176 114.5082
178 176 3090.2349
173 177 53.8213
176 177 114.5082
275 177 271.9608
74 178 240.3846
176 178 3090.2349
179 178 1219.0662
275 178 118.1614
178 179 1219.0662
276 179 303.3981
277 179 656.5988
278 179 2036.6599
279 179 764.526
15 180 34.5781
74 181 2153.3161
75 181 283.6879
182 181 1448.6455
181 182 1448.6455
183 182 1624.4314
187 182 134.1382
182 183 1624.4314
184 183 727.802
186 183 250.6894
188 183 255.3626
183 184 727.802
185 184 7097.2321
193 184 119.2321
184 185 7097.2321
198 185 763.9419
202 185 121.1681
281 185 679.8097
283 185 653.5948
183 186 250.6894
75 187 5434.7826
182 187 134.1382
188 187 6406.1499
183 188 255.3626
187 188 6406.1499
189 188 7974.4817
188 189 7974.4817
190 189 6825.9386
195 189 3732.7361
189 190 6825.9386
191 190 3841.7211
194 190 130.0728
190 191 3841.7211
192 191 1572.8216
193 191 1192.4636
191 192 1572.8216
184 193 119.2321
191 193 1192.4636
194 193 1361.6558
17 194 182.7819
190 194 130.0728
193 194 1361.6558
189 195 3732.7361
74 196 196.6955
66 197 998.004
69 197 76.746
171 197 682.1282
18 198 2430.1337
185 198 763.9419
199 198 8051.5298
284 198 40.0802
198 199 8051.5298
200 199 735.2941
284 199 40.2901
199 200 735.2941
201 200 907.441
202 200 3417.635
200 201 907.441
185 202 121.1681
200 202 3417.635
282 202 801.9246
18 203 5149.3306
17 204 188.1114
15 205 1251.0947
208 206 235.5713
291 206 596.3029
293 206 426.6212
294 206 987.1668
43 207 366.4346
208 207 542.5936
210 207 62.7746
291 207 44.3656
206 208 235.5713
207 208 542.5936
211 208 207.0822
33 209 371.0575
210 209 201.5723
213 209 281.6901
207 210 62.7746
209 210 201.5723
211 210 520.2914
208 211 207.0822
210 211 520.2914
294 211 255.5584
43 212 57.7701
209 213 281.6901
214 213 2718.1299
297 213 50.6586
302 213 611.2469
213 214 2718.1299
298 214 4800.7681
301 214 401.4452
37 215 2004.4097
216 215 4798.4645
303 215 178.6991
215 216 4798.4645
217 216 113.9082
219 216 854.7009
304 216 215.1926
216 217 113.9082
218 217 397.4563
309 217 37.9507
310 217 203.2107
217 218 397.4563
219 218 895.2551
311 218 82.7815
216 219 854.7009
218 219 895.2551
220 219 395.7262
219 220 395.7262
305 220 173.4305
306 220 3671.072
35 221 58.5138
222 221 102.7538
312 221 470.5882
221 222 102.7538
57 223 97.8474
315 223 174.4287
322 223 26.441
154 224 13328.0021
158 224 1453.4884
225 224 8271.2986
226 224 587.1991
227 224 73.3676
157 225 535.9057
224 225 8271.2986
226 225 540.8329
224 226 587.1991
225 226 540.8329
229 226 217.8175
224 227 73.3676
153 228 31.25
226 229 217.8175
325 229 402.5765
326 229 1591.0899
160 230 57.241
242 230 508.9059
335 230 1739.4329
342 230 147.7541
161 231 3459.0107
162 231 1868.4604
232 231 7473.8416
236 231 533.3333
241 231 4004.8058
231 232 7473.8416
233 232 6393.8619
324 232 66.0939
232 233 6393.8619
234 233 798.722
235 233 355.1136
238 233 1180.6375
333 233 389.1051
233 234 798.722
329 234 5040.3226
333 234 263.8522
233 235 355.1136
327 235 174.1553
328 235 126.2467
231 236 533.3333
161 237 1261.6705
238 237 1208.6053
241 237 6578.9474
233 238 1180.6375
237 238 1208.6053
239 238 381.971
240 238 2688.172
241 238 2610.9661
238 239 381.971
331 239 594.5303
343 239 4723.6656
238 240 2688.172
231 241 4004.8058
237 241 6578.9474
238 241 2610.9661
149 242 7326.0073
230 242 508.9059
336 242 521.6484
147 243 220.3128
245 244 1310.4442
1 245 2464.2681
149 245 292.9115
244 245 1310.4442
139 246 410.8463
130 247 1677.5709
135 247 3159.5577
137 247 4737.0914
136 248 66.1813
136 249 8051.5298
250 249 7369.1968
252 249 680.2721
249 250 7369.1968
251 250 190.6214
253 250 7507.5075
350 250 317.1583
250 251 190.6214
348 251 192.4557
349 251 148.4781
249 252 680.2721
128 253 737.4631
137 253 3180.6616
250 253 7507.5075
351 253 704.7216
128 254 335.9086
127 255 118.6944
256 255 1913.5094
258 255 1724.7327
255 256 1913.5094
257 256 735.8352
258 256 1457.5135
128 257 426.9855
256 257 735.8352
259 257 411.6921
356 257 80.8407
121 258 293.5995
255 258 1724.7327
256 258 1457.5135
117 259 158.2779
257 259 411.6921
357 259 664.4518
358 259 1910.9497
124 260 137.3061
118 261 305.4368
115 262 345.7815
360 262 218.9142
361 262 71.6332
116 263 186.1851
116 264 161.6815
116 265 312.4024
266 265 967.118
363 265 220.5558
265 266 967.118
362 266 180.2776
363 266 165.1528
105 267 402.9009
106 268 106.2473
93 269 129.0656
93 270 119.1469
369 270 1501.9525
370 270 167.1961
5 271 20.2511
89 271 29.0698
379 271 251.5723
380 271 114.7842
376 272 1336.1839
275 273 2744.9904
275 274 422.6543
177 275 271.9608
178 275 118.1614
273 275 2744.9904
274 275 422.6543
179 276 303.3981
179 277 656.5988
179 278 2036.6599
179 279 764.526
74 280 80.0641
185 281 679.8097
202 282 801.9246
185 283 653.5948
198 284 40.0802
199 284 40.2901
285 284 645.1613
284 285 645.1613
23 286 59.7729
24 287 145.5816
288 287 539.0836
289 287 65.0195
287 288 539.0836
287 289 65.0195
24 290 37.8644
206 291 596.3029
207 291 44.3656
292 291 240.9639
291 292 240.9639
206 293 426.6212
206 294 987.1668
211 294 255.5584
295 294 5144.0329
296 294 4897.1596
294 295 5144.0329
294 296 4897.1596
213 297 50.6586
214 298 4800.7681
299 298 242.2481
300 298 244.978
298 299 242.2481
298 300 244.978
214 301 401.4452
213 302 611.2469
215 303 178.6991
216 304 215.1926
220 305 173.4305
220 306 3671.072
307 306 1067.4637
308 306 1043.8413
306 307 1067.4637
306 308 1043.8413
217 309 37.9507
217 310 203.2107
218 311 82.7815
221 312 470.5882
313 312 1409.2446
315 312 440.1408
312 313 1409.2446
314 313 125.2662
315 313 1469.5077
313 314 125.2662
223 315 174.4287
312 315 440.1408
313 315 1469.5077
316 315 378.6445
315 316 378.6445
317 316 3985.6517
320 316 221.4839
316 317 3985.6517
318 317 112.5239
319 317 49.14
317 318 112.5239
317 319 49.14
316 320 221.4839
154 321 30.003
223 322 26.441
154 323 30.722
232 324 66.0939
229 325 402.5765
229 326 1591.0899
235 327 174.1553
235 328 126.2467
234 329 5040.3226
330 329 2037.4898
331 329 200.4008
332 329 159.4388
329 330 2037.4898
239 331 594.5303
329 331 200.4008
333 331 1867.7624
334 331 2457.6063
329 332 159.4388
233 333 389.1051
234 333 263.8522
331 333 1867.7624
331 334 2457.6063
230 335 1739.4329
242 336 521.6484
337 336 4889.9756
338 336 1258.4948
336 337 4889.9756
336 338 1258.4948
149 339 140.2918
340 339 3684.5984
341 339 3316.7496
339 340 3684.5984
339 341 3316.7496
230 342 147.7541
343 342 5512.6792
345 342 1111.4816
239 343 4723.6656
342 343 5512.6792
344 343 263.7131
343 344 263.7131
342 345 1111.4816
130 346 31.5159
139 347 128.0738
251 348 192.4557
251 349 148.4781
250 350 317.1583
253 351 704.7216
352 351 624.2197
353 351 2561.4754
351 352 624.2197
351 353 2561.4754
354 353 829.8755
355 353 1013.9931
353 354 829.8755
353 355 1013.9931
257 356 80.8407
259 357 664.4518
259 358 1910.9497
118 359 86.7303
262 360 218.9142
262 361 71.6332
266 362 180.2776
265 363 220.5558
266 363 165.1528
364 363 903.3424
365 363 487.8049
363 364 903.3424
363 365 487.8049
106 366 53.2481
96 367 23.7699
93 368 46.5116
270 369 1501.9525
270 370 167.1961
89 371 13.7779
84 372 54.9149
373 372 549.4505
374 372 246.9746
372 373 549.4505
372 374 246.9746
84 375 322.9974
376 375 8976.6607
378 375 201.005
272 376 1336.1839
375 376 8976.6607
377 376 535.3319
376 377 535.3319
375 378 201.005
271 379 251.5723
271 380 114.7842
