2 1 6811.9891
3 1 6688.9632
4 1 5813.9535
5 1 4618.9376
6 1 4866.18
7 1 5552.4708
8 1 6345.1777
9 1 6150.0615
10 1 5464.4809
11 1 7358.3517
12 1 6042.2961
13 1 6333.1222
14 1 250.6266
52 1 3673.7693
60 1 3198.9763
62 1 2425.4184
63 1 2263.4676
79 1 994.0358
87 1 3338.8982
111 1 1720.2821
144 1 2232.1429
155 1 421.763
157 1 867.3027
159 1 896.861
273 1 2310.0023
1 2 6811.9891
15 2 799.3605
20 2 747.3842
29 2 863.5579
48 2 1185.677
49 2 2033.7604
1 3 6688.9632
63 3 3080.7147
78 3 1488.0952
167 3 66.7557
1 4 5813.9535
80 4 1715.8545
81 4 1194.0299
85 4 3080.7147
1 5 4618.9376
85 5 6756.7568
315 5 26.738
1 6 4866.18
90 6 1659.2003
96 6 723.589
97 6 142.633
1 7 5552.4708
100 7 1049.7586
109 7 7446.0164
1 8 6345.1777
109 8 7077.1408
110 8 5402.4851
111 8 3068.4259
1 9 6150.0615
111 9 1837.2221
122 9 1053.075
125 9 1068.0337
1 10 5464.4809
141 10 1860.8113
144 10 3435.2456
1 11 7358.3517
150 11 444.8399
151 11 1470.5882
1 12 6042.2961
1 13 6333.1222
53 13 4456.328
56 13 18960.9405
1 14 250.6266
2 15 799.3605
16 15 1728.0111
182 15 72.7273
211 15 1325.9082
15 16 1728.0111
17 16 1666.9445
19 16 344.4712
16 17 1666.9445
18 17 1947.4197
197 17 421.9409
210 17 191.9017
17 18 1947.4197
201 18 4366.8122
209 18 5617.9775
16 19 344.4712
2 20 747.3842
21 20 1481.9206
28 20 173.1602
20 21 1481.9206
22 21 14751.4383
27 21 1413.6274
21 22 14751.4383
23 22 9328.3582
26 22 1390.0473
22 23 9328.3582
24 23 992.0635
25 23 659.1958
212 23 74.9625
23 24 992.0635
213 24 4407.2279
215 24 215.7032
23 25 659.1958
22 26 1390.0473
21 27 1413.6274
20 28 173.1602
2 29 863.5579
30 29 4789.272
44 29 288.3506
29 30 4789.272
31 30 13757.0505
41 30 999.001
30 31 13757.0505
32 31 14499.0576
45 31 169.262
31 32 14499.0576
33 32 19996.0008
41 32 2664.535
46 32 841.0429
32 33 19996.0008
34 33 4852.0136
42 33 1045.5876
221 33 315.0599
33 34 4852.0136
35 34 6958.9422
40 34 763.3588
47 34 1642.8454
34 35 6958.9422
36 35 10327.3779
237 35 130.1575
35 36 10327.3779
37 36 11122.2333
39 36 6983.2402
36 37 11122.2333
38 37 12820.5128
229 37 2522.0681
37 38 12820.5128
36 39 6983.2402
34 40 763.3588
30 41 999.001
32 41 2664.535
42 41 3554.9236
33 42 1045.5876
41 42 3554.9236
43 42 510.4645
42 43 510.4645
217 43 278.7845
225 43 66.8449
29 44 288.3506
31 45 169.262
32 46 841.0429
34 47 1642.8454
2 48 1185.677
2 49 2033.7604
50 49 3169.5721
52 49 2846.5699
49 50 3169.5721
51 50 882.6125
52 50 2515.7233
53 50 1393.534
50 51 882.6125
1 52 3673.7693
49 52 2846.5699
50 52 2515.7233
13 53 4456.328
50 53 1393.534
54 53 1287.4984
55 53 1584.2839
53 54 1287.4984
53 55 1584.2839
13 56 18960.9405
57 56 448.4305
59 56 1944.7686
56 57 448.4305
58 57 996.0159
240 57 129.769
57 58 996.0159
56 59 1944.7686
1 60 3198.9763
61 60 769.2308
164 60 1545.1174
60 61 769.2308
62 61 886.5248
64 61 5070.9939
65 61 1545.834
1 62 2425.4184
61 62 886.5248
63 62 24869.4355
64 62 1850.8236
1 63 2263.4676
3 63 3080.7147
62 63 24869.4355
67 63 6406.1499
61 64 5070.9939
62 64 1850.8236
75 64 251.1301
61 65 1545.834
166 66 7220.2166
167 66 88.3392
200 66 1370.9899
63 67 6406.1499
68 67 6844.627
78 67 548.2456
67 68 6844.627
69 68 2800.336
71 68 9267.8406
77 68 862.069
68 69 2800.336
70 69 4198.1528
71 69 8554.3199
200 69 142.6737
69 70 4198.1528
72 70 2551.0204
177 70 1172.6079
68 71 9267.8406
69 71 8554.3199
72 71 13390.466
70 72 2551.0204
71 72 13390.466
73 72 3212.3354
75 72 1462.4159
72 73 3212.3354
74 73 4651.1628
76 73 4055.15
73 74 4651.1628
179 74 318.4713
183 74 2547.7707
188 74 126.5502
199 74 287.4389
64 75 251.1301
72 75 1462.4159
183 75 330.4693
190 75 7315.289
73 76 4055.15
68 77 862.069
3 78 1488.0952
67 78 548.2456
166 78 7032.3488
1 79 994.0358
4 80 1715.8545
4 81 1194.0299
82 81 458.5053
83 81 1389.8541
81 82 458.5053
81 83 1389.8541
84 83 1501.2761
168 83 454.7522
83 84 1501.2761
316 84 408.998
317 84 151.63
4 85 3080.7147
5 85 6756.7568
86 85 1031.8853
85 86 1031.8853
1 87 3338.8982
88 87 599.1612
89 87 535.6186
87 88 599.1612
87 89 535.6186
92 89 9478.673
313 89 48.3325
314 89 69.7837
6 90 1659.2003
91 90 807.7544
96 90 448.2295
90 91 807.7544
92 91 8680.5556
95 91 271.0027
89 92 9478.673
91 92 8680.5556
93 92 518.4033
94 92 603.8647
92 93 518.4033
310 93 169.1189
311 93 151.0118
312 93 206.441
92 94 603.8647
91 95 271.0027
6 96 723.589
90 96 448.2295
309 96 57.4713
6 97 142.633
98 97 914.0768
99 97 717.3601
97 98 914.0768
97 99 717.3601
104 99 252.6529
105 99 641.0256
106 99 174.5201
7 100 1049.7586
101 100 7331.3783
111 100 181.2908
113 100 461.4675
100 101 7331.3783
102 101 3342.246
107 101 114.8106
101 102 3342.246
103 102 12061.2713
114 102 1531.1591
102 103 12061.2713
104 103 1041.4497
108 103 40.5351
99 104 252.6529
103 104 1041.4497
105 104 1507.159
99 105 641.0256
104 105 1507.159
106 105 316.6561
307 105 478.2401
99 106 174.5201
105 106 316.6561
306 106 102.48
308 106 130.1914
101 107 114.8106
103 108 40.5351
7 109 7446.0164
8 109 7077.1408
110 109 28232.6369
8 110 5402.4851
109 110 28232.6369
111 110 4666.3556
1 111 1720.2821
8 111 3068.4259
9 111 1837.2221
100 111 181.2908
110 111 4666.3556
112 111 2623.9832
111 112 2623.9832
113 112 733.1378
121 112 367.7823
122 112 3466.2045
100 113 461.4675
112 113 733.1378
114 113 2332.0896
102 114 1531.1591
113 114 2332.0896
115 114 3586.8006
114 115 3586.8006
116 115 867.3027
117 115 1509.434
296 115 304.7851
115 116 867.3027
299 116 252.2068
300 116 204.3318
301 116 430.2926
115 117 1509.434
118 117 1730.4032
119 117 8650.519
293 117 144.5504
117 118 1730.4032
294 118 286.6972
295 118 130.1406
117 119 8650.519
120 119 2386.6348
124 119 1948.9378
119 120 2386.6348
121 120 8613.2644
124 120 439.9472
112 121 367.7823
120 121 8613.2644
290 121 302.2975
9 122 1053.075
112 122 3466.2045
123 122 92.5069
122 123 92.5069
119 124 1948.9378
120 124 439.9472
292 124 177.1165
9 125 1068.0337
126 125 1476.6686
130 125 3067.4847
141 125 2277.3856
125 126 1476.6686
127 126 4060.0893
129 126 2276.3487
126 127 4060.0893
128 127 1013.6847
140 127 1475.7969
287 127 128.1558
127 128 1013.6847
284 128 655.7377
286 128 408.4967
289 128 461.042
126 129 2276.3487
125 130 3067.4847
131 130 7127.5837
274 130 52.6039
277 130 1663.34
130 131 7127.5837
132 131 7326.0073
133 131 29.4985
131 132 7326.0073
133 132 18740.6297
138 132 4027.3862
131 133 29.4985
132 133 18740.6297
134 133 8764.2419
133 134 8764.2419
135 134 13152.7029
139 134 1384.4663
134 135 13152.7029
136 135 2234.1376
137 135 2124.9469
139 135 252.0797
277 135 2987.7502
135 136 2234.1376
278 136 82.3045
279 136 7507.5075
135 137 2124.9469
277 137 4688.2325
284 137 3448.2759
132 138 4027.3862
134 139 1384.4663
135 139 252.0797
275 139 386.5481
276 139 108.9206
127 140 1475.7969
10 141 1860.8113
125 141 2277.3856
142 141 320.1024
143 141 75.0188
141 142 320.1024
141 143 75.0188
1 144 2232.1429
10 144 3435.2456
145 144 519.2108
144 145 519.2108
146 145 519.2108
147 145 666.2225
145 146 519.2108
145 147 666.2225
148 147 282.6456
271 147 205.5921
147 148 282.6456
269 149 7032.3488
270 149 173.7016
273 149 248.2622
11 150 444.8399
11 151 1470.5882
152 151 3123.0481
153 151 481.9277
151 152 3123.0481
151 153 481.9277
154 153 475.9638
249 153 34.4709
153 154 475.9638
243 154 11999.0401
247 154 95.7854
248 154 33.5345
1 155 421.763
156 155 2151.463
158 155 963.3911
155 156 2151.463
1 157 867.3027
158 157 831.2552
244 157 443.2624
155 158 963.3911
157 158 831.2552
243 158 983.2842
1 159 896.861
160 159 8312.552
162 159 1589.8251
159 160 8312.552
161 160 1090.1559
251 160 100.8776
160 161 1090.1559
254 161 2960.3316
262 161 1173.0205
159 162 1589.8251
163 162 4472.2719
254 162 2116.4021
162 163 4472.2719
60 164 1545.1174
166 165 376.9318
66 166 7220.2166
78 166 7032.3488
165 166 376.9318
3 167 66.7557
66 167 88.3392
168 167 640.2049
170 167 610.8735
83 168 454.7522
167 168 640.2049
169 168 227.2211
168 169 227.2211
167 170 610.8735
172 171 424.4482
173 171 5524.8619
200 171 2004.008
171 172 424.4482
171 173 5524.8619
174 173 148.434
175 173 865.8009
176 173 157.2822
173 174 148.434
173 175 865.8009
173 176 157.2822
70 177 1172.6079
178 177 222.8164
179 177 3280.8399
177 178 222.8164
74 179 318.4713
177 179 3280.8399
180 179 189.7173
181 179 1951.2195
179 180 189.7173
179 181 1951.2195
15 182 72.7273
74 183 2547.7707
75 183 330.4693
184 183 1612.9032
183 184 1612.9032
185 184 1988.4669
190 184 232.1263
184 185 1988.4669
186 185 878.7346
189 185 411.6921
191 185 319.4888
185 186 878.7346
187 186 8561.6438
196 186 113.4044
186 187 8561.6438
201 187 985.2217
206 187 3097.8934
74 188 126.5502
185 189 411.6921
75 190 7315.289
184 190 232.1263
191 190 10212.4183
185 191 319.4888
190 191 10212.4183
192 191 11543.3453
191 192 11543.3453
193 192 7936.5079
198 192 2365.744
192 193 7936.5079
194 193 4329.0043
197 193 445.6328
193 194 4329.0043
195 194 1530.4561
196 194 1243.9358
194 195 1530.4561
186 196 113.4044
194 196 1243.9358
197 196 1633.9869
17 197 421.9409
193 197 445.6328
196 197 1633.9869
192 198 2365.744
74 199 287.4389
66 200 1370.9899
69 200 142.6737
171 200 2004.008
18 201 4366.8122
187 201 985.2217
202 201 8169.9346
208 201 230.5741
201 202 8169.9346
203 202 890.472
207 202 150.7159
202 203 890.472
204 203 70.8717
205 203 3958.8282
203 204 70.8717
203 205 3958.8282
187 206 3097.8934
202 207 150.7159
201 208 230.5741
18 209 5617.9775
17 210 191.9017
15 211 1325.9082
23 212 74.9625
24 213 4407.2279
214 213 82.3045
216 213 148.0604
213 214 82.3045
24 215 215.7032
213 216 148.0604
43 217 278.7845
218 217 101.5641
219 217 383.2886
222 217 57.971
217 218 101.5641
217 219 383.2886
220 219 586.1665
223 219 299.6704
219 220 586.1665
33 221 315.0599
222 221 170.7359
226 221 283.0456
217 222 57.971
221 222 170.7359
223 222 533.049
219 223 299.6704
222 223 533.049
224 223 640.615
223 224 640.615
43 225 66.8449
221 226 283.0456
227 226 316.0556
228 226 1303.2712
226 227 316.0556
226 228 1303.2712
37 229 2522.0681
230 229 552.7916
231 229 8340.2836
229 230 552.7916
229 231 8340.2836
232 231 68.8231
234 231 572.4098
235 231 1324.6788
231 232 68.8231
233 232 275.786
235 232 1358.3265
232 233 275.786
231 234 572.4098
231 235 1324.6788
232 235 1358.3265
236 235 413.394
235 236 413.394
35 237 130.1575
238 237 501.002
239 237 50.6842
237 238 501.002
237 239 50.6842
57 240 129.769
241 240 121.3151
242 240 110.6562
240 241 121.3151
240 242 110.6562
154 243 11999.0401
158 243 983.2842
244 243 8038.5852
245 243 386.5481
246 243 82.3723
157 244 443.2624
243 244 8038.5852
245 244 514.4033
243 245 386.5481
244 245 514.4033
250 245 179.2757
243 246 82.3723
154 247 95.7854
154 248 33.5345
153 249 34.4709
245 250 179.2757
160 251 100.8776
252 251 919.1176
253 251 568.1818
251 252 919.1176
251 253 568.1818
267 253 185.4943
269 253 428.0822
161 254 2960.3316
162 254 2116.4021
255 254 5830.9038
261 254 326.7974
266 254 2948.9826
254 255 5830.9038
256 255 5707.7626
260 255 89.2857
255 256 5707.7626
257 256 408.8307
258 256 939.8496
259 256 258.2645
263 256 524.9344
256 257 408.8307
256 258 939.8496
256 259 258.2645
255 260 89.2857
254 261 326.7974
161 262 1173.0205
263 262 1154.2013
266 262 6333.1222
256 263 524.9344
262 263 1154.2013
264 263 521.6484
265 263 1138.9522
266 263 2178.1747
263 264 521.6484
263 265 1138.9522
254 266 2948.9826
262 266 6333.1222
263 266 2178.1747
253 267 185.4943
269 268 815.6607
149 269 7032.3488
253 269 428.0822
268 269 815.6607
149 270 173.7016
147 271 205.5921
273 272 1270.648
1 273 2310.0023
149 273 248.2622
272 273 1270.648
130 274 52.6039
139 275 386.5481
139 276 108.9206
130 277 1663.34
135 277 2987.7502
137 277 4688.2325
136 278 82.3045
136 279 7507.5075
280 279 6067.9612
283 279 705.2186
279 280 6067.9612
281 280 450.045
282 280 120.9482
284 280 5133.4702
280 281 450.045
280 282 120.9482
279 283 705.2186
128 284 655.7377
137 284 3448.2759
280 284 5133.4702
285 284 745.1565
284 285 745.1565
128 286 408.4967
127 287 128.1558
288 287 2023.4723
290 287 1861.1576
287 288 2023.4723
289 288 742.9421
290 288 1069.4043
128 289 461.042
288 289 742.9421
291 289 103.1353
121 290 302.2975
287 290 1861.1576
288 290 1069.4043
289 291 103.1353
124 292 177.1165
117 293 144.5504
118 294 286.6972
118 295 130.1406
115 296 304.7851
297 296 69.541
298 296 163.8807
296 297 69.541
296 298 163.8807
116 299 252.2068
116 300 204.3318
116 301 430.2926
302 301 307.9766
303 301 1351.3514
301 302 307.9766
301 303 1351.3514
304 303 339.213
305 303 234.2469
303 304 339.213
303 305 234.2469
106 306 102.48
105 307 478.2401
106 308 130.1914
96 309 57.4713
93 310 169.1189
93 311 151.0118
93 312 206.441
89 313 48.3325
89 314 69.7837
5 315 26.738
84 316 408.998
84 317 151.63
