2 1 6329.1139
3 1 5540.1662
4 1 5753.7399
5 1 6097.561
6 1 5614.8231
7 1 4587.156
8 1 370.3704
9 1 229.1476
13 1 2300.4371
15 1 2727.0248
18 1 460.4052
19 1 2334.267
29 1 1952.7436
32 1 886.5248
33 1 3002.1015
37 1 2131.7416
46 1 3669.7248
47 1 2566.0765
48 1 1082.6026
53 1 3243.5939
54 1 561.4823
56 1 1790.8309
76 1 233.5903
77 1 1033.8054
78 1 76.9823
1 2 6329.1139
12 2 6082.7251
95 2 149.723
1 3 5540.1662
14 3 695.4103
15 3 5537.0986
1 4 5753.7399
24 4 1963.4793
29 4 1960.3999
1 5 6097.561
31 5 1053.075
81 5 34.904
1 6 5614.8231
32 6 3459.0107
34 6 153.9646
1 7 4587.156
38 7 204.7502
41 7 378.7879
45 7 1235.7884
46 7 4006.4103
1 8 370.3704
84 8 185.0481
86 8 7342.1439
90 8 6013.2291
1 9 229.1476
10 9 2199.2523
83 9 1159.0172
9 10 2199.2523
90 10 7974.4817
151 10 112.7396
94 11 1474.7087
95 11 4215.8516
96 11 2879.355
2 12 6082.7251
1 13 2300.4371
3 14 695.4103
1 15 2727.0248
3 15 5537.0986
16 15 872.6003
15 16 872.6003
92 16 283.849
99 16 110.595
93 17 6134.9693
94 17 1087.1929
98 17 606.7961
1 18 460.4052
1 19 2334.267
20 19 612.3699
21 19 10756.1579
23 19 635.7279
19 20 612.3699
79 20 129.5672
80 20 115.0483
19 21 10756.1579
22 21 1621.2711
161 21 40.404
21 22 1621.2711
19 23 635.7279
24 23 877.9631
26 23 171.2036
4 24 1963.4793
23 24 877.9631
25 24 1230.6178
24 25 1230.6178
23 26 171.2036
27 26 140.1738
28 26 428.8165
26 27 140.1738
26 28 428.8165
1 29 1952.7436
4 29 1960.3999
30 29 90.7441
29 30 90.7441
101 30 91.7431
102 30 157.5796
5 31 1053.075
32 31 922.5092
82 31 33.2005
1 32 886.5248
6 32 3459.0107
31 32 922.5092
1 33 3002.1015
35 33 57.3723
36 33 32.7439
103 33 35.6252
6 34 153.9646
33 35 57.3723
33 36 32.7439
1 37 2131.7416
7 38 204.7502
39 38 1112.5946
40 38 473.9336
170 38 82.9187
38 39 1112.5946
104 39 2152.8525
106 39 270.7826
38 40 473.9336
7 41 378.7879
42 41 9345.7944
71 41 169.837
41 42 9345.7944
43 42 8368.2008
75 42 1228.9542
111 42 340.0204
42 43 8368.2008
44 43 2621.9192
75 43 1031.2468
43 44 2621.9192
107 44 295.9455
108 44 528.8207
109 44 2115.9543
7 45 1235.7884
1 46 3669.7248
7 46 4006.4103
47 46 6253.9087
1 47 2566.0765
46 47 6253.9087
48 47 8904.7195
1 48 1082.6026
47 48 8904.7195
49 48 929.368
48 49 929.368
50 49 4415.011
54 49 2387.7746
49 50 4415.011
51 50 534.4735
53 50 535.3319
61 50 2713.7042
50 51 534.4735
57 51 8196.7213
126 51 256.7394
59 52 4191.1148
120 52 3477.0515
124 52 156.128
1 53 3243.5939
50 53 535.3319
54 53 1041.6667
55 53 203.7075
1 54 561.4823
49 54 2387.7746
53 54 1041.6667
53 55 203.7075
127 55 2970.8853
131 55 599.88
1 56 1790.8309
51 57 8196.7213
58 57 11766.0901
127 57 113.0454
57 58 11766.0901
59 58 5047.9556
60 58 2762.4309
52 59 4191.1148
58 59 5047.9556
125 59 323.2062
58 60 2762.4309
50 61 2713.7042
62 61 6207.3246
69 61 505.8169
61 62 6207.3246
63 62 4675.0818
68 62 398.5652
70 62 631.3131
62 63 4675.0818
64 63 11276.4998
73 63 734.2144
63 64 11276.4998
65 64 8849.5575
74 64 614.2506
64 65 8849.5575
66 65 5858.2308
71 65 1419.245
72 65 7440.4762
119 65 974.6589
65 66 5858.2308
67 66 16139.4448
114 66 135.5197
66 67 16139.4448
71 67 2165.4396
110 67 8865.2482
115 67 262.8121
62 68 398.5652
61 69 505.8169
62 70 631.3131
41 71 169.837
65 71 1419.245
67 71 2165.4396
65 72 7440.4762
63 73 734.2144
64 74 614.2506
42 75 1228.9542
43 75 1031.2468
112 75 625.3909
1 76 233.5903
139 76 91.9963
202 76 86.881
1 77 1033.8054
1 78 76.9823
134 78 56.7215
135 78 147.3188
20 79 129.5672
20 80 115.0483
5 81 34.904
31 82 33.2005
9 83 1159.0172
8 84 185.0481
85 84 716.3324
86 84 189.5735
84 85 716.3324
88 85 237.6426
136 85 402.0909
142 85 379.7949
8 86 7342.1439
84 86 189.5735
87 86 3282.9941
86 87 3282.9941
88 87 5757.0524
145 87 276.9316
85 88 237.6426
87 88 5757.0524
89 88 437.8284
141 88 81.9001
88 89 437.8284
143 89 298.1515
144 89 1005.935
8 90 6013.2291
10 90 7974.4817
91 90 422.119
150 90 215.2389
90 91 422.119
146 91 5042.8643
149 91 738.0074
16 92 283.849
93 92 2562.1317
95 92 186.428
17 93 6134.9693
92 93 2562.1317
94 93 671.1409
11 94 1474.7087
17 94 1087.1929
93 94 671.1409
2 95 149.723
11 95 4215.8516
92 95 186.428
11 96 2879.355
97 96 564.0158
152 96 363.1082
96 97 564.0158
17 98 606.7961
153 98 17664.7235
158 98 894.4544
159 98 418.41
16 99 110.595
100 99 1969.6671
160 99 438.2121
99 100 1969.6671
30 101 91.7431
30 102 157.5796
162 102 355.1136
163 102 1178.8282
33 103 35.6252
164 103 1440.7146
166 103 397.7725
39 104 2152.8525
105 104 208.6811
168 104 196.3479
169 104 190.0057
104 105 208.6811
39 106 270.7826
44 107 295.9455
44 108 528.8207
171 108 5443.6581
173 108 369.2762
174 108 1089.6807
44 109 2115.9543
171 109 423.9084
175 109 144.6132
67 110 8865.2482
111 110 13890.8182
117 110 2513.1943
42 111 340.0204
110 111 13890.8182
112 111 2316.9601
75 112 625.3909
111 112 2316.9601
113 112 1855.6318
112 113 1855.6318
176 113 1185.2554
177 113 211.3271
66 114 135.5197
67 115 262.8121
117 116 403.3885
110 117 2513.1943
116 117 403.3885
118 117 1258.9702
117 118 1258.9702
178 118 3248.8629
180 118 769.2308
65 119 974.6589
52 120 3477.0515
121 120 4278.9902
187 120 98.0392
120 121 4278.9902
122 121 571.4286
123 121 1084.834
121 122 571.4286
180 122 1702.7073
181 122 275.2546
182 122 885.7396
121 123 1084.834
183 123 1412.0305
184 123 4277.16
52 124 156.128
127 124 248.5089
130 124 337.2681
59 125 323.2062
51 126 256.7394
55 127 2970.8853
57 127 113.0454
124 127 248.5089
128 127 2754.8209
196 127 108.885
127 128 2754.8209
129 128 4840.2711
130 128 272.3312
195 128 195.3507
128 129 4840.2711
190 129 953.2888
194 129 76.9823
124 130 337.2681
128 130 272.3312
188 130 220.1673
189 130 66.2691
55 131 599.88
132 131 137.3815
133 131 693.4813
131 132 137.3815
131 133 693.4813
196 133 1036.1621
199 133 4472.2719
78 134 56.7215
78 135 147.3188
85 136 402.0909
137 136 4372.5404
139 136 729.3946
136 137 4372.5404
138 137 1596.9339
139 137 1929.3845
137 138 1596.9339
76 139 91.9963
136 139 729.3946
137 139 1929.3845
140 139 617.6652
139 140 617.6652
88 141 81.9001
85 142 379.7949
89 143 298.1515
89 144 1005.935
87 145 276.9316
91 146 5042.8643
147 146 1631.5875
148 146 539.0836
146 147 1631.5875
146 148 539.0836
91 149 738.0074
90 150 215.2389
10 151 112.7396
96 152 363.1082
153 152 2527.167
157 152 1003.7137
98 153 17664.7235
152 153 2527.167
154 153 5743.8254
153 154 5743.8254
155 154 4518.7528
156 154 7347.5386
154 155 4518.7528
154 156 7347.5386
152 157 1003.7137
98 158 894.4544
98 159 418.41
99 160 438.2121
21 161 40.404
102 162 355.1136
102 163 1178.8282
103 164 1440.7146
165 164 177.2107
167 164 827.8146
164 165 177.2107
103 166 397.7725
164 167 827.8146
104 168 196.3479
104 169 190.0057
38 170 82.9187
108 171 5443.6581
109 171 423.9084
172 171 309.4059
171 172 309.4059
108 173 369.2762
108 174 1089.6807
109 175 144.6132
113 176 1185.2554
113 177 211.3271
118 178 3248.8629
179 178 1921.2296
180 178 2247.191
178 179 1921.2296
118 180 769.2308
122 180 1702.7073
178 180 2247.191
122 181 275.2546
122 182 885.7396
123 183 1412.0305
123 184 4277.16
185 184 2779.3218
186 184 1741.5535
184 185 2779.3218
184 186 1741.5535
120 187 98.0392
130 188 220.1673
130 189 66.2691
129 190 953.2888
191 190 1120.1972
192 190 893.655
193 190 667.1114
190 191 1120.1972
190 192 893.655
190 193 667.1114
129 194 76.9823
128 195 195.3507
127 196 108.885
133 196 1036.1621
197 196 471.2535
198 196 135.9989
196 197 471.2535
196 198 135.9989
133 199 4472.2719
200 199 6557.377
201 199 5002.5013
199 200 6557.377
199 201 5002.5013
76 202 86.881
