2 1 7581.5011
3 1 7423.905
4 1 6635.7001
5 1 5571.0306
6 1 5737.2347
7 1 6414.3682
8 1 6993.007
9 1 6038.6473
10 1 5473.4537
11 1 7267.4419
12 1 6053.2688
13 1 6480.8814
14 1 61.2745
60 1 2754.0622
69 1 3247.8077
71 1 1971.9976
72 1 2064.8358
93 1 612.3699
103 1 3224.7662
130 1 1649.6206
168 1 1980.5902
172 1 143.4309
179 1 173.1902
182 1 585.8231
185 1 589.6226
1 2 7581.5011
15 2 363.1082
22 2 386.1004
34 2 456.2044
56 2 360.6203
57 2 958.7728
1 3 7423.905
72 3 2566.7351
91 3 1218.9176
92 3 187.5469
1 4 6635.7001
94 4 1043.5146
95 4 1045.0413
100 4 1823.8191
1 5 5571.0306
100 5 3457.8147
102 5 56.8182
1 6 5737.2347
108 6 1285.8429
114 6 466.6356
116 6 86.6551
1 7 6414.3682
119 7 1173.5712
128 7 8968.6099
1 8 6993.007
128 8 8810.5727
129 8 6389.7764
130 8 3101.737
1 9 6038.6473
130 9 1507.3862
140 9 872.6003
144 9 804.5052
1 10 5473.4537
165 10 1738.5257
168 10 2630.1946
1 11 7267.4419
173 11 136.3327
174 11 519.4805
1 12 6053.2688
1 13 6480.8814
61 13 1735.8098
64 13 10178.117
1 14 61.2745
2 15 363.1082
16 15 1157.6754
21 15 69.6864
15 16 1157.6754
17 16 1612.1232
20 16 262.3295
16 17 1612.1232
18 17 2323.4201
19 17 714.7963
17 18 2323.4201
17 19 714.7963
16 20 262.3295
15 21 69.6864
2 22 386.1004
23 22 1698.3696
33 22 67.0241
22 23 1698.3696
24 23 14023.2786
32 23 997.009
23 24 14023.2786
25 24 8077.5444
31 24 699.3007
24 25 8077.5444
26 25 2156.5667
29 25 443.8526
30 25 422.4757
25 26 2156.5667
27 26 1746.7249
28 26 3565.0624
26 27 1746.7249
26 28 3565.0624
25 29 443.8526
25 30 422.4757
24 31 699.3007
23 32 997.009
22 33 67.0241
2 34 456.2044
35 34 4786.9794
51 34 250.6894
34 35 4786.9794
36 35 17621.1454
48 35 1012.966
35 36 17621.1454
37 36 19512.1951
52 36 156.4211
36 37 19512.1951
38 37 24090.5806
48 37 2340.2762
53 37 1259.1287
37 38 24090.5806
39 38 4757.3739
47 38 621.504
49 38 866.5511
38 39 4757.3739
40 39 7892.6598
46 39 379.3627
54 39 1451.5895
39 40 7892.6598
41 40 10104.0719
55 40 200.441
40 41 10104.0719
42 41 9587.7277
45 41 3617.945
41 42 9587.7277
43 42 2409.0581
44 42 7326.0073
42 43 2409.0581
42 44 7326.0073
41 45 3617.945
39 46 379.3627
38 47 621.504
35 48 1012.966
37 48 2340.2762
49 48 3915.4268
38 49 866.5511
48 49 3915.4268
50 49 386.3988
49 50 386.3988
34 51 250.6894
36 52 156.4211
37 53 1259.1287
39 54 1451.5895
40 55 200.441
2 56 360.6203
2 57 958.7728
58 57 1122.7125
60 57 1372.872
57 58 1122.7125
59 58 570.7763
60 58 1099.0219
61 58 186.0119
58 59 570.7763
1 60 2754.0622
57 60 1372.872
58 60 1099.0219
13 61 1735.8098
58 61 186.0119
62 61 58.9623
63 61 99.5025
61 62 58.9623
61 63 99.5025
13 64 10178.117
65 64 196.3479
68 64 574.0528
64 65 196.3479
66 65 174.8863
67 65 372.9952
65 66 174.8863
65 67 372.9952
64 68 574.0528
1 69 3247.8077
70 69 352.3608
192 69 272.4796
69 70 352.3608
71 70 541.4185
73 70 2679.5284
75 70 563.3803
1 71 1971.9976
70 71 541.4185
72 71 27480.0769
73 71 1117.3184
1 72 2064.8358
3 72 2566.7351
71 72 27480.0769
79 72 6199.628
70 73 2679.5284
71 73 1117.3184
74 73 307.9766
73 74 307.9766
70 75 563.3803
77 76 564.0158
78 76 116.2926
91 76 2006.0181
76 77 564.0158
76 78 116.2926
72 79 6199.628
80 79 6930.0069
91 79 153.3742
79 80 6930.0069
81 80 2562.7883
84 80 7861.6352
90 80 403.0633
80 81 2562.7883
82 81 3075.9766
84 81 6565.9882
81 82 3075.9766
83 82 2616.4312
85 82 1409.642
82 83 2616.4312
80 84 7861.6352
81 84 6565.9882
85 84 12180.268
82 85 1409.642
84 85 12180.268
86 85 3243.5939
88 85 1161.5751
85 86 3243.5939
87 86 3090.2349
89 86 4746.0845
86 87 3090.2349
85 88 1161.5751
86 89 4746.0845
80 90 403.0633
3 91 1218.9176
76 91 2006.0181
79 91 153.3742
3 92 187.5469
1 93 612.3699
4 94 1043.5146
4 95 1045.0413
96 95 190.5851
97 95 1044.7137
95 96 190.5851
95 97 1044.7137
98 97 2091.1752
99 97 1436.9881
97 98 2091.1752
97 99 1436.9881
4 100 1823.8191
5 100 3457.8147
101 100 602.4096
100 101 602.4096
5 102 56.8182
1 103 3224.7662
104 103 190.5488
105 103 306.8426
103 104 190.5488
103 105 306.8426
106 105 1435.5441
107 105 439.9472
110 105 7299.2701
105 106 1435.5441
105 107 439.9472
6 108 1285.8429
109 108 926.7841
114 108 221.19
108 109 926.7841
110 109 8045.0523
113 109 250.4383
105 110 7299.2701
109 110 8045.0523
111 110 522.466
112 110 392.9273
110 111 522.466
110 112 392.9273
109 113 250.4383
6 114 466.6356
108 114 221.19
115 114 116.2385
114 115 116.2385
6 116 86.6551
117 116 448.2295
118 116 477.0992
116 117 448.2295
116 118 477.0992
7 119 1173.5712
120 119 8968.6099
130 119 176.2736
132 119 450.8566
119 120 8968.6099
121 120 3930.8176
126 120 64.8929
120 121 3930.8176
122 121 12528.1884
133 121 1574.0595
121 122 12528.1884
123 122 1192.0372
127 122 34.0716
122 123 1192.0372
124 123 1067.122
125 123 34.1763
123 124 1067.122
123 125 34.1763
120 126 64.8929
122 127 34.0716
7 128 8968.6099
8 128 8810.5727
129 128 29868.5783
8 129 6389.7764
128 129 29868.5783
130 129 4526.9353
1 130 1649.6206
8 130 3101.737
9 130 1507.3862
119 130 176.2736
129 130 4526.9353
131 130 2270.1476
130 131 2270.1476
132 131 532.7651
139 131 331.1258
140 131 2974.42
119 132 450.8566
131 132 532.7651
133 132 1814.2235
121 133 1574.0595
132 133 1814.2235
134 133 4555.8087
133 134 4555.8087
135 134 345.6619
136 134 951.4748
137 134 1133.2729
134 135 345.6619
134 136 951.4748
134 137 1133.2729
138 137 352.9827
139 137 2018.5709
142 137 2584.6472
137 138 352.9827
131 139 331.1258
137 139 2018.5709
143 139 654.0222
9 140 872.6003
131 140 2974.42
141 140 40.4694
140 141 40.4694
137 142 2584.6472
139 143 654.0222
9 144 804.5052
145 144 1289.1582
150 144 2783.9644
165 144 1674.7613
144 145 1289.1582
146 145 4100.041
148 145 1952.3624
145 146 4100.041
147 146 784.3137
149 146 891.2656
164 146 1460.2804
146 147 784.3137
145 148 1952.3624
146 149 891.2656
144 150 2783.9644
151 150 8163.2653
157 150 1537.7518
158 150 217.061
150 151 8163.2653
152 151 8896.7972
159 151 542.0054
151 152 8896.7972
153 152 21061.4996
160 152 3861.0039
152 153 21061.4996
154 153 8583.691
161 153 262.5361
153 154 8583.691
155 154 12600.8065
162 154 80.2568
154 155 12600.8065
156 155 1203.2246
163 155 7097.2321
155 156 1203.2246
150 157 1537.7518
150 158 217.061
151 159 542.0054
152 160 3861.0039
153 161 262.5361
154 162 80.2568
155 163 7097.2321
146 164 1460.2804
10 165 1738.5257
144 165 1674.7613
166 165 118.008
167 165 27.6396
165 166 118.008
165 167 27.6396
1 168 1980.5902
10 168 2630.1946
169 168 357.9098
168 169 357.9098
170 169 367.6471
171 169 83.1947
169 170 367.6471
169 171 83.1947
1 172 143.4309
11 173 136.3327
11 174 519.4805
175 174 1755.0018
176 174 350.7541
174 175 1755.0018
174 176 350.7541
177 176 318.4713
178 176 46.729
176 177 318.4713
176 178 46.729
1 179 173.1902
180 179 808.4074
181 179 673.8544
179 180 808.4074
179 181 673.8544
1 182 585.8231
183 182 424.9894
184 182 573.3945
182 183 424.9894
182 184 573.3945
1 185 589.6226
186 185 7843.1373
189 185 1117.5682
185 186 7843.1373
187 186 1017.8117
188 186 115.1941
186 187 1017.8117
186 188 115.1941
185 189 1117.5682
190 189 2539.3601
191 189 1214.9192
189 190 2539.3601
189 191 1214.9192
69 192 272.4796
