2 1 6218.9055
3 1 6849.3151
4 1 5512.6792
5 1 6702.4129
6 1 8025.6822
7 1 6134.9693
8 1 5379.2361
9 1 7530.1205
10 1 6958.9422
11 1 5797.1014
22 1 3538.5704
26 1 2069.9648
27 1 5279.831
30 1 4576.659
51 1 2384.3586
57 1 3556.1878
59 1 1745.2007
67 1 742.9421
81 1 2734.4818
87 1 1699.2353
89 1 2511.9317
90 1 4835.5899
97 1 3732.7361
1 2 6218.9055
12 2 1850.8236
15 2 215.8429
21 2 3760.8123
22 2 2893.5185
1 3 6849.3151
18 3 4452.3598
93 3 1091.4647
94 3 5903.1877
1 4 5512.6792
83 4 730.9942
89 4 8635.5786
1 5 6702.4129
81 5 3079.7659
83 5 1722.3562
1 6 8025.6822
77 6 2191.5407
80 6 2119.093
81 6 3746.7216
1 7 6134.9693
70 7 8857.3959
76 7 3636.3636
77 7 4935.8342
1 8 5379.2361
46 8 2778.5496
57 8 7564.2965
1 9 7530.1205
51 9 2888.5038
54 9 3459.0107
1 10 6958.9422
58 10 142.0858
59 10 3855.0501
1 11 5797.1014
34 11 9727.6265
60 11 5780.3468
2 12 1850.8236
13 12 5952.381
21 12 5307.8556
12 13 5952.381
14 13 253.1646
16 13 160.1281
13 14 253.1646
131 14 1123.3431
132 14 966.1836
2 15 215.8429
16 15 124.9844
19 15 196.04
13 16 160.1281
15 16 124.9844
17 16 187.6877
16 17 187.6877
3 18 4452.3598
19 18 124.5795
130 18 1297.1851
15 19 196.04
18 19 124.5795
20 19 228.9902
19 20 228.9902
2 21 3760.8123
12 21 5307.8556
22 21 1197.6048
1 22 3538.5704
2 22 2893.5185
21 22 1197.6048
24 22 3438.7895
27 22 4633.9203
128 23 148.6326
22 24 3438.7895
25 24 295.5083
27 24 5078.7202
129 24 537.9236
24 25 295.5083
29 25 1019.6798
38 25 2538.7154
1 26 2069.9648
1 27 5279.831
22 27 4633.9203
24 27 5078.7202
28 27 295.9455
27 28 295.9455
29 28 8077.5444
30 28 1997.6029
25 29 1019.6798
28 29 8077.5444
30 29 4766.4442
1 30 4576.659
28 30 1997.6029
29 30 4766.4442
32 30 845.3085
37 30 8368.2008
121 30 1075.2688
34 31 3359.0863
36 31 1219.0662
37 31 2610.9661
120 31 100.04
30 32 845.3085
121 33 632.1113
11 34 9727.6265
31 34 3359.0863
35 34 1155.535
37 34 13152.7029
64 34 12393.1094
34 35 1155.535
36 35 76.6871
116 35 284.4141
31 36 1219.0662
35 36 76.6871
119 36 445.8315
30 37 8368.2008
31 37 2610.9661
34 37 13152.7029
25 38 2538.7154
39 38 7418.3976
45 38 484.9661
38 39 7418.3976
40 39 6765.8999
43 39 217.1553
39 40 6765.8999
41 40 5567.9287
123 40 151.3088
40 41 5567.9287
42 41 5543.2373
44 41 1810.9381
41 42 5543.2373
124 42 9689.9225
126 42 5640.1579
39 43 217.1553
41 44 1810.9381
38 45 484.9661
8 46 2778.5496
47 46 372.1623
50 46 208.2466
46 47 372.1623
48 47 298.8643
49 47 121.8324
47 48 298.8643
47 49 121.8324
46 50 208.2466
51 50 8787.3462
57 50 2741.2281
1 51 2384.3586
9 51 2888.5038
50 51 8787.3462
52 51 96.5251
53 51 185.1852
54 51 2301.496
51 52 96.5251
51 53 185.1852
9 54 3459.0107
51 54 2301.496
55 54 349.7726
54 55 349.7726
56 55 3045.067
58 55 1182.4524
55 56 3045.067
58 56 851.7888
110 56 270.1243
111 56 448.0287
114 56 1013.9931
1 57 3556.1878
8 57 7564.2965
50 57 2741.2281
10 58 142.0858
55 58 1182.4524
56 58 851.7888
59 58 307.5977
113 58 109.3016
1 59 1745.2007
10 59 3855.0501
58 59 307.5977
60 59 1778.0939
61 59 1349.3456
11 60 5780.3468
59 60 1778.0939
61 60 1726.8175
64 60 6153.8462
59 61 1349.3456
60 61 1726.8175
62 61 703.2349
66 61 2422.4806
61 62 703.2349
63 62 142.6941
112 62 163.7465
62 63 142.6941
34 64 12393.1094
60 64 6153.8462
65 64 57.241
64 65 57.241
61 66 2422.4806
1 67 742.9421
68 67 1097.4539
70 67 2443.1957
67 68 1097.4539
69 68 534.7594
107 68 88.8099
68 69 534.7594
108 69 2442.0024
109 69 3039.5137
7 70 8857.3959
67 70 2443.1957
71 70 416.3197
74 70 6752.1945
70 71 416.3197
72 71 144.113
73 71 336.1345
71 72 144.113
71 73 336.1345
70 74 6752.1945
76 74 9746.5887
142 74 3489.1835
105 75 2389.4863
106 75 253.0364
141 75 170.911
7 76 3636.3636
74 76 9746.5887
77 76 6250.0
99 76 188.6437
6 77 2191.5407
7 77 4935.8342
76 77 6250.0
80 77 4768.7172
79 78 115.5535
80 78 155.9576
86 78 114.0511
78 79 115.5535
6 80 2119.093
77 80 4768.7172
78 80 155.9576
81 80 1425.3136
1 81 2734.4818
5 81 3079.7659
6 81 3746.7216
80 81 1425.3136
82 81 131.1647
140 81 4444.4444
81 82 131.1647
4 83 730.9942
5 83 1722.3562
84 83 412.8819
83 84 412.8819
86 85 16.714
78 86 114.0511
85 86 16.714
137 86 1112.9661
1 87 1699.2353
88 87 54.8246
89 87 45.0045
96 87 852.5149
87 88 54.8246
1 89 2511.9317
4 89 8635.5786
87 89 45.0045
1 90 4835.5899
91 90 6218.9055
96 90 6476.6839
90 91 6218.9055
94 91 1368.738
95 91 3869.969
135 91 217.5332
136 92 179.9856
3 93 1091.4647
94 93 367.6471
133 93 78.3085
3 94 5903.1877
91 94 1368.738
93 94 367.6471
91 95 3869.969
96 95 3829.9502
134 95 198.6887
87 96 852.5149
90 96 6476.6839
95 96 3829.9502
1 97 3732.7361
101 98 450.4505
76 99 188.6437
100 99 1593.3716
102 99 2436.6472
99 100 1593.3716
101 100 3858.0247
103 100 277.5465
98 101 450.4505
100 101 3858.0247
104 101 1318.7393
99 102 2436.6472
100 103 277.5465
101 104 1318.7393
75 105 2389.4863
75 106 253.0364
68 107 88.8099
69 108 2442.0024
69 109 3039.5137
56 110 270.1243
56 111 448.0287
62 112 163.7465
58 113 109.3016
56 114 1013.9931
116 115 1544.8787
35 116 284.4141
115 116 1544.8787
117 116 2253.2672
118 116 1330.3179
116 117 2253.2672
116 118 1330.3179
36 119 445.8315
31 120 100.04
30 121 1075.2688
33 121 632.1113
122 121 438.5965
121 122 438.5965
40 123 151.3088
42 124 9689.9225
125 124 1537.0427
127 124 1625.4876
124 125 1537.0427
42 126 5640.1579
124 127 1625.4876
23 128 148.6326
24 129 537.9236
18 130 1297.1851
14 131 1123.3431
14 132 966.1836
93 133 78.3085
95 134 198.6887
91 135 217.5332
92 136 179.9856
86 137 1112.9661
139 138 40.4204
138 139 40.4204
81 140 4444.4444
75 141 170.911
74 142 3489.1835
