2 1 8561.6438
3 1 6720.4301
4 1 5434.7826
5 1 7042.2535
6 1 8305.6478
7 1 288.0184
10 1 781.25
11 1 1640.9583
37 1 201.9386
43 1 879.5075
1 2 8561.6438
12 2 6489.2927
13 2 5115.0895
1 3 6720.4301
44 3 13921.7597
56 3 12589.7016
64 3 14583.6372
1 4 5434.7826
20 4 5170.6308
30 4 575.7052
33 4 147.929
34 4 465.1163
1 5 7042.2535
19 5 1100.4732
21 5 1007.3537
1 6 8305.6478
16 6 2999.4001
19 6 534.7594
1 7 288.0184
8 7 124.4091
9 7 145.7513
7 8 124.4091
7 9 145.7513
1 10 781.25
1 11 1640.9583
2 12 6489.2927
2 13 5115.0895
14 13 231.5351
15 13 93.8086
13 14 231.5351
13 15 93.8086
6 16 2999.4001
17 16 15.0218
18 16 66.6223
16 17 15.0218
16 18 66.6223
19 18 43.7254
24 18 64.1849
29 18 351.7411
5 19 1100.4732
6 19 534.7594
18 19 43.7254
21 19 956.0229
4 20 5170.6308
21 20 2516.3563
23 20 220.8968
5 21 1007.3537
19 21 956.0229
20 21 2516.3563
22 21 725.1632
21 22 725.1632
20 23 220.8968
18 24 64.1849
25 24 2111.0407
27 24 336.1345
24 25 2111.0407
26 25 4852.0136
28 25 4063.3889
25 26 4852.0136
24 27 336.1345
25 28 4063.3889
18 29 351.7411
4 30 575.7052
31 30 231.4279
32 30 283.4467
30 31 231.4279
30 32 283.4467
4 33 147.929
4 34 465.1163
35 34 149.3429
36 34 591.0165
40 34 293.6858
41 34 202.5111
42 34 270.1972
34 35 149.3429
34 36 591.0165
1 37 201.9386
38 37 93.985
39 37 122.2046
37 38 93.985
37 39 122.2046
34 40 293.6858
34 41 202.5111
34 42 270.1972
1 43 879.5075
3 44 13921.7597
45 44 9871.6683
48 44 24993.7516
44 45 9871.6683
46 45 458.0852
47 45 1137.139
45 46 458.0852
45 47 1137.139
44 48 24993.7516
49 48 518.1347
52 48 257.2016
53 48 399.2016
48 49 518.1347
50 49 49.3583
51 49 79.9361
49 50 49.3583
49 51 79.9361
48 52 257.2016
48 53 399.2016
54 53 606.7961
55 53 157.5299
53 54 606.7961
53 55 157.5299
3 56 12589.7016
57 56 1192.8904
58 56 475.0594
59 56 346.7406
56 57 1192.8904
56 58 475.0594
56 59 346.7406
60 59 4580.852
62 59 327.8689
59 60 4580.852
61 60 2366.3038
63 60 881.8342
60 61 2366.3038
59 62 327.8689
60 63 881.8342
3 64 14583.6372
65 64 3765.0602
66 64 980.3922
67 64 133.8151
64 65 3765.0602
64 66 980.3922
64 67 133.8151
68 67 824.4023
69 67 1019.1602
67 68 824.4023
67 69 1019.1602
