2 1 6756.7568
3 1 7886.4353
4 1 8896.7972
5 1 5724.0985
6 1 5060.7287
7 1 4424.7788
8 1 5678.5917
9 1 6397.9527
10 1 4768.7172
11 1 5285.4123
12 1 3982.4771
13 1 4948.0455
14 1 6406.1499
53 1 463.8219
54 1 271.2968
55 1 1985.7029
57 1 252.7806
83 1 2861.2303
171 1 4524.8869
1 2 6756.7568
15 2 3878.976
17 2 1570.8451
35 2 38.2995
1 3 7886.4353
206 3 2252.2523
217 3 14878.7383
1 4 8896.7972
172 4 5339.0283
180 4 17337.0319
195 4 262.1919
196 4 1532.0974
217 4 11254.924
1 5 5724.0985
151 5 7178.7509
152 5 3099.814
171 5 9727.6265
1 6 5060.7287
139 6 3279.7639
151 6 11198.2083
1 7 4424.7788
125 7 4572.4737
126 7 3074.0855
129 7 2222.2222
134 7 1185.5365
137 7 315.4574
138 7 2115.0592
139 7 2891.009
1 8 5678.5917
123 8 5047.9556
125 8 4474.2729
1 9 6397.9527
107 9 7942.8118
123 9 9115.7703
1 10 4768.7172
97 10 9267.8406
98 10 15010.5074
107 10 12125.6214
1 11 5285.4123
55 11 868.0556
58 11 4992.5112
104 11 4892.3679
1 12 3982.4771
49 12 2374.7328
51 12 119.289
52 12 197.5114
1 13 4948.0455
34 13 2314.8148
36 13 2216.8034
1 14 6406.1499
34 14 896.861
35 14 1382.9346
2 15 3878.976
16 15 188.5725
207 15 287.2738
15 16 188.5725
2 17 1570.8451
18 17 96.7118
19 17 269.4691
17 18 96.7118
17 19 269.4691
20 19 390.0156
23 19 548.8474
34 19 313.3814
35 19 40.6009
19 20 390.0156
21 20 853.971
22 20 2046.6639
23 20 599.5204
20 21 853.971
20 22 2046.6639
19 23 548.8474
20 23 599.5204
24 23 5202.9136
33 23 400.9623
34 23 457.0384
23 24 5202.9136
25 24 1792.7573
26 24 10380.982
24 25 1792.7573
24 26 10380.982
27 26 6561.6798
28 26 3585.5145
29 26 3094.0594
30 26 22321.4286
26 27 6561.6798
26 28 3585.5145
26 29 3094.0594
26 30 22321.4286
31 30 4103.4058
32 30 3216.4683
30 31 4103.4058
30 32 3216.4683
23 33 400.9623
13 34 2314.8148
14 34 896.861
19 34 313.3814
23 34 457.0384
35 34 604.2296
2 35 38.2995
14 35 1382.9346
19 35 40.6009
34 35 604.2296
13 36 2216.8034
37 36 224.165
46 36 159.109
49 36 3009.3289
36 37 224.165
38 37 5837.7116
42 37 5614.8231
37 38 5837.7116
39 38 6207.3246
43 38 2855.5111
38 39 6207.3246
40 39 8006.4051
44 39 7122.5071
39 40 8006.4051
41 40 11574.0741
45 40 7127.5837
40 41 11574.0741
37 42 5614.8231
38 43 2855.5111
39 44 7122.5071
40 45 7127.5837
36 46 159.109
47 46 3547.3572
48 46 1317.5231
46 47 3547.3572
46 48 1317.5231
12 49 2374.7328
36 49 3009.3289
50 49 716.8459
49 50 716.8459
12 51 119.289
12 52 197.5114
1 53 463.8219
1 54 271.2968
1 55 1985.7029
11 55 868.0556
56 55 1989.258
104 55 3809.5238
55 56 1989.258
1 57 252.7806
58 57 1009.2854
59 57 227.1179
11 58 4992.5112
57 58 1009.2854
72 58 568.1818
57 59 227.1179
61 60 8810.5727
65 60 1734.6054
104 60 697.8367
60 61 8810.5727
62 61 8525.1492
70 61 11310.9377
61 62 8525.1492
63 62 13487.9957
69 62 8103.7277
62 63 13487.9957
64 63 4024.1449
68 63 7107.3205
71 63 9881.4229
63 64 4024.1449
60 65 1734.6054
66 65 302.0236
67 65 986.1933
65 66 302.0236
65 67 986.1933
63 68 7107.3205
62 69 8103.7277
61 70 11310.9377
63 71 9881.4229
58 72 568.1818
73 72 18175.209
81 72 1814.5527
72 73 18175.209
74 73 13222.2663
80 73 1971.6088
73 74 13222.2663
75 74 8976.6607
78 74 539.3743
79 74 6075.3341
74 75 8976.6607
76 75 13312.0341
77 75 4384.0421
82 75 23337.2229
75 76 13312.0341
75 77 4384.0421
74 78 539.3743
74 79 6075.3341
73 80 1971.6088
72 81 1814.5527
75 82 23337.2229
1 83 2861.2303
84 83 407.498
85 83 1824.4846
97 83 16998.1302
83 84 407.498
83 85 1824.4846
86 85 3397.8933
97 85 6049.6068
98 85 10396.0911
99 85 1112.7184
85 86 3397.8933
87 86 289.6032
89 86 1300.221
86 87 289.6032
88 87 632.9114
99 87 387.4467
87 88 632.9114
86 89 1300.221
90 89 1955.4165
95 89 676.59
96 89 900.9009
89 90 1955.4165
91 90 5411.2554
94 90 1408.6491
90 91 5411.2554
92 91 15832.8056
93 91 8143.3225
91 92 15832.8056
91 93 8143.3225
90 94 1408.6491
89 95 676.59
89 96 900.9009
10 97 9267.8406
83 97 16998.1302
85 97 6049.6068
10 98 15010.5074
85 98 10396.0911
107 98 12306.1777
108 98 9970.0897
85 99 1112.7184
87 99 387.4467
100 99 12124.1513
99 100 12124.1513
101 100 1928.2684
103 100 7017.5439
100 101 1928.2684
102 101 3878.976
211 101 15126.3046
101 102 3878.976
100 103 7017.5439
11 104 4892.3679
55 104 3809.5238
60 104 697.8367
106 105 5344.7354
109 105 1644.196
110 105 2520.1613
211 105 4310.3448
105 106 5344.7354
108 106 959.6929
111 106 2124.0442
114 106 14673.5143
122 106 12080.2126
211 106 938.0863
9 107 7942.8118
10 107 12125.6214
98 107 12306.1777
108 107 8257.6383
98 108 9970.0897
106 108 959.6929
107 108 8257.6383
105 109 1644.196
105 110 2520.1613
106 111 2124.0442
112 111 8703.2202
113 111 2456.3989
111 112 8703.2202
111 113 2456.3989
106 114 14673.5143
115 114 13125.082
119 114 416.3197
114 115 13125.082
116 115 6711.4094
117 115 6613.7566
118 115 5793.7428
120 115 641.0256
121 115 3608.8055
115 116 6711.4094
115 117 6613.7566
115 118 5793.7428
114 119 416.3197
115 120 641.0256
115 121 3608.8055
106 122 12080.2126
8 123 5047.9556
9 123 9115.7703
124 123 244.439
123 124 244.439
7 125 4572.4737
8 125 4474.2729
126 125 9832.8417
7 126 3074.0855
125 126 9832.8417
127 126 589.9705
129 126 948.7666
126 127 589.9705
128 127 225.8356
129 127 808.4074
127 128 225.8356
7 129 2222.2222
126 129 948.7666
127 129 808.4074
130 129 474.6084
129 130 474.6084
131 130 816.9935
134 130 377.3585
130 131 816.9935
132 131 4578.7546
133 131 2111.0407
131 132 4578.7546
131 133 2111.0407
7 134 1185.5365
130 134 377.3585
135 134 410.509
136 134 366.7033
134 135 410.509
134 136 366.7033
7 137 315.4574
7 138 2115.0592
6 139 3279.7639
7 139 2891.009
140 139 4060.0893
139 140 4060.0893
141 140 530.504
144 140 1799.2083
140 141 530.504
142 141 773.9938
143 141 929.368
141 142 773.9938
141 143 929.368
140 144 1799.2083
145 144 7235.89
150 144 2704.8959
144 145 7235.89
146 145 7002.8011
148 145 19790.2236
145 146 7002.8011
147 146 5770.3405
154 146 1707.6503
146 147 5770.3405
145 148 19790.2236
149 148 7518.797
154 148 3846.1538
148 149 7518.797
150 149 8936.5505
222 149 1421.8683
144 150 2704.8959
149 150 8936.5505
151 150 1755.3098
5 151 7178.7509
6 151 11198.2083
150 151 1755.3098
5 152 3099.814
153 152 7552.8701
171 152 2617.1159
152 153 7552.8701
171 153 2057.6132
192 153 39510.0751
222 153 7304.6019
146 154 1707.6503
148 154 3846.1538
155 154 1388.696
156 154 2132.1962
157 154 3872.9667
158 154 16880.4862
222 154 6426.7352
154 155 1388.696
154 156 2132.1962
154 157 3872.9667
159 157 13352.9176
162 157 4683.8407
154 158 16880.4862
163 158 36683.7858
194 158 6180.4697
157 159 13352.9176
160 159 2911.2082
161 159 13610.9977
159 160 2911.2082
159 161 13610.9977
157 162 4683.8407
158 163 36683.7858
164 163 16515.2766
220 163 4837.9294
163 164 16515.2766
165 164 10138.903
167 164 2828.8543
164 165 10138.903
166 165 4819.2771
167 165 3568.8794
165 166 4819.2771
164 167 2828.8543
165 167 3568.8794
168 167 24925.2243
174 167 22888.5328
167 168 24925.2243
169 168 2801.1204
170 168 2361.2751
168 169 2801.1204
168 170 2361.2751
1 171 4524.8869
5 171 9727.6265
152 171 2617.1159
153 171 2057.6132
172 171 14216.6619
4 172 5339.0283
171 172 14216.6619
173 172 15795.293
172 173 15795.293
174 173 8123.4768
192 173 2574.0026
221 173 5219.2067
167 174 22888.5328
173 174 8123.4768
175 174 968.9922
178 174 1074.4601
220 174 11441.6476
174 175 968.9922
178 175 3137.7471
179 175 1973.9439
178 176 2383.2221
194 177 13065.064
220 177 33602.1505
221 177 4310.3448
174 178 1074.4601
175 178 3137.7471
176 178 2383.2221
182 178 1126.253
183 178 1207.0006
175 179 1973.9439
4 180 17337.0319
181 180 2131.2873
182 180 3900.156
180 181 2131.2873
178 182 1126.253
180 182 3900.156
183 182 6671.1141
178 183 1207.0006
182 183 6671.1141
184 183 5577.2448
190 183 812.3477
183 184 5577.2448
185 184 1138.6928
186 184 414.0787
187 184 4990.02
190 184 1204.6741
184 185 1138.6928
184 186 414.0787
184 187 4990.02
188 187 4805.382
189 187 4342.1624
187 188 4805.382
187 189 4342.1624
183 190 812.3477
184 190 1204.6741
191 190 824.4023
190 191 824.4023
153 192 39510.0751
173 192 2574.0026
193 192 12380.8345
192 193 12380.8345
194 193 961.5385
221 193 3270.1112
158 194 6180.4697
177 194 13065.064
193 194 961.5385
4 195 262.1919
4 196 1532.0974
197 196 13424.6208
203 196 2293.0521
196 197 13424.6208
198 197 5030.1811
205 197 1301.4055
197 198 5030.1811
202 198 886.5248
219 198 11664.5282
200 199 5437.7379
201 199 13745.7045
207 199 1045.9157
219 199 11149.515
199 200 5437.7379
199 201 13745.7045
198 202 886.5248
196 203 2293.0521
204 203 765.6968
223 203 515.1984
203 204 765.6968
197 205 1301.4055
3 206 2252.2523
207 206 3607.5036
219 206 516.7959
15 207 287.2738
199 207 1045.9157
206 207 3607.5036
208 207 16249.5938
207 208 16249.5938
209 208 5446.6231
213 208 2637.8264
214 208 2232.1429
208 209 5446.6231
210 209 2463.0542
212 209 8532.4232
209 210 2463.0542
101 211 15126.3046
105 211 4310.3448
106 211 938.0863
209 212 8532.4232
208 213 2637.8264
214 213 10215.5481
216 213 7246.3768
208 214 2232.1429
213 214 10215.5481
215 214 4438.5264
214 215 4438.5264
213 216 7246.3768
3 217 14878.7383
4 217 11254.924
218 217 6345.1777
217 218 6345.1777
198 219 11664.5282
199 219 11149.515
206 219 516.7959
163 220 4837.9294
174 220 11441.6476
177 220 33602.1505
173 221 5219.2067
177 221 4310.3448
193 221 3270.1112
149 222 1421.8683
153 222 7304.6019
154 222 6426.7352
203 223 515.1984
