2 1 4591.3682
3 1 5646.5274
4 1 6199.628
5 1 4849.6605
6 1 6426.7352
7 1 7479.4316
8 1 7127.5837
9 1 6389.7764
10 1 5070.9939
11 1 7122.5071
12 1 4798.4645
13 1 3976.1431
14 1 4543.3894
15 1 5844.5354
16 1 4110.1521
62 1 2097.3154
1 2 4591.3682
17 2 284.2524
22 2 753.012
116 2 176.8347
1 3 5646.5274
19 3 1207.292
21 3 880.2817
22 3 1498.801
1 4 6199.628
21 4 14255.1675
23 4 14943.2158
27 4 18730.0993
1 5 4849.6605
27 5 2912.9042
28 5 4189.359
30 5 1959.6316
31 5 884.1733
33 5 219.106
1 6 6426.7352
33 6 296.1208
35 6 15446.401
1 7 7479.4316
35 7 16463.6154
38 7 18843.0375
40 7 8680.5556
1 8 7127.5837
42 8 8305.6478
48 8 5422.9935
1 9 6389.7764
48 9 5662.5142
49 9 295.683
53 9 3881.9876
1 10 5070.9939
62 10 2117.2983
63 10 162.5223
64 10 797.4482
1 11 7122.5071
64 11 1147.0521
65 11 2390.6287
66 11 1830.4961
124 11 1912.0459
1 12 4798.4645
78 12 3290.5561
86 12 4977.6008
104 12 2259.887
1 13 3976.1431
101 13 65.3595
105 13 36.2713
106 13 5078.7202
1 14 4543.3894
15 14 305.8104
106 14 3437.6074
112 14 175.1313
1 15 5844.5354
14 15 305.8104
112 15 111.4206
119 15 87.4126
123 15 2994.012
1 16 4110.1521
116 16 194.5525
117 16 722.5434
123 16 2478.9291
2 17 284.2524
20 17 537.0569
186 17 7092.1986
177 18 690.6077
3 19 1207.292
20 19 2495.01
22 19 2920.5607
17 20 537.0569
19 20 2495.01
21 20 1180.9164
3 21 880.2817
4 21 14255.1675
20 21 1180.9164
23 21 19864.9186
2 22 753.012
3 22 1498.801
19 22 2920.5607
4 23 14943.2158
21 23 19864.9186
24 23 179.1473
25 23 797.4482
23 24 179.1473
23 25 797.4482
26 25 818.3306
27 25 599.1612
25 26 818.3306
169 26 292.74
173 26 1110.7409
4 27 18730.0993
5 27 2912.9042
25 27 599.1612
28 27 130.0221
5 28 4189.359
27 28 130.0221
29 28 382.995
28 29 382.995
5 30 1959.6316
31 30 1865.3236
180 30 130.9072
5 31 884.1733
30 31 1865.3236
32 31 180.4077
31 32 180.4077
5 33 219.106
6 33 296.1208
34 33 155.6178
33 34 155.6178
6 35 15446.401
7 35 16463.6154
36 35 16396.1305
35 36 16396.1305
37 36 1098.9011
39 36 20197.9398
36 37 1098.9011
7 38 18843.0375
39 38 12093.3607
40 38 16289.2979
36 39 20197.9398
38 39 12093.3607
168 39 102.02
7 40 8680.5556
38 40 16289.2979
41 40 259.2017
42 40 8787.3462
40 41 259.2017
8 42 8305.6478
40 42 8787.3462
43 42 6561.6798
46 42 15681.3549
42 43 6561.6798
44 43 185.3568
45 43 119.4886
43 44 185.3568
43 45 119.4886
42 46 15681.3549
47 46 1255.6504
48 46 17793.5943
46 47 1255.6504
8 48 5422.9935
9 48 5662.5142
46 48 17793.5943
167 48 131.7176
9 49 295.683
50 49 2082.4656
51 49 386.9969
49 50 2082.4656
52 50 143.8228
166 50 215.0538
49 51 386.9969
50 52 143.8228
9 53 3881.9876
54 53 571.4286
62 53 3636.3636
53 54 571.4286
55 54 8795.0748
60 54 3473.4283
185 54 254.1296
54 55 8795.0748
56 55 2435.4603
161 55 301.8412
55 56 2435.4603
57 56 16337.1998
61 56 10475.5919
56 57 16337.1998
58 57 11845.5342
165 57 183.4862
57 58 11845.5342
59 58 16680.5671
164 58 1953.8882
58 59 16680.5671
162 59 736.9197
163 59 3573.9814
54 60 3473.4283
56 61 10475.5919
1 62 2097.3154
10 62 2117.2983
53 62 3636.3636
10 63 162.5223
10 64 797.4482
11 64 1147.0521
65 64 6613.7566
11 65 2390.6287
64 65 6613.7566
66 65 4995.005
11 66 1830.4961
65 66 4995.005
67 66 7581.5011
66 67 7581.5011
68 67 5966.5871
72 67 1053.2968
73 67 1179.3844
67 68 5966.5871
69 68 13417.4158
72 68 1032.0983
73 68 473.0369
74 68 1763.0465
76 68 629.3266
68 69 13417.4158
70 69 16619.5779
75 69 2688.172
69 70 16619.5779
71 70 7299.2701
149 70 2050.4408
154 70 1175.2262
70 71 7299.2701
149 71 925.0694
153 71 8960.5735
155 71 607.9027
67 72 1053.2968
68 72 1032.0983
76 72 8880.9947
81 72 20354.1624
67 73 1179.3844
68 73 473.0369
160 73 500.5005
68 74 1763.0465
69 75 2688.172
77 75 9578.5441
146 75 23025.5584
68 76 629.3266
72 76 8880.9947
82 76 600.2401
146 76 14338.9733
75 77 9578.5441
148 77 616.1429
149 77 8445.9459
152 77 1704.4486
12 78 3290.5561
79 78 2290.426
85 78 221.533
78 79 2290.426
80 79 1404.4944
84 79 2737.476
79 80 1404.4944
81 80 15765.4107
83 80 241.6626
72 81 20354.1624
80 81 15765.4107
82 81 679.3478
76 82 600.2401
81 82 679.3478
89 82 467.5082
145 82 198.2947
80 83 241.6626
79 84 2737.476
78 85 221.533
12 86 4977.6008
87 86 467.5082
97 86 327.0111
86 87 467.5082
88 87 7782.1012
93 87 2140.8692
87 88 7782.1012
89 88 9569.378
144 88 194.8938
82 89 467.5082
88 89 9569.378
90 89 3843.1975
94 89 2386.6348
89 90 3843.1975
91 90 7087.1722
95 90 4334.6337
90 91 7087.1722
92 91 5271.4813
96 91 16630.6336
91 92 5271.4813
138 92 6896.5517
141 92 1215.0668
87 93 2140.8692
89 94 2386.6348
90 95 4334.6337
91 96 16630.6336
86 97 327.0111
98 97 2722.5701
100 97 8424.5998
97 98 2722.5701
99 98 1674.2006
122 98 521.9207
133 98 820.3445
98 99 1674.2006
97 100 8424.5998
13 101 65.3595
102 101 460.6172
103 101 1876.5247
105 101 154.4163
101 102 460.6172
101 103 1876.5247
12 104 2259.887
13 105 36.2713
101 105 154.4163
106 105 51.3611
13 106 5078.7202
14 106 3437.6074
105 106 51.3611
107 106 65.3595
106 107 65.3595
108 107 5461.4965
111 107 5428.8817
114 107 4750.5938
107 108 5461.4965
109 108 2868.6173
183 108 780.6401
184 108 1081.5488
108 109 2868.6173
110 109 1480.6041
130 109 518.4033
109 110 1480.6041
125 110 11431.1843
128 110 146.1134
129 110 1205.6909
107 111 5428.8817
14 112 175.1313
15 112 111.4206
113 112 877.9631
112 113 877.9631
114 113 3316.7496
131 113 190.0418
107 114 4750.5938
113 114 3316.7496
115 114 894.4544
114 115 894.4544
2 116 176.8347
16 116 194.5525
181 116 227.1695
16 117 722.5434
118 117 2406.1598
123 117 421.9409
117 118 2406.1598
119 118 856.898
120 118 212.6755
15 119 87.4126
118 119 856.898
132 119 144.8226
118 120 212.6755
121 120 688.2312
182 120 282.2467
120 121 688.2312
98 122 521.9207
15 123 2994.012
16 123 2478.9291
117 123 421.9409
11 124 1912.0459
110 125 11431.1843
126 125 15006.0024
127 125 384.6154
125 126 15006.0024
125 127 384.6154
110 128 146.1134
110 129 1205.6909
109 130 518.4033
113 131 190.0418
119 132 144.8226
98 133 820.3445
134 133 5285.4123
136 133 14312.2943
133 134 5285.4123
135 134 15976.9931
137 134 9842.5197
134 135 15976.9931
133 136 14312.2943
134 137 9842.5197
92 138 6896.5517
139 138 6127.451
142 138 489.4763
138 139 6127.451
140 139 7627.7651
143 139 16273.393
139 140 7627.7651
92 141 1215.0668
138 142 489.4763
139 143 16273.393
88 144 194.8938
82 145 198.2947
75 146 23025.5584
76 146 14338.9733
147 146 1780.6268
146 147 1780.6268
77 148 616.1429
70 149 2050.4408
71 149 925.0694
77 149 8445.9459
150 149 3780.7183
153 149 407.6641
149 150 3780.7183
151 150 6784.2605
153 150 1661.6816
150 151 6784.2605
77 152 1704.4486
71 153 8960.5735
149 153 407.6641
150 153 1661.6816
156 153 946.0738
157 153 22256.844
70 154 1175.2262
71 155 607.9027
153 156 946.0738
153 157 22256.844
158 157 4933.3991
159 157 12647.0216
157 158 4933.3991
157 159 12647.0216
73 160 500.5005
55 161 301.8412
59 162 736.9197
59 163 3573.9814
58 164 1953.8882
57 165 183.4862
50 166 215.0538
48 167 131.7176
39 168 102.02
26 169 292.74
170 169 1928.6403
171 169 484.731
172 169 990.099
169 170 1928.6403
169 171 484.731
169 172 990.099
26 173 1110.7409
174 173 461.6805
175 173 850.3401
176 173 1819.1741
173 174 461.6805
173 175 850.3401
173 176 1819.1741
18 177 690.6077
178 177 2050.4408
179 177 5035.2467
177 178 2050.4408
177 179 5035.2467
30 180 130.9072
116 181 227.1695
120 182 282.2467
108 183 780.6401
108 184 1081.5488
54 185 254.1296
17 186 7092.1986
