2 1 7137.7587
3 1 6738.5445
4 1 5927.6823
5 1 4803.074
6 1 4977.6008
7 1 5800.464
8 1 6863.418
9 1 6313.1313
10 1 5485.4635
11 1 7320.6442
12 1 5924.1706
13 1 6246.0962
14 1 69.3001
52 1 3462.6039
60 1 1381.2155
62 1 1732.5017
63 1 1501.2761
79 1 287.7698
87 1 2859.5939
112 1 968.0542
139 1 1379.8813
147 1 161.2383
149 1 359.8417
151 1 486.1449
226 1 1674.4809
1 2 7137.7587
15 2 744.0476
20 2 683.0601
29 2 484.9661
48 2 798.722
49 2 1104.6062
1 3 6738.5445
63 3 1306.3357
78 3 306.6544
159 3 35.3607
1 4 5927.6823
80 4 719.9424
81 4 167.6446
85 4 760.4563
1 5 4803.074
85 5 2180.5495
299 5 20.1898
1 6 4977.6008
91 6 775.7952
97 6 294.0312
98 6 44.1891
1 7 5800.464
101 7 593.4718
110 7 6184.2919
1 8 6863.418
110 8 5793.7428
111 8 3868.472
112 8 2153.3161
1 9 6313.1313
112 9 754.1478
113 9 204.2901
124 9 838.223
1 10 5485.4635
124 10 825.0825
139 10 914.0768
1 11 7320.6442
143 11 181.1266
144 11 541.7118
1 12 5924.1706
1 13 6246.0962
53 13 2630.1946
56 13 13683.6344
1 14 69.3001
2 15 744.0476
16 15 827.1299
166 15 28.2247
190 15 865.8009
15 16 827.1299
17 16 701.7544
19 16 128.7498
16 17 701.7544
18 17 812.3477
180 17 98.5222
189 17 2511.3009
17 18 812.3477
184 18 1336.7197
188 18 3455.425
16 19 128.7498
2 20 683.0601
21 20 739.0983
28 20 74.0192
20 21 739.0983
22 21 4526.9353
27 21 245.5193
21 22 4526.9353
23 22 4302.926
26 22 343.1709
22 23 4302.926
24 23 750.7508
25 23 379.9392
343 23 35.4862
23 24 750.7508
191 24 112.8413
262 24 146.4343
23 25 379.9392
22 26 343.1709
21 27 245.5193
20 28 74.0192
2 29 484.9661
30 29 2594.0337
44 29 156.3966
29 30 2594.0337
31 30 4943.1537
41 30 470.5882
30 31 4943.1537
32 31 4058.4416
45 31 76.3942
31 32 4058.4416
33 32 5938.2423
41 32 2157.9629
46 32 207.555
32 33 5938.2423
34 33 1812.9079
42 33 651.0417
195 33 165.4533
33 34 1812.9079
35 34 2373.6055
40 34 1202.7905
47 34 252.0797
34 35 2373.6055
36 35 6839.9453
272 35 36.3636
35 36 6839.9453
37 36 4342.1624
39 36 5678.5917
36 37 4342.1624
38 37 9433.9623
201 37 976.5625
37 38 9433.9623
36 39 5678.5917
34 40 1202.7905
30 41 470.5882
32 41 2157.9629
42 41 1392.5637
33 42 651.0417
41 42 1392.5637
43 42 281.7695
42 43 281.7695
193 43 282.3264
198 43 58.9971
29 44 156.3966
31 45 76.3942
32 46 207.555
34 47 252.0797
2 48 798.722
2 49 1104.6062
50 49 633.7136
52 49 455.9964
49 50 633.7136
51 50 373.413
52 50 489.4763
53 50 110.1079
50 51 373.413
1 52 3462.6039
49 52 455.9964
50 52 489.4763
13 53 2630.1946
50 53 110.1079
54 53 69.7837
55 53 117.7718
53 54 69.7837
53 55 117.7718
13 56 13683.6344
57 56 77.821
59 56 438.4042
56 57 77.821
58 57 1365.9336
272 57 49.8008
57 58 1365.9336
56 59 438.4042
1 60 1381.2155
61 60 151.1031
156 60 382.5555
60 61 151.1031
62 61 263.9916
64 61 900.09
65 61 292.3977
1 62 1732.5017
61 62 263.9916
63 62 13152.7029
64 62 465.5493
1 63 1501.2761
3 63 1306.3357
62 63 13152.7029
67 63 1731.9016
61 64 900.09
62 64 465.5493
75 64 123.1224
61 65 292.3977
158 66 1787.9492
159 66 41.3223
183 66 492.6108
63 67 1731.9016
68 67 2040.3999
78 67 324.1491
67 68 2040.3999
69 68 744.0476
71 68 4614.6747
77 68 228.833
68 69 744.0476
70 69 1937.609
71 69 4096.6817
183 69 188.7149
69 70 1937.609
72 70 1508.9784
162 70 338.524
68 71 4614.6747
69 71 4096.6817
72 71 8038.5852
70 72 1508.9784
71 72 8038.5852
73 72 1453.6997
75 72 737.4631
72 73 1453.6997
74 73 1213.445
76 73 1412.4294
73 74 1213.445
164 74 226.398
167 74 1782.5312
182 74 111.8443
257 74 63.5728
64 75 123.1224
72 75 737.4631
167 75 296.1208
173 75 3142.6776
73 76 1412.4294
68 77 228.833
3 78 306.6544
67 78 324.1491
158 78 1037.8827
1 79 287.7698
4 80 719.9424
4 81 167.6446
82 81 140.8252
83 81 317.2589
81 82 140.8252
81 83 317.2589
84 83 494.0711
160 83 388.0481
83 84 494.0711
296 84 60.8643
297 84 328.4072
4 85 760.4563
5 85 2180.5495
86 85 183.6547
85 86 183.6547
1 87 2859.5939
88 87 113.3401
89 87 361.0108
87 88 113.3401
87 89 361.0108
90 89 1094.2116
93 89 5336.1793
472 89 20.6016
89 90 1094.2116
6 91 775.7952
92 91 251.9526
97 91 228.5714
91 92 251.9526
93 92 1713.7961
96 92 148.258
89 93 5336.1793
92 93 1713.7961
94 93 153.9172
95 93 115.3403
93 94 153.9172
250 94 73.5835
251 94 99.108
93 95 115.3403
92 96 148.258
6 97 294.0312
91 97 228.5714
458 97 48.8043
6 98 44.1891
99 98 439.7537
100 98 282.0874
98 99 439.7537
98 100 282.0874
105 100 288.3506
106 100 395.8828
107 100 136.8176
7 101 593.4718
102 101 2472.7992
112 101 67.7507
114 101 100.8878
101 102 2472.7992
103 102 1745.8101
108 102 225.6827
102 103 1745.8101
104 103 3249.9188
115 103 542.0054
103 104 3249.9188
105 104 455.7885
109 104 71.8391
100 105 288.3506
104 105 455.7885
106 105 1483.0194
100 106 395.8828
105 106 1483.0194
107 106 297.619
248 106 99.3049
100 107 136.8176
106 107 297.619
248 107 154.9427
249 107 122.7144
102 108 225.6827
104 109 71.8391
7 110 6184.2919
8 110 5793.7428
111 110 20104.5436
8 111 3868.472
110 111 20104.5436
112 111 3363.6058
1 112 968.0542
8 112 2153.3161
9 112 754.1478
101 112 67.7507
111 112 3363.6058
113 112 2398.0815
9 113 204.2901
112 113 2398.0815
114 113 769.8229
122 113 242.483
101 114 100.8878
113 114 769.8229
115 114 1566.416
103 115 542.0054
114 115 1566.416
116 115 1295.0013
115 116 1295.0013
117 116 543.7738
118 116 586.5103
452 116 424.4482
116 117 543.7738
244 117 190.1502
245 117 236.7424
246 117 254.1296
116 118 586.5103
119 118 1443.0014
120 118 4158.0042
241 118 112.9433
118 119 1443.0014
242 119 142.6941
451 119 483.559
452 119 4940.7115
118 120 4158.0042
121 120 644.3299
123 120 1130.7101
120 121 644.3299
122 121 4892.3679
123 121 240.4424
113 122 242.483
121 122 4892.3679
238 122 200.4812
120 123 1130.7101
121 123 240.4424
240 123 165.18
9 124 838.223
10 124 825.0825
125 124 1071.8114
129 124 2426.0068
124 125 1071.8114
126 125 1813.2366
128 125 967.118
125 126 1813.2366
127 126 837.5209
138 126 683.9945
235 126 69.8812
126 127 837.5209
233 127 638.5696
234 127 221.6312
237 127 285.4696
125 128 967.118
124 129 2426.0068
130 129 4675.0818
228 129 972.7626
403 129 16.4989
129 130 4675.0818
131 130 4601.9328
132 130 32.7011
130 131 4601.9328
132 131 11775.789
136 131 2320.1856
130 132 32.7011
131 132 11775.789
133 132 8025.6822
132 133 8025.6822
134 133 9578.5441
137 133 748.503
133 134 9578.5441
135 134 702.2472
137 134 250.3129
228 134 1727.1157
229 134 1089.4433
134 135 702.2472
228 135 2271.6947
233 135 2331.0023
131 136 2320.1856
133 137 748.503
134 137 250.3129
227 137 376.7898
420 137 31.837
126 138 683.9945
1 139 1379.8813
10 139 914.0768
140 139 103.6592
139 140 103.6592
141 140 250.2503
224 140 247.1577
140 141 250.2503
223 142 4559.9635
226 142 239.6932
403 142 352.6093
11 143 181.1266
11 144 541.7118
145 144 1130.0712
146 144 63.9386
144 145 1130.0712
144 146 63.9386
206 146 6934.8128
384 146 13.0634
1 147 161.2383
148 147 471.2535
150 147 172.8608
147 148 471.2535
1 149 359.8417
150 149 338.524
207 149 168.6341
147 150 172.8608
149 150 338.524
206 150 472.5898
1 151 486.1449
152 151 2450.3798
154 151 963.3911
151 152 2450.3798
153 152 331.0162
211 152 36.846
152 153 331.0162
212 153 2312.6735
218 153 575.0431
151 154 963.3911
155 154 3022.9746
212 154 642.2608
154 155 3022.9746
60 156 382.5555
158 157 176.3047
66 158 1787.9492
78 158 1037.8827
157 158 176.3047
3 159 35.3607
66 159 41.3223
160 159 466.4179
161 159 605.6935
83 160 388.0481
159 160 466.4179
252 160 89.2061
159 161 605.6935
70 162 338.524
163 162 87.7193
164 162 2127.207
162 163 87.7193
183 163 38.0084
254 163 208.1165
74 164 226.398
162 164 2127.207
165 164 599.88
254 164 99.3049
164 165 599.88
255 165 172.4733
256 165 271.813
257 165 581.3953
318 165 422.2973
15 166 28.2247
74 167 1782.5312
75 167 296.1208
168 167 1191.4691
167 168 1191.4691
169 168 1123.8481
173 168 147.8852
168 169 1123.8481
170 169 520.5622
172 169 132.8727
174 169 153.3037
169 170 520.5622
171 170 2625.361
179 170 58.1058
170 171 2625.361
184 171 461.2546
187 171 81.5661
259 171 807.7544
324 171 325.309
169 172 132.8727
75 173 3142.6776
168 173 147.8852
174 173 3162.5553
169 174 153.3037
173 174 3162.5553
175 174 3976.1431
174 175 3976.1431
176 175 2944.6408
181 175 2053.3881
175 176 2944.6408
177 176 1796.9452
180 176 94.518
176 177 1796.9452
178 177 970.8738
179 177 596.6587
177 178 970.8738
170 179 58.1058
177 179 596.6587
180 179 435.7298
17 180 98.5222
176 180 94.518
179 180 435.7298
175 181 2053.3881
74 182 111.8443
66 183 492.6108
69 183 188.7149
163 183 38.0084
18 184 1336.7197
171 184 461.2546
185 184 5030.1811
260 184 66.6667
184 185 5030.1811
186 185 565.2911
260 185 62.7353
185 186 565.2911
187 186 1765.5367
333 186 540.2485
171 187 81.5661
186 187 1765.5367
258 187 338.4095
18 188 3455.425
17 189 2511.3009
15 190 865.8009
24 191 112.8413
355 191 32.8407
485 191 51.6529
194 192 63.6537
265 192 339.3281
266 192 311.7207
355 192 117.5364
43 193 282.3264
194 193 308.5467
196 193 102.8066
265 193 46.6853
192 194 63.6537
193 194 308.5467
197 194 200.2403
33 195 165.4533
196 195 152.8585
359 195 281.3731
193 196 102.8066
195 196 152.8585
197 196 364.4315
194 197 200.2403
196 197 364.4315
266 197 146.994
43 198 58.9971
200 199 1573.8118
268 199 43.2526
359 199 577.7008
367 199 164.7718
199 200 1573.8118
269 200 4024.1449
365 200 86.6551
37 201 976.5625
202 201 1913.8756
358 201 751.3148
201 202 1913.8756
203 202 82.1018
205 202 531.3496
366 202 118.3292
202 203 82.1018
204 203 256.9373
271 203 42.4628
275 203 56.4016
203 204 256.9373
205 204 418.41
369 204 36.062
202 205 531.3496
204 205 418.41
370 205 141.3827
146 206 6934.8128
150 206 472.5898
207 206 3966.6799
208 206 775.1938
209 206 78.8022
149 207 168.6341
206 207 3966.6799
208 207 429.9226
206 208 775.1938
207 208 429.9226
210 208 156.2988
206 209 78.8022
208 210 156.2988
384 210 83.1947
385 210 839.6306
152 211 36.846
223 211 328.6231
281 211 1235.6357
285 211 147.1237
153 212 2312.6735
154 212 642.2608
213 212 5605.3812
217 212 670.2413
222 212 2887.6697
212 213 5605.3812
214 213 4859.0865
276 213 61.3874
213 214 4859.0865
215 214 483.7929
216 214 425.7131
280 214 191.7178
402 214 2549.7195
214 215 483.7929
277 215 4217.6297
280 215 732.6007
214 216 425.7131
388 216 33.7041
389 216 67.2495
212 217 670.2413
153 218 575.0431
219 218 590.3188
222 218 3640.3349
218 219 590.3188
220 219 144.8016
221 219 3850.5968
401 219 3173.5957
402 219 8032.1285
219 220 144.8016
279 220 414.4219
286 220 2728.513
219 221 3850.5968
212 222 2887.6697
218 222 3640.3349
401 222 5506.6079
142 223 4559.9635
211 223 328.6231
282 223 351.0004
140 224 247.1577
226 225 554.0166
1 226 1674.4809
142 226 239.6932
225 226 554.0166
137 227 376.7898
129 228 972.7626
134 228 1727.1157
135 228 2271.6947
134 229 1089.4433
230 229 6618.1337
232 229 699.7901
229 230 6618.1337
231 230 205.4232
233 230 6802.7211
426 230 20060.1805
230 231 205.4232
420 231 17.6398
429 231 36.9413
229 232 699.7901
127 233 638.5696
135 233 2331.0023
230 233 6802.7211
423 233 3707.8235
127 234 221.6312
126 235 69.8812
236 235 1386.0014
238 235 765.6968
235 236 1386.0014
237 236 497.0179
238 236 767.4597
127 237 285.4696
236 237 497.0179
291 237 57.6701
450 237 346.7406
122 238 200.4812
235 238 765.6968
236 238 767.4597
241 239 1110.8643
292 239 1160.2274
443 239 174.0038
450 239 1155.535
123 240 165.18
118 241 112.9433
239 241 1110.8643
450 241 814.3322
119 242 142.6941
447 243 128.8328
451 243 3872.9667
452 243 527.1481
453 243 70.0771
117 244 190.1502
117 245 236.7424
117 246 254.1296
247 246 1310.2725
293 246 222.2716
246 247 1310.2725
293 247 193.1248
453 247 48.7805
106 248 99.3049
107 248 154.9427
294 248 198.0983
107 249 122.7144
458 249 3688.6758
459 249 47.8469
94 250 73.5835
465 250 110.5583
468 250 61.237
94 251 99.108
295 251 1052.6316
471 251 50.4541
160 252 89.2061
253 252 371.7472
254 252 3649.635
315 252 66.6667
252 253 371.7472
312 253 90.4159
314 253 84.1043
163 254 208.1165
164 254 99.3049
252 254 3649.635
165 255 172.4733
165 256 271.813
316 256 100.01
317 256 46.729
74 257 63.5728
165 257 581.3953
319 257 1011.4291
323 257 1284.1916
187 258 338.4095
327 258 791.7656
328 258 64.4745
329 258 157.1092
171 259 807.7544
184 260 66.6667
185 260 62.7353
261 260 1255.9658
260 261 1255.9658
342 261 61.1247
478 261 43.8212
24 262 146.4343
263 262 395.8828
485 262 1709.1096
262 263 395.8828
350 263 391.0833
352 263 60.3865
351 264 93.8086
357 264 181.5871
485 264 144.5087
192 265 339.3281
193 265 46.6853
354 265 29.4464
192 266 311.7207
197 266 146.994
267 266 2623.9832
270 266 206.4836
266 267 2623.9832
270 267 521.3764
361 267 619.5787
364 267 968.9922
199 268 43.2526
200 269 4024.1449
270 269 503.2713
360 269 147.7323
266 270 206.4836
267 270 521.3764
269 270 503.2713
203 271 42.4628
35 272 36.3636
57 272 49.8008
273 272 310.1737
272 273 310.1737
274 273 1788.9088
275 273 240.1537
273 274 1788.9088
376 274 20.5128
379 274 78.1861
203 275 56.4016
273 275 240.1537
369 275 153.3037
213 276 61.3874
215 277 4217.6297
279 277 415.4549
389 277 46.7946
398 277 1347.7089
398 278 5313.4963
399 278 54.615
400 278 1402.3279
220 279 414.4219
277 279 415.4549
280 279 953.2888
405 279 799.3605
214 280 191.7178
215 280 732.6007
279 280 953.2888
211 281 1235.6357
223 282 351.0004
283 282 3210.2729
413 282 249.5633
282 283 3210.2729
404 283 73.8552
412 283 784.3137
403 284 186.6368
414 284 296.7359
415 284 1503.0813
211 285 147.1237
286 285 2590.6736
404 285 3444.7124
220 286 2728.513
285 286 2590.6736
287 286 234.6316
286 287 234.6316
404 288 1118.193
406 288 51.7063
408 288 4995.005
290 289 1926.0401
425 289 635.324
432 289 152.1375
289 290 1926.0401
438 290 115.3004
439 290 134.1202
237 291 57.6701
239 292 1160.2274
446 292 65.0618
451 292 69.0608
246 293 222.2716
247 293 193.1248
455 293 26.9542
456 293 299.5806
248 294 198.0983
457 294 215.1463
461 294 112.0323
251 295 1052.6316
84 296 60.8643
302 296 511.7707
475 296 87.4126
84 297 328.4072
298 297 8474.5763
303 297 51.4403
297 298 8474.5763
306 298 22.7687
307 298 641.8485
5 299 20.1898
473 300 583.4306
466 301 1093.2546
467 301 87.184
471 301 1683.5017
475 301 149.925
296 302 511.7707
303 302 126.6624
305 302 30.9406
297 303 51.4403
302 303 126.6624
304 303 138.9275
303 304 138.9275
302 305 30.9406
298 306 22.7687
298 307 641.8485
308 307 70.2741
309 307 2072.1094
307 308 70.2741
307 309 2072.1094
310 309 46.2107
311 309 117.7856
312 309 3237.2936
309 310 46.2107
309 311 117.7856
253 312 90.4159
309 312 3237.2936
313 312 773.3952
312 313 773.3952
253 314 84.1043
252 315 66.6667
256 316 100.01
256 317 46.729
165 318 422.2973
257 319 1011.4291
320 319 4593.4773
323 319 5364.8069
319 320 4593.4773
321 320 7987.2204
325 320 514.9331
320 321 7987.2204
322 321 2138.1227
326 321 136.0359
321 322 2138.1227
325 322 738.0074
330 322 1661.4055
334 322 4224.7571
337 322 1204.384
257 323 1284.1916
319 323 5364.8069
324 323 206.2706
171 324 325.309
323 324 206.2706
325 324 3941.6634
320 325 514.9331
322 325 738.0074
324 325 3941.6634
321 326 136.0359
258 327 791.7656
258 328 64.4745
329 328 239.2917
330 328 51.7598
258 329 157.1092
328 329 239.2917
331 329 66.357
333 329 779.4232
322 330 1661.4055
328 330 51.7598
331 330 1231.9823
329 331 66.357
330 331 1231.9823
332 331 333.4445
331 332 333.4445
335 332 6393.8619
476 332 461.6805
479 332 642.2608
481 332 4240.8821
186 333 540.2485
329 333 779.4232
479 333 1568.1355
322 334 4224.7571
335 334 114.1944
336 334 146.092
332 335 6393.8619
334 335 114.1944
340 335 453.3092
334 336 146.092
322 337 1204.384
338 337 1866.0198
339 337 378.7879
337 338 1866.0198
337 339 378.7879
335 340 453.3092
347 341 119.7605
483 341 394.633
484 341 337.4958
261 342 61.1247
343 342 120.149
349 342 16.7029
23 343 35.4862
342 343 120.149
344 343 7942.8118
343 344 7942.8118
345 344 8190.0082
350 344 1135.7183
344 345 8190.0082
346 345 1508.7508
348 345 4553.7341
480 345 56.5611
345 346 1508.7508
347 346 462.7487
348 346 8613.2644
482 346 147.5579
341 347 119.7605
346 347 462.7487
484 347 304.0438
345 348 4553.7341
346 348 8613.2644
350 348 1805.0542
342 349 16.7029
263 350 391.0833
344 350 1135.7183
348 350 1805.0542
264 351 93.8086
352 351 55.6174
357 351 154.7269
263 352 60.3865
351 352 55.6174
353 352 380.2281
356 352 157.6541
352 353 380.2281
265 354 29.4464
191 355 32.8407
192 355 117.5364
356 355 290.1915
352 356 157.6541
355 356 290.1915
357 356 90.9091
264 357 181.5871
351 357 154.7269
356 357 90.9091
201 358 751.3148
359 358 2628.1209
366 358 45.4133
195 359 281.3731
199 359 577.7008
358 359 2628.1209
269 360 147.7323
361 360 1474.2739
362 360 544.0696
267 361 619.5787
360 361 1474.2739
363 361 4340.2778
360 362 544.0696
361 363 4340.2778
267 364 968.9922
200 365 86.6551
202 366 118.3292
358 366 45.4133
367 366 1525.3203
199 367 164.7718
366 367 1525.3203
368 367 12750.2231
367 368 12750.2231
204 369 36.062
275 369 153.3037
373 369 83.3333
205 370 141.3827
371 370 102.0616
372 370 334.2246
370 371 102.0616
370 372 334.2246
369 373 83.3333
374 373 1068.6044
375 373 5221.9321
373 374 1068.6044
373 375 5221.9321
274 376 20.5128
377 376 6234.414
378 376 1779.6761
376 377 6234.414
376 378 1779.6761
274 379 78.1861
380 379 3742.515
383 379 1127.2686
379 380 3742.515
381 380 440.9171
383 380 222.8661
380 381 440.9171
382 381 1219.2148
390 381 198.1768
381 382 1219.2148
379 383 1127.2686
380 383 222.8661
384 383 787.4016
146 384 13.0634
210 384 83.1947
383 384 787.4016
210 385 839.6306
386 385 7745.9334
387 385 1540.1201
385 386 7745.9334
387 386 10603.3294
390 386 189.7533
385 387 1540.1201
386 387 10603.3294
388 387 117.5917
391 387 1339.0466
216 388 33.7041
387 388 117.5917
397 388 458.2951
216 389 67.2495
277 389 46.7946
397 389 305.2503
381 390 198.1768
386 390 189.7533
391 390 188.2885
396 390 67.1141
387 391 1339.0466
390 391 188.2885
392 391 352.8582
393 391 4486.3167
391 392 352.8582
391 393 4486.3167
394 393 881.0573
395 393 1214.7716
393 394 881.0573
393 395 1214.7716
390 396 67.1141
388 397 458.2951
389 397 305.2503
399 397 498.7531
277 398 1347.7089
278 398 5313.4963
399 398 45.5789
278 399 54.615
397 399 498.7531
398 399 45.5789
278 400 1402.3279
219 401 3173.5957
222 401 5506.6079
402 401 4897.1596
214 402 2549.7195
219 402 8032.1285
401 402 4897.1596
129 403 16.4989
142 403 352.6093
284 403 186.6368
283 404 73.8552
285 404 3444.7124
288 404 1118.193
279 405 799.3605
406 405 7220.2166
407 405 6765.8999
288 406 51.7063
405 406 7220.2166
411 406 5260.3893
405 407 6765.8999
288 408 4995.005
409 408 327.5467
410 408 4224.7571
408 409 327.5467
408 410 4224.7571
406 411 5260.3893
283 412 784.3137
282 413 249.5633
284 414 296.7359
284 415 1503.0813
416 415 353.4818
421 415 1014.6104
422 415 3511.236
415 416 353.4818
417 416 40.7
418 416 144.0922
416 417 40.7
418 417 1513.5462
420 417 757.0023
416 418 144.0922
417 418 1513.5462
419 418 185.9773
418 419 185.9773
137 420 31.837
231 420 17.6398
417 420 757.0023
415 421 1014.6104
415 422 3511.236
233 423 3707.8235
424 423 5567.9287
426 423 10032.1027
423 424 5567.9287
425 424 7917.6564
427 424 6293.2662
289 425 635.324
424 425 7917.6564
428 425 1064.5093
230 426 20060.1805
423 426 10032.1027
427 426 12998.8301
424 427 6293.2662
426 427 12998.8301
428 427 3702.3325
425 428 1064.5093
427 428 3702.3325
432 428 141.844
231 429 36.9413
430 429 706.7138
431 429 562.7462
429 430 706.7138
429 431 562.7462
289 432 152.1375
428 432 141.844
433 432 3805.175
432 433 3805.175
434 433 435.3505
440 433 20.1126
433 434 435.3505
435 434 604.9607
436 434 88.2613
437 434 1365.1877
434 435 604.9607
434 436 88.2613
434 437 1365.1877
290 438 115.3004
290 439 134.1202
433 440 20.1126
441 440 399.0423
442 440 360.3604
440 441 399.0423
440 442 360.3604
239 443 174.0038
444 443 58.4112
445 443 545.2563
443 444 58.4112
443 445 545.2563
292 446 65.0618
243 447 128.8328
448 447 164.3655
449 447 35.2113
447 448 164.3655
447 449 35.2113
237 450 346.7406
239 450 1155.535
241 450 814.3322
119 451 483.559
243 451 3872.9667
292 451 69.0608
116 452 424.4482
119 452 4940.7115
243 452 527.1481
243 453 70.0771
247 453 48.7805
454 453 97.9432
453 454 97.9432
293 455 26.9542
293 456 299.5806
294 457 215.1463
97 458 48.8043
249 458 3688.6758
463 458 51.9211
249 459 47.8469
460 459 18.4638
461 459 42.0875
459 460 18.4638
294 461 112.0323
459 461 42.0875
462 461 245.821
461 462 245.821
458 463 51.9211
464 463 1074.2292
465 463 110.9016
463 464 1074.2292
250 465 110.5583
463 465 110.9016
467 465 43.7254
301 466 1093.2546
301 467 87.184
465 467 43.7254
471 467 136.5934
250 468 61.237
469 468 123.9618
470 468 89.3655
468 469 123.9618
468 470 89.3655
251 471 50.4541
301 471 1683.5017
467 471 136.5934
89 472 20.6016
473 472 970.8738
474 472 623.8303
300 473 583.4306
472 473 970.8738
474 473 882.6125
472 474 623.8303
473 474 882.6125
475 474 76.3942
296 475 87.4126
301 475 149.925
474 475 76.3942
332 476 461.6805
477 476 213.9037
482 476 66.4452
476 477 213.9037
478 477 842.46
479 477 264.3405
480 477 538.7931
261 478 43.8212
477 478 842.46
480 478 280.6624
332 479 642.2608
333 479 1568.1355
477 479 264.3405
345 480 56.5611
477 480 538.7931
478 480 280.6624
332 481 4240.8821
482 481 476.8717
484 481 911.577
346 482 147.5579
476 482 66.4452
481 482 476.8717
341 483 394.633
341 484 337.4958
347 484 304.0438
481 484 911.577
191 485 51.6529
262 485 1709.1096
264 485 144.5087
