2 1 6218.9055
3 1 6798.0965
4 1 6752.1945
5 1 7843.1373
6 1 6153.8462
7 1 7087.1722
8 1 6825.9386
9 1 6097.561
19 1 3803.7277
23 1 2188.1838
24 1 5649.7175
27 1 4980.0797
46 1 2377.5559
47 1 3075.0308
56 1 2165.4396
61 1 588.5815
75 1 3006.6146
76 1 803.2129
80 1 1705.6115
82 1 782.4726
83 1 5083.8841
90 1 4073.3198
1 2 6218.9055
10 2 2480.1587
13 2 187.1257
18 2 4230.1184
19 2 3118.179
1 3 6798.0965
16 3 102.2181
86 3 1025.1153
87 3 6697.9236
1 4 6752.1945
75 4 3238.342
76 4 1621.534
1 5 7843.1373
71 5 2699.0553
74 5 2431.3153
75 5 4476.2757
1 6 6153.8462
64 6 11184.4313
70 6 3772.1614
71 6 5047.9556
1 7 7087.1722
47 7 3834.3558
51 7 4122.0115
1 8 6825.9386
54 8 167.7571
56 8 4904.3649
1 9 6097.561
30 9 11485.0121
57 9 5324.8136
2 10 2480.1587
11 10 5291.0053
18 10 5396.6541
10 11 5291.0053
12 11 258.3979
14 11 106.5757
11 12 258.3979
121 12 998.004
122 12 1612.3831
2 13 187.1257
14 13 153.7279
16 13 143.3075
11 14 106.5757
13 14 153.7279
15 14 95.6938
14 15 95.6938
3 16 102.2181
13 16 143.3075
17 16 245.3988
16 17 245.3988
2 18 4230.1184
10 18 5396.6541
19 18 409.8361
1 19 3803.7277
2 19 3118.179
18 19 409.8361
21 19 3551.1364
24 19 5221.9321
119 20 153.1159
19 21 3551.1364
22 21 421.4075
24 21 5913.6606
120 21 429.9226
21 22 421.4075
26 22 963.3911
34 22 2995.8059
1 23 2188.1838
1 24 5649.7175
19 24 5221.9321
21 24 5913.6606
25 24 263.2272
24 25 263.2272
26 25 10662.1175
27 25 2651.8165
22 26 963.3911
25 26 10662.1175
27 26 5035.2467
1 27 4980.0797
25 27 2651.8165
26 27 5035.2467
33 27 8688.0973
112 27 1015.744
130 27 12988.6998
30 28 2103.9344
32 28 887.3114
33 28 1981.3751
133 28 375.9398
112 29 387.4467
9 30 11485.0121
28 30 2103.9344
31 30 608.6427
33 30 13524.4793
57 30 6761.3252
30 31 608.6427
32 31 55.6174
108 31 185.6665
28 32 887.3114
31 32 55.6174
111 32 383.1418
27 33 8688.0973
28 33 1981.3751
30 33 13524.4793
22 34 2995.8059
35 34 8857.3959
41 34 506.5856
34 35 8857.3959
36 35 6242.1973
39 35 225.7336
35 36 6242.1973
37 36 4962.7792
114 36 109.4331
36 37 4962.7792
38 37 5184.0332
40 37 1297.3534
37 38 5184.0332
115 38 7473.8416
117 38 4631.774
35 39 225.7336
37 40 1297.3534
34 41 506.5856
46 42 11.711
44 43 209.5557
45 43 70.373
137 43 238.8915
43 44 209.5557
43 45 70.373
1 46 2377.5559
42 46 11.711
47 46 11170.6881
1 47 3075.0308
7 47 3834.3558
46 47 11170.6881
48 47 101.7915
51 47 3256.2683
134 47 1296.1763
47 48 101.7915
50 49 755.8579
49 50 755.8579
7 51 4122.0115
47 51 3256.2683
52 51 1780.6268
51 52 1780.6268
54 52 4510.5999
135 52 735.8352
55 53 1622.8497
103 53 179.5977
104 53 706.7138
8 54 167.7571
52 54 4510.5999
136 54 819.6721
53 55 1622.8497
56 55 191.1315
106 55 103.9933
1 56 2165.4396
8 56 4904.3649
55 56 191.1315
57 56 1753.4631
58 56 1529.5197
9 57 5324.8136
30 57 6761.3252
56 57 1753.4631
58 57 1493.4289
56 58 1529.5197
57 58 1493.4289
59 58 396.8254
58 59 396.8254
60 59 76.746
105 59 121.3151
59 60 76.746
1 61 588.5815
62 61 1142.596
64 61 2126.3024
61 62 1142.596
63 62 537.0569
100 62 98.912
62 63 537.0569
101 63 2615.0628
102 63 3019.3237
6 64 11184.4313
61 64 2126.3024
65 64 382.8484
68 64 6963.7883
64 65 382.8484
66 65 123.4568
67 65 360.1008
65 66 123.4568
65 67 360.1008
64 68 6963.7883
70 68 11291.7796
129 68 2683.8433
98 69 2738.2256
99 69 184.3318
128 69 182.615
6 70 3772.1614
68 70 11291.7796
71 70 6816.6326
92 70 201.005
5 71 2699.0553
6 71 5047.9556
70 71 6816.6326
74 71 4644.6818
73 72 107.9098
74 72 228.2584
79 72 123.0164
72 73 107.9098
5 74 2431.3153
71 74 4644.6818
72 74 228.2584
75 74 1479.9467
1 75 3006.6146
4 75 3238.342
5 75 4476.2757
74 75 1479.9467
1 76 803.2129
4 76 1621.534
77 76 328.1917
76 77 328.1917
79 78 31.736
72 79 123.0164
78 79 31.736
125 79 988.1423
1 80 1705.6115
81 80 49.456
89 80 611.6208
80 81 49.456
1 82 782.4726
1 83 5083.8841
84 83 5966.5871
89 83 6056.9352
83 84 5966.5871
85 84 94.697
87 84 1537.9883
88 84 4407.2279
84 85 94.697
3 86 1025.1153
87 86 191.4242
123 86 79.6813
3 87 6697.9236
84 87 1537.9883
86 87 191.4242
84 88 4407.2279
89 88 4009.6231
124 88 81.1688
80 89 611.6208
83 89 6056.9352
88 89 4009.6231
1 90 4073.3198
94 91 515.4639
70 92 201.005
93 92 2284.6699
95 92 2049.1803
92 93 2284.6699
94 93 4933.3991
96 93 262.3295
91 94 515.4639
93 94 4933.3991
97 94 873.3624
92 95 2049.1803
93 96 262.3295
94 97 873.3624
69 98 2738.2256
69 99 184.3318
62 100 98.912
63 101 2615.0628
63 102 3019.3237
53 103 179.5977
53 104 706.7138
59 105 121.3151
55 106 103.9933
108 107 1558.1178
31 108 185.6665
107 108 1558.1178
109 108 2221.7285
110 108 1452.6438
108 109 2221.7285
108 110 1452.6438
32 111 383.1418
27 112 1015.744
29 112 387.4467
113 112 355.9986
112 113 355.9986
36 114 109.4331
38 115 7473.8416
116 115 1068.4902
118 115 1385.4253
115 116 1068.4902
38 117 4631.774
115 118 1385.4253
20 119 153.1159
21 120 429.9226
12 121 998.004
12 122 1612.3831
86 123 79.6813
88 124 81.1688
79 125 988.1423
127 126 38.1679
126 127 38.1679
69 128 182.615
68 129 2683.8433
27 130 12988.6998
132 131 119.1185
131 132 119.1185
28 133 375.9398
47 134 1296.1763
52 135 735.8352
54 136 819.6721
43 137 238.8915
