2 1 6839.9453
3 1 7849.2936
4 1 8591.0653
5 1 5988.024
6 1 5122.9508
7 1 4677.2685
8 1 6075.3341
9 1 7087.1722
10 1 5268.7039
11 1 4897.1596
12 1 4766.4442
13 1 5552.4708
14 1 6688.9632
45 1 1108.156
46 1 4484.3049
48 1 376.3643
65 1 3706.4492
129 1 4385.9649
287 1 174.216
1 2 6839.9453
15 2 6172.8395
18 2 4422.8218
32 2 341.0641
1 3 7849.2936
162 3 2766.2517
172 3 18594.273
1 4 8591.0653
130 4 6675.5674
137 4 19849.1465
151 4 3903.2006
153 4 1273.8854
172 4 13698.6301
1 5 5988.024
113 5 10561.8927
114 5 5319.1489
129 5 10714.6684
1 6 5122.9508
103 6 3920.0314
113 6 8025.6822
1 7 4677.2685
94 7 5485.4635
95 7 3974.5628
97 7 3522.367
99 7 1743.6792
101 7 310.6555
102 7 2826.4556
103 7 3293.8076
1 8 6075.3341
93 8 6793.4783
94 8 5995.2038
1 9 7087.1722
83 9 12467.2734
93 9 11450.8187
1 10 5268.7039
74 10 13446.2821
75 10 19260.4006
83 10 16447.3684
1 11 4897.1596
46 11 2663.1158
58 11 421.9409
80 11 8333.3333
1 12 4766.4442
42 12 4741.5837
44 12 304.5995
49 12 527.4262
1 13 5552.4708
31 13 6009.6154
33 13 5747.1264
1 14 6688.9632
31 14 3104.6259
32 14 3880.4812
2 15 6172.8395
16 15 166.1406
17 15 285.4696
15 16 166.1406
15 17 285.4696
2 18 4422.8218
19 18 732.0644
188 18 143.287
18 19 732.0644
20 19 611.2469
22 19 809.7166
31 19 811.03
32 19 28.0426
19 20 611.2469
21 20 1698.3696
22 20 786.1635
189 20 1210.5072
20 21 1698.3696
19 22 809.7166
20 22 786.1635
23 22 5685.0483
30 22 770.416
31 22 758.1501
22 23 5685.0483
24 23 1588.5624
25 23 10227.0403
23 24 1588.5624
23 25 10227.0403
26 25 8904.7195
27 25 7961.7834
28 25 26212.3198
333 25 201.5723
25 26 8904.7195
25 27 7961.7834
25 28 26212.3198
29 28 3228.9312
185 28 3300.33
28 29 3228.9312
178 29 1125.2391
179 29 3083.5646
184 29 9596.929
22 30 770.416
36 30 3937.0079
37 30 8169.9346
13 31 6009.6154
14 31 3104.6259
19 31 811.03
22 31 758.1501
32 31 2947.2443
2 32 341.0641
14 32 3880.4812
19 32 28.0426
31 32 2947.2443
13 33 5747.1264
40 33 482.6255
42 33 4478.2803
285 33 3334.4448
35 34 7429.4205
38 34 6165.2281
285 34 700.2801
34 35 7429.4205
36 35 7007.7085
39 35 3356.8312
30 36 3937.0079
35 36 7007.7085
37 36 12056.9086
30 37 8169.9346
36 37 12056.9086
190 37 2021.4271
34 38 6165.2281
35 39 3356.8312
33 40 482.6255
41 40 2859.5939
191 40 1418.2385
40 41 2859.5939
192 41 3869.969
193 41 2010.8586
12 42 4741.5837
33 42 4478.2803
43 42 1985.7029
42 43 1985.7029
12 44 304.5995
1 45 1108.156
1 46 4484.3049
11 46 2663.1158
47 46 5221.9321
80 46 10592.0983
46 47 5221.9321
1 48 376.3643
301 48 400.641
302 48 2560.1639
12 49 527.4262
50 49 743.4944
80 49 10094.892
49 50 743.4944
51 50 11199.4624
54 50 3077.8701
50 51 11199.4624
52 51 8650.519
56 51 12071.4631
51 52 8650.519
53 52 12382.3675
55 52 10121.4575
52 53 12382.3675
57 53 10041.1688
196 53 809.0615
199 53 2185.7923
50 54 3077.8701
194 54 594.1771
195 54 324.5699
52 55 10121.4575
51 56 12071.4631
53 57 10041.1688
197 57 10143.0165
198 57 6720.4301
11 58 421.9409
59 58 17950.0987
64 58 2489.42
58 59 17950.0987
60 59 13267.8785
195 59 1530.4561
59 60 13267.8785
61 60 11122.2333
202 60 405.8442
203 60 1543.6863
60 61 11122.2333
62 61 17627.3577
63 61 10056.3154
204 61 1548.9467
61 62 17627.3577
205 62 2940.3117
206 62 3949.4471
61 63 10056.3154
207 63 603.5003
208 63 7886.4353
58 64 2489.42
1 65 3706.4492
66 65 1879.6992
74 65 29265.4375
65 66 1879.6992
67 66 3993.6102
74 66 9699.321
75 66 15549.6812
76 66 1101.9284
66 67 3993.6102
68 67 373.9716
69 67 1207.4378
67 68 373.9716
76 68 335.5705
211 68 419.9916
67 69 1207.4378
70 69 2059.7322
73 69 633.3122
220 69 536.7687
69 70 2059.7322
71 70 5249.3438
304 70 320.0
70 71 5249.3438
72 71 30693.6771
215 71 4050.2228
71 72 30693.6771
217 72 9345.7944
219 72 11354.6043
69 73 633.3122
10 74 13446.2821
65 74 29265.4375
66 74 9699.321
10 75 19260.4006
66 75 15549.6812
83 75 21317.4163
84 75 14102.3833
66 76 1101.9284
68 76 335.5705
77 76 8071.025
76 77 8071.025
78 77 1297.5217
246 77 1736.7141
77 78 1297.5217
79 78 2477.0869
167 78 11295.606
78 79 2477.0869
237 79 12476.6064
240 79 22291.5738
241 79 3270.1112
11 80 8333.3333
46 80 10592.0983
49 80 10094.892
82 81 3580.3795
85 81 2867.7947
167 81 2626.0504
240 81 1211.5338
81 82 3580.3795
84 82 722.0217
86 82 1785.7143
88 82 12048.1928
246 82 3640.3349
9 83 12467.2734
10 83 16447.3684
75 83 21317.4163
84 83 8873.1145
75 84 14102.3833
82 84 722.0217
83 84 8873.1145
81 85 2867.7947
244 85 2559.5086
245 85 2624.6719
82 86 1785.7143
87 86 6697.9236
245 86 1272.1028
86 87 6697.9236
89 87 2634.3519
234 87 1619.4332
241 87 682.5939
243 87 2641.3101
82 88 12048.1928
89 88 10235.4145
91 88 277.1619
87 89 2634.3519
88 89 10235.4145
90 89 6715.9167
92 89 4703.6689
223 89 515.7298
232 89 1345.5328
318 89 13636.9835
89 90 6715.9167
224 90 14749.2625
230 90 3373.8192
231 90 3831.4176
88 91 277.1619
89 92 4703.6689
8 93 6793.4783
9 93 11450.8187
319 93 762.1951
7 94 5485.4635
8 94 5995.2038
95 94 12416.1907
7 95 3974.5628
94 95 12416.1907
96 95 755.8579
97 95 1038.6373
95 96 755.8579
97 96 1444.4605
98 96 195.5799
7 97 3522.367
95 97 1038.6373
96 97 1444.4605
289 97 823.0453
96 98 195.5799
99 98 210.1282
222 98 593.8242
288 98 2648.3051
7 99 1743.6792
98 99 210.1282
289 99 566.8934
288 100 6042.2961
7 101 310.6555
7 102 2826.4556
6 103 3920.0314
7 103 3293.8076
104 103 3982.4771
103 104 3982.4771
105 104 477.5549
107 104 1895.7346
112 104 6662.2252
290 104 3624.5016
104 105 477.5549
106 105 1556.178
321 105 3151.5916
105 106 1556.178
104 107 1895.7346
108 107 6887.0523
112 107 4821.6008
107 108 6887.0523
109 108 7342.1439
110 108 15659.2546
108 109 7342.1439
116 109 3203.075
247 109 707.2136
248 109 1239.9256
108 110 15659.2546
111 110 8340.2836
116 110 6671.1141
110 111 8340.2836
112 111 9624.6391
177 111 1606.4257
104 112 6662.2252
107 112 4821.6008
111 112 9624.6391
290 112 6361.3232
5 113 10561.8927
6 113 8025.6822
290 113 3004.8077
5 114 5319.1489
115 114 7142.8571
129 114 4644.6818
114 115 7142.8571
129 115 3015.6815
148 115 33500.8375
177 115 6711.4094
109 116 3203.075
110 116 6671.1141
117 116 3703.7037
118 116 16730.8014
177 116 6863.418
249 116 712.7584
251 116 1467.9977
116 117 3703.7037
119 117 14845.6057
251 117 3557.4529
116 118 16730.8014
121 118 34794.7112
150 118 6535.9477
117 119 14845.6057
120 119 13317.3525
255 119 6930.0069
119 120 13317.3525
252 120 4111.8421
254 120 5128.2051
118 121 34794.7112
122 121 10658.7082
175 121 3502.627
121 122 10658.7082
123 122 7082.153
125 122 2812.1485
122 123 7082.153
124 123 5443.6581
125 123 3311.2583
123 124 5443.6581
256 124 17301.0381
260 124 1881.8216
122 125 2812.1485
123 125 3311.2583
126 125 22512.3818
132 125 23479.6901
125 126 22512.3818
128 126 2036.6599
262 126 3923.1071
260 127 1773.6786
262 127 6497.7258
264 127 5073.5667
126 128 2036.6599
1 129 4385.9649
5 129 10714.6684
114 129 4644.6818
115 129 3015.6815
130 129 16520.7335
4 130 6675.5674
129 130 16520.7335
131 130 15467.9041
130 131 15467.9041
132 131 7072.1358
148 131 1580.7777
176 131 3972.9837
125 132 23479.6901
131 132 7072.1358
133 132 920.8103
175 132 10030.0903
291 132 2597.4026
132 133 920.8103
135 133 3529.827
136 133 2442.0024
150 134 10137.8751
175 134 24108.0039
176 134 3393.2813
133 135 3529.827
140 135 1090.9884
147 135 2523.9778
261 135 1797.9144
291 135 1068.7186
133 136 2442.0024
4 137 19849.1465
138 137 2079.4344
139 137 5733.945
137 138 2079.4344
137 139 5733.945
140 139 6443.299
147 139 2033.3469
151 139 2613.6958
135 140 1090.9884
139 140 6443.299
141 140 4539.2646
146 140 729.927
140 141 4539.2646
142 141 849.6177
143 141 465.9832
144 141 5205.6221
146 141 1318.3916
141 142 849.6177
144 142 2158.8946
272 142 1575.2993
141 143 465.9832
141 144 5205.6221
142 144 2158.8946
145 144 6825.9386
273 144 334.4482
144 145 6825.9386
274 145 5938.2423
275 145 9319.6645
276 145 2344.1163
140 146 729.927
141 146 1318.3916
327 146 2160.7606
135 147 2523.9778
139 147 2033.3469
291 147 349.895
115 148 33500.8375
131 148 1580.7777
149 148 8904.7195
148 149 8904.7195
150 149 632.1113
176 149 1743.3752
118 150 6535.9477
134 150 10137.8751
149 150 632.1113
4 151 3903.2006
139 151 2613.6958
152 151 232.8831
151 152 232.8831
4 153 1273.8854
154 153 10810.8108
160 153 1939.1119
153 154 10810.8108
155 154 3739.7158
278 154 1086.1301
154 155 3739.7158
159 155 735.8352
174 155 6978.3671
157 156 5431.8305
158 156 6337.1356
163 156 1147.0521
174 156 8058.0177
156 157 5431.8305
280 157 517.3306
281 157 931.9664
156 158 6337.1356
155 159 735.8352
153 160 1939.1119
161 160 673.4007
332 160 705.2186
160 161 673.4007
3 162 2766.2517
163 162 4166.6667
174 162 389.8635
156 163 1147.0521
162 163 4166.6667
164 163 13806.4338
163 164 13806.4338
165 164 6752.1945
169 164 1359.6193
170 164 2253.2672
164 165 6752.1945
166 165 1187.2255
168 165 4364.9062
165 166 1187.2255
283 166 5988.024
284 166 7385.5244
78 167 11295.606
81 167 2626.0504
246 167 1119.6954
165 168 4364.9062
164 169 1359.6193
170 169 6653.3599
171 169 2961.2082
164 170 2253.2672
169 170 6653.3599
282 170 1058.7612
169 171 2961.2082
3 172 18594.273
4 172 13698.6301
173 172 11757.7895
172 173 11757.7895
155 174 6978.3671
156 174 8058.0177
162 174 389.8635
121 175 3502.627
132 175 10030.0903
134 175 24108.0039
131 176 3972.9837
134 176 3393.2813
149 176 1743.3752
111 177 1606.4257
115 177 6711.4094
116 177 6863.418
29 178 1125.2391
29 179 3083.5646
180 179 1521.8384
181 179 1066.3254
179 180 1521.8384
179 181 1066.3254
182 181 507.0994
183 181 3259.4524
181 182 507.0994
181 183 3259.4524
29 184 9596.929
28 185 3300.33
186 185 3984.0637
187 185 1410.4372
185 186 3984.0637
185 187 1410.4372
18 188 143.287
20 189 1210.5072
37 190 2021.4271
40 191 1418.2385
41 192 3869.969
41 193 2010.8586
54 194 594.1771
54 195 324.5699
59 195 1530.4561
201 195 412.2012
53 196 809.0615
57 197 10143.0165
57 198 6720.4301
199 198 12597.6316
300 198 225.4283
53 199 2185.7923
198 199 12597.6316
200 199 7142.8571
199 200 7142.8571
292 200 597.3716
293 200 406.8348
195 201 412.2012
60 202 405.8442
60 203 1543.6863
61 204 1548.9467
62 205 2940.3117
62 206 3949.4471
63 207 603.5003
294 207 238.2654
295 207 993.0487
63 208 7886.4353
209 208 1091.4647
210 208 2354.6032
208 209 1091.4647
208 210 2354.6032
298 210 631.7119
299 210 363.2401
68 211 419.9916
212 211 3247.8077
213 211 9165.9028
215 211 962.4639
211 212 3247.8077
211 213 9165.9028
214 213 760.4563
303 213 845.3085
213 214 760.4563
71 215 4050.2228
211 215 962.4639
216 215 485.9086
215 216 485.9086
217 216 398.8831
305 216 3409.4783
306 216 720.9805
72 217 9345.7944
216 217 398.8831
218 217 556.1735
307 217 686.3418
217 218 556.1735
72 219 11354.6043
69 220 536.7687
334 221 263.1579
98 222 593.8242
89 223 515.7298
90 224 14749.2625
225 224 3637.6864
226 224 3918.4953
224 225 3637.6864
228 225 267.8811
229 225 284.738
224 226 3918.4953
227 226 1103.7528
315 226 496.771
226 227 1103.7528
225 228 267.8811
225 229 284.738
90 230 3373.8192
90 231 3831.4176
232 231 15012.7608
317 231 571.7553
89 232 1345.5328
231 232 15012.7608
233 232 527.9831
232 233 527.9831
87 234 1619.4332
235 234 2228.164
316 234 262.0545
234 235 2228.164
236 235 1204.9645
314 235 348.675
235 236 1204.9645
79 237 12476.6064
238 237 1464.3432
239 237 1273.5609
237 238 1464.3432
237 239 1273.5609
309 239 340.4835
310 239 560.2241
311 239 1810.2824
79 240 22291.5738
81 240 1211.5338
242 240 2520.7966
244 240 10767.7399
79 241 3270.1112
87 241 682.5939
242 241 3637.6864
316 241 6939.6253
240 242 2520.7966
241 242 3637.6864
243 242 5757.0524
87 243 2641.3101
242 243 5757.0524
245 243 9082.6521
85 244 2559.5086
240 244 10767.7399
245 244 12966.805
85 245 2624.6719
86 245 1272.1028
243 245 9082.6521
244 245 12966.805
77 246 1736.7141
82 246 3640.3349
167 246 1119.6954
109 247 707.2136
109 248 1239.9256
116 249 712.7584
250 249 2904.4438
320 249 2313.7436
249 250 2904.4438
116 251 1467.9977
117 251 3557.4529
324 251 431.7789
120 252 4111.8421
253 252 1093.4937
323 252 414.5937
252 253 1093.4937
120 254 5128.2051
119 255 6930.0069
124 256 17301.0381
257 256 931.9664
258 256 281.1358
256 257 931.9664
256 258 281.1358
259 258 626.5664
260 258 892.8571
258 259 626.5664
124 260 1881.8216
127 260 1773.6786
258 260 892.8571
135 261 1797.9144
126 262 3923.1071
127 262 6497.7258
263 262 8244.0231
262 263 8244.0231
127 264 5073.5667
265 264 11856.7702
271 264 6172.8395
264 265 11856.7702
266 265 12965.1238
270 265 1819.5051
265 266 12965.1238
267 266 8382.2297
269 266 6165.2281
266 267 8382.2297
268 267 11791.0624
322 267 1427.9594
267 268 11791.0624
266 269 6165.2281
265 270 1819.5051
264 271 6172.8395
142 272 1575.2993
144 273 334.4482
145 274 5938.2423
145 275 9319.6645
145 276 2344.1163
277 276 2585.984
328 276 2436.6472
276 277 2585.984
325 277 320.2049
326 277 1857.0102
154 278 1086.1301
279 278 1370.2384
330 278 1532.567
278 279 1370.2384
157 280 517.3306
157 281 931.9664
170 282 1058.7612
166 283 5988.024
166 284 7385.5244
33 285 3334.4448
34 285 700.2801
286 285 1035.3039
285 286 1035.3039
1 287 174.216
98 288 2648.3051
100 288 6042.2961
289 288 1340.6623
97 289 823.0453
99 289 566.8934
288 289 1340.6623
104 290 3624.5016
112 290 6361.3232
113 290 3004.8077
132 291 2597.4026
135 291 1068.7186
147 291 349.895
200 292 597.3716
200 293 406.8348
207 294 238.2654
207 295 993.0487
296 295 2756.3396
297 295 659.6306
295 296 2756.3396
295 297 659.6306
210 298 631.7119
210 299 363.2401
198 300 225.4283
48 301 400.641
48 302 2560.1639
213 303 845.3085
70 304 320.0
216 305 3409.4783
216 306 720.9805
217 307 686.3418
312 308 963.3911
239 309 340.4835
239 310 560.2241
239 311 1810.2824
308 312 963.3911
313 312 1696.0651
316 312 1226.6928
312 313 1696.0651
235 314 348.675
226 315 496.771
234 316 262.0545
241 316 6939.6253
312 316 1226.6928
231 317 571.7553
89 318 13636.9835
93 319 762.1951
249 320 2313.7436
105 321 3151.5916
267 322 1427.9594
252 323 414.5937
251 324 431.7789
277 325 320.2049
277 326 1857.0102
146 327 2160.7606
276 328 2436.6472
330 329 680.2721
278 330 1532.567
329 330 680.2721
331 330 1654.8072
330 331 1654.8072
160 332 705.2186
25 333 201.5723
221 334 263.1579
