2 1 6489.2927
3 1 6544.5026
4 1 5246.5897
5 1 5767.0127
6 1 6973.5007
7 1 7158.1961
8 1 6553.0799
9 1 5577.2448
10 1 5910.1655
11 1 5293.8062
12 1 5636.9786
13 1 4424.7788
14 1 7385.5244
15 1 3119.1516
42 1 3598.4167
45 1 4199.916
57 1 1207.5836
1 2 6489.2927
46 2 3897.1161
49 2 8795.0748
52 2 6877.5791
53 2 461.8938
1 3 6544.5026
52 3 6756.7568
55 3 678.4261
60 3 1289.4907
1 4 5246.5897
59 4 15046.6446
61 4 92.8505
62 4 263.0887
63 4 34494.6533
1 5 5767.0127
63 5 26253.6099
64 5 351.1236
67 5 6480.8814
1 6 6973.5007
67 6 7968.1275
71 6 20597.3223
1 7 7158.1961
71 7 18389.1136
75 7 16278.6912
76 7 5030.1811
79 7 21584.2866
1 8 6553.0799
82 8 16496.2059
83 8 14478.0657
84 8 5053.0571
1 9 5577.2448
41 9 464.4682
42 9 7142.8571
43 9 5232.8624
86 9 1703.2873
87 9 58.8235
1 10 5910.1655
39 10 14190.4356
40 10 554.0166
1 11 5293.8062
33 11 1165.3653
35 11 3741.1149
39 11 14134.2756
1 12 5636.9786
25 12 6053.2688
29 12 16334.5312
1 13 4424.7788
15 13 205.4654
23 13 189.7533
25 13 8665.5113
1 14 7385.5244
79 14 16592.0027
82 14 18601.1905
1 15 3119.1516
13 15 205.4654
16 15 238.6635
17 15 621.118
136 15 149.4768
15 16 238.6635
15 17 621.118
20 18 969.9321
21 18 894.4544
28 18 17982.3773
21 19 3211.3038
93 19 4446.4206
94 19 1850.8236
95 19 3724.3948
18 20 969.9321
89 20 4741.5837
141 20 511.7707
18 21 894.4544
19 21 3211.3038
22 21 8130.0813
93 21 1081.6658
21 22 8130.0813
13 23 189.7533
24 23 1290.9889
26 23 531.9149
28 23 492.126
23 24 1290.9889
12 25 6053.2688
13 25 8665.5113
26 25 11964.5848
23 26 531.9149
25 26 11964.5848
27 26 79.2393
28 26 15271.8387
29 26 1878.287
26 27 79.2393
18 28 17982.3773
23 28 492.126
26 28 15271.8387
88 28 887.3114
12 29 16334.5312
26 29 1878.287
30 29 1988.4669
29 30 1988.4669
32 30 1130.9658
108 30 1232.1341
109 31 6195.7869
111 31 2248.2014
112 31 18903.5917
115 31 5627.462
30 32 1130.9658
11 33 1165.3653
34 33 2658.1606
103 33 555.5556
33 34 2658.1606
11 35 3741.1149
36 35 1575.7958
39 35 4752.8517
35 36 1575.7958
37 36 201.6942
38 36 3353.4541
36 37 201.6942
36 38 3353.4541
10 39 14190.4356
11 39 14134.2756
35 39 4752.8517
10 40 554.0166
41 40 2649.0066
43 40 688.2312
44 40 733.1378
9 41 464.4682
40 41 2649.0066
106 41 479.3864
1 42 3598.4167
9 42 7142.8571
43 42 10146.1039
44 42 6180.4697
9 43 5232.8624
40 43 688.2312
42 43 10146.1039
44 43 20571.8988
40 44 733.1378
42 44 6180.4697
43 44 20571.8988
1 45 4199.916
46 45 14744.913
51 45 244.7381
2 46 3897.1161
45 46 14744.913
47 46 422.2973
46 47 422.2973
48 47 571.7553
49 47 447.4273
47 48 571.7553
49 48 1103.2657
50 48 1260.7161
2 49 8795.0748
47 49 447.4273
48 49 1103.2657
48 50 1260.7161
51 50 482.1601
176 50 103.6484
45 51 244.7381
50 51 482.1601
133 51 595.5926
2 52 6877.5791
3 52 6756.7568
54 52 645.1613
2 53 461.8938
177 53 155.2554
178 53 353.7319
52 54 645.1613
127 54 2619.8585
129 54 1240.8487
130 54 10185.3738
3 55 678.4261
56 55 1124.2271
58 55 706.2147
126 55 291.9708
139 55 4741.5837
55 56 1124.2271
1 57 1207.5836
58 57 1189.202
59 57 1063.4904
55 58 706.2147
57 58 1189.202
59 58 1478.8524
4 59 15046.6446
57 59 1063.4904
58 59 1478.8524
3 60 1289.4907
4 61 92.8505
4 62 263.0887
4 63 34494.6533
5 63 26253.6099
64 63 350.3854
138 63 277.1619
5 64 351.1236
63 64 350.3854
65 64 2424.2424
64 65 2424.2424
66 65 2924.8318
117 65 570.1254
65 66 2924.8318
5 67 6480.8814
6 67 7968.1275
68 67 1744.8962
71 67 9842.5197
67 68 1744.8962
69 68 929.368
72 68 3408.3163
68 69 929.368
70 69 807.7544
118 69 1351.8994
69 70 807.7544
6 71 20597.3223
7 71 18389.1136
67 71 9842.5197
72 71 6353.2402
75 71 21372.0881
68 72 3408.3163
71 72 6353.2402
73 72 23413.7204
72 73 23413.7204
74 73 7047.2163
75 73 5154.6392
73 74 7047.2163
7 75 16278.6912
71 75 21372.0881
73 75 5154.6392
7 76 5030.1811
77 76 327.7614
78 76 433.4634
76 77 327.7614
76 78 433.4634
7 79 21584.2866
14 79 16592.0027
80 79 9149.1308
79 80 9149.1308
81 80 228.676
82 80 3172.5888
80 81 228.676
116 81 72.2543
137 81 145.7301
8 82 16496.2059
14 82 18601.1905
80 82 3172.5888
83 82 21829.2949
8 83 14478.0657
82 83 21829.2949
84 83 6024.0964
137 83 158.2028
8 84 5053.0571
83 84 6024.0964
85 84 191.2412
137 84 159.0078
84 85 191.2412
9 86 1703.2873
9 87 58.8235
28 88 887.3114
89 88 5181.3472
91 88 1760.2535
20 89 4741.5837
88 89 5181.3472
90 89 9842.5197
89 90 9842.5197
92 90 4409.1711
140 90 600.2401
88 91 1760.2535
90 92 4409.1711
19 93 4446.4206
21 93 1081.6658
143 93 128.999
19 94 1850.8236
19 95 3724.3948
96 95 16385.3842
101 95 1204.6741
102 95 885.7396
95 96 16385.3842
97 96 8904.7195
100 96 318.0662
96 97 8904.7195
98 97 13150.9732
100 97 293.5995
97 98 13150.9732
99 98 2254.7914
144 98 367.5119
194 98 90.2527
98 99 2254.7914
145 99 3806.6235
146 99 13831.2586
96 100 318.0662
97 100 293.5995
142 100 294.4641
95 101 1204.6741
95 102 885.7396
33 103 555.5556
104 103 1412.6289
105 103 3706.4492
103 104 1412.6289
156 104 8896.7972
158 104 4189.359
159 104 4631.774
103 105 3706.4492
41 106 479.3864
107 106 2668.0896
161 106 897.6661
162 106 156.912
106 107 2668.0896
30 108 1232.1341
109 108 5577.2448
110 108 291.5452
31 109 6195.7869
108 109 5577.2448
149 109 50.7099
108 110 291.5452
31 111 2248.2014
112 111 2727.0248
155 111 511.509
31 112 18903.5917
111 112 2727.0248
113 112 2302.5558
112 113 2302.5558
114 113 2671.6538
150 113 131.8739
113 114 2671.6538
151 114 6816.6326
153 114 213.0833
31 115 5627.462
81 116 72.2543
65 117 570.1254
163 117 923.361
164 117 197.6675
69 118 1351.8994
119 118 11556.6855
122 118 313.7747
118 119 11556.6855
120 119 5920.6631
123 119 103.8961
125 119 2027.164
119 120 5920.6631
124 120 537.6344
171 120 4293.6883
175 120 148.9647
165 121 25258.9038
170 121 1109.1393
171 121 15060.241
118 122 313.7747
119 123 103.8961
120 124 537.6344
119 125 2027.164
55 126 291.9708
54 127 2619.8585
128 127 3010.2348
132 127 3102.6993
127 128 3010.2348
179 128 18814.6754
181 128 15163.0023
185 128 10434.0568
54 129 1240.8487
130 129 908.2652
193 129 267.8811
54 130 10185.3738
129 130 908.2652
131 130 2989.5366
130 131 2989.5366
132 131 4053.5063
191 131 169.3193
192 131 431.5926
127 132 3102.6993
131 132 4053.5063
179 132 722.5434
188 132 6472.4919
51 133 595.5926
134 133 532.7651
135 133 702.7407
133 134 532.7651
133 135 702.7407
15 136 149.4768
81 137 145.7301
83 137 158.2028
84 137 159.0078
63 138 277.1619
55 139 4741.5837
90 140 600.2401
20 141 511.7707
100 142 294.4641
93 143 128.999
98 144 367.5119
99 145 3806.6235
99 146 13831.2586
147 146 2901.9153
148 146 2969.1211
146 147 2901.9153
146 148 2969.1211
109 149 50.7099
113 150 131.8739
114 151 6816.6326
152 151 11855.3646
154 151 18539.1175
151 152 11855.3646
114 153 213.0833
151 154 18539.1175
111 155 511.509
104 156 8896.7972
159 157 5640.1579
104 158 4189.359
104 159 4631.774
157 159 5640.1579
160 159 10021.0442
159 160 10021.0442
106 161 897.6661
106 162 156.912
117 163 923.361
117 164 197.6675
121 165 25258.9038
166 165 8354.2189
169 165 752.4454
165 166 8354.2189
167 166 2031.2817
168 166 6053.2688
166 167 2031.2817
166 168 6053.2688
165 169 752.4454
121 170 1109.1393
120 171 4293.6883
121 171 15060.241
172 171 1176.609
171 172 1176.609
173 172 1234.7203
174 172 2148.6893
172 173 1234.7203
172 174 2148.6893
120 175 148.9647
50 176 103.6484
53 177 155.2554
53 178 353.7319
128 179 18814.6754
132 179 722.5434
180 179 1239.7719
179 180 1239.7719
128 181 15163.0023
182 181 19801.9802
184 181 8176.6149
186 181 2814.5229
181 182 19801.9802
183 182 7547.1698
187 182 14056.7894
182 183 7547.1698
181 184 8176.6149
128 185 10434.0568
181 186 2814.5229
182 187 14056.7894
132 188 6472.4919
189 188 5753.7399
190 188 1568.6275
188 189 5753.7399
188 190 1568.6275
131 191 169.3193
131 192 431.5926
129 193 267.8811
98 194 90.2527
