112 1 331.8951
3 2 5973.7157
4 2 7127.5837
6 2 8019.2462
7 2 5530.9735
8 2 6720.4301
9 2 4576.659
10 2 4078.3034
11 2 4411.116
12 2 5882.3529
13 2 5279.831
14 2 4928.5362
31 2 66.6223
37 2 1026.7995
55 2 327.0111
74 2 4992.5112
79 2 6877.5791
83 2 90.6618
91 2 1045.1505
2 3 5973.7157
2 4 7127.5837
137 4 131.3543
141 4 160.7976
35 5 100.03
2 6 8019.2462
143 6 336.9272
149 6 105.3852
2 7 5530.9735
2 8 6720.4301
2 9 4576.659
2 10 4078.3034
2 11 4411.116
2 12 5882.3529
56 12 306.5604
59 12 329.7066
2 13 5279.831
2 14 4928.5362
71 15 119.9185
33 16 129.9207
99 17 82.7815
136 18 116.6725
130 19 82.9876
21 20 180.018
20 21 180.018
157 22 705.2186
157 23 332.0053
157 24 179.5977
126 25 52.7148
159 26 105.7865
159 27 86.9565
127 28 67.4764
123 29 66.8896
97 30 123.9004
2 31 66.6223
32 31 1779.0429
33 31 1986.8865
31 32 1779.0429
16 33 129.9207
31 33 1986.8865
105 33 514.4033
166 34 169.0331
5 35 100.03
110 36 1786.3523
2 37 1026.7995
38 37 108.7784
108 37 111.7443
37 38 108.7784
40 39 397.1406
39 40 397.1406
145 41 336.9272
107 42 134.4267
154 43 474.8338
114 44 107.2846
146 45 167.8416
47 46 52.9101
46 47 52.9101
81 48 3066.544
126 49 146.263
159 50 141.6431
158 51 2756.3396
122 52 3681.8851
125 52 2775.4649
165 52 44.9236
152 53 142.511
145 54 352.6093
2 55 327.0111
12 56 306.5604
58 56 3104.6259
110 56 438.7889
109 57 317.965
56 58 3104.6259
12 59 329.7066
60 59 1808.6453
168 59 121.2415
59 60 1808.6453
63 61 2223.7047
114 61 314.3666
115 61 2083.3333
113 62 97.8474
61 63 2223.7047
65 64 1819.8362
66 64 124.3626
74 64 8904.7195
64 65 1819.8362
66 65 131.0273
68 65 576.3689
64 66 124.3626
65 66 131.0273
67 66 268.4564
66 67 268.4564
65 68 576.3689
70 68 774.5933
73 68 369.8225
132 69 358.6801
68 70 774.5933
72 70 134.8436
118 70 540.2485
15 71 119.9185
70 72 134.8436
68 73 369.8225
2 74 4992.5112
64 74 8904.7195
80 74 115.5268
76 75 619.195
75 76 619.195
77 76 294.5508
78 76 348.675
76 77 294.5508
126 77 575.374
148 77 86.881
76 78 348.675
2 79 6877.5791
74 80 115.5268
81 80 167.2241
121 80 117.1509
48 81 3066.544
80 81 167.2241
122 81 8818.3422
120 82 145.0537
2 83 90.6618
85 84 121.4034
84 85 121.4034
128 86 139.7038
167 87 40.7664
89 88 177.5253
88 89 177.5253
131 90 1163.6025
2 91 1045.1505
92 91 698.324
96 91 162.8134
91 92 698.324
95 92 1330.4949
132 92 199.2826
94 93 327.8689
93 94 327.8689
92 95 1330.4949
133 95 634.1154
135 95 182.8154
91 96 162.8134
30 97 123.9004
99 98 162.1008
17 99 82.7815
98 99 162.1008
139 99 437.0629
103 100 340.4835
102 101 91.659
101 102 91.659
100 103 340.4835
140 104 206.7397
33 105 514.4033
111 106 86.0585
42 107 134.4267
37 108 111.7443
57 109 317.965
36 110 1786.3523
56 110 438.7889
154 110 299.1325
106 111 86.0585
1 112 331.8951
62 113 97.8474
44 114 107.2846
61 114 314.3666
144 114 719.9424
61 115 2083.3333
116 115 786.7821
117 115 1432.2544
115 116 786.7821
115 117 1432.2544
146 117 451.06
147 117 232.7747
70 118 540.2485
156 118 27.1297
157 118 31.736
142 119 297.3536
82 120 145.0537
80 121 117.1509
52 122 3681.8851
81 122 8818.3422
123 122 2036.6599
29 123 66.8896
122 123 2036.6599
124 123 159.5914
123 124 159.5914
52 125 2775.4649
25 126 52.7148
49 126 146.263
77 126 575.374
28 127 67.4764
86 128 139.7038
162 129 913.242
19 130 82.9876
90 131 1163.6025
69 132 358.6801
92 132 199.2826
133 132 3385.2404
95 133 634.1154
132 133 3385.2404
134 133 251.004
133 134 251.004
95 135 182.8154
18 136 116.6725
4 137 131.3543
138 137 648.0881
150 137 657.0302
137 138 648.0881
99 139 437.0629
104 140 206.7397
4 141 160.7976
119 142 297.3536
6 143 336.9272
114 144 719.9424
145 144 1706.4846
153 144 157.0352
41 145 336.9272
54 145 352.6093
144 145 1706.4846
45 146 167.8416
117 146 451.06
151 146 43.2152
117 147 232.7747
77 148 86.881
6 149 105.3852
137 150 657.0302
146 151 43.2152
53 152 142.511
144 153 157.0352
43 154 474.8338
110 154 299.1325
155 154 219.2502
154 155 219.2502
118 156 27.1297
22 157 705.2186
23 157 332.0053
24 157 179.5977
118 157 31.736
51 158 2756.3396
26 159 105.7865
27 159 86.9565
50 159 141.6431
161 160 15.3799
160 161 15.3799
129 162 913.242
163 162 227.8943
164 162 123.9926
162 163 227.8943
162 164 123.9926
52 165 44.9236
34 166 169.0331
87 167 40.7664
59 168 121.2415
