2 1 6693.4404
3 1 6027.7275
4 1 5924.1706
5 1 7215.0072
6 1 6675.5674
7 1 5010.02
8 1 6775.0678
9 1 7017.5439
10 1 5662.5142
11 1 6468.3053
15 1 5015.0451
16 1 351.8649
20 1 2315.887
22 1 592.4171
25 1 722.0217
29 1 3305.7851
30 1 4880.4295
34 1 7412.8984
35 1 5316.3211
41 1 552.1811
42 1 261.5063
43 1 6622.5166
49 1 1149.6896
56 1 154.8947
57 1 75.5858
60 1 1008.3695
73 1 1760.8734
76 1 292.9974
82 1 5580.3571
96 1 38.2702
1 2 6693.4404
12 2 1524.6227
99 2 13.4282
1 3 6027.7275
1 4 5924.1706
82 4 1859.7731
90 4 338.0663
91 4 557.7245
92 4 505.5612
1 5 7215.0072
72 5 3748.1259
73 5 2008.0321
1 6 6675.5674
66 6 6662.2252
67 6 561.4823
72 6 3152.5851
1 7 5010.02
54 7 509.9439
60 7 906.6183
304 7 27.1297
1 8 6775.0678
49 8 1015.744
53 8 1078.2834
1 9 7017.5439
47 9 2857.1429
48 9 4304.7783
1 10 5662.5142
38 10 175.9324
196 10 28.5388
1 11 6468.3053
17 11 310.8486
18 11 119.1611
19 11 195.5799
2 12 1524.6227
13 12 198.4127
15 12 370.6449
12 13 198.4127
14 13 1170.0012
18 13 246.3661
13 14 1170.0012
232 14 549.7526
238 14 479.6163
1 15 5015.0451
12 15 370.6449
16 15 175.9944
1 16 351.8649
15 16 175.9944
17 16 518.1347
11 17 310.8486
16 17 518.1347
18 17 553.0973
11 18 119.1611
13 18 246.3661
17 18 553.0973
11 19 195.5799
20 19 881.0573
232 19 121.6397
1 20 2315.887
19 20 881.0573
21 20 1019.8878
20 21 1019.8878
1 22 592.4171
23 22 259.0674
247 22 677.9661
22 23 259.0674
24 23 1200.048
233 23 452.8986
23 24 1200.048
230 24 868.8097
231 24 97.2763
514 24 99.9001
1 25 722.0217
28 25 727.2727
513 25 454.3389
27 26 1180.3588
229 26 101.8537
513 26 2079.4344
26 27 1180.3588
220 27 4106.7762
228 27 213.9953
597 27 78.8022
25 28 727.2727
1 29 3305.7851
30 29 9920.6349
31 29 4206.9836
1 30 4880.4295
29 30 9920.6349
31 30 2532.2867
29 31 4206.9836
30 31 2532.2867
32 31 3414.1345
31 32 3414.1345
33 32 1642.0361
218 32 100.776
32 33 1642.0361
204 33 149.098
332 33 89.7666
1 34 7412.8984
35 34 6443.299
36 34 2527.8059
1 35 5316.3211
34 35 6443.299
36 35 2919.708
34 36 2527.8059
35 36 2919.708
37 36 231.4279
39 36 33.9098
36 37 231.4279
207 37 2844.9502
213 37 3904.7247
328 37 79.4913
10 38 175.9324
39 38 144.1545
40 38 74.4602
36 39 33.9098
38 39 144.1545
215 39 820.3445
38 40 74.4602
1 41 552.1811
1 42 261.5063
44 42 361.0108
199 42 168.691
1 43 6622.5166
44 43 189.5735
46 43 1407.6577
42 44 361.0108
43 44 189.5735
45 44 80.7103
456 44 42.9185
44 45 80.7103
43 46 1407.6577
9 47 2857.1429
9 48 4304.7783
1 49 1149.6896
8 49 1015.744
50 49 846.7401
49 50 846.7401
51 50 3003.003
184 50 125.0156
50 51 3003.003
52 51 107.4807
188 51 187.1958
51 52 107.4807
8 53 1078.2834
7 54 509.9439
55 54 357.5259
58 54 254.065
54 55 357.5259
1 56 154.8947
1 57 75.5858
54 58 254.065
59 58 376.0812
304 58 323.1018
58 59 376.0812
1 60 1008.3695
7 60 906.6183
61 60 1161.3053
71 60 1131.7338
60 61 1161.3053
63 62 2239.1402
64 62 889.6797
65 62 592.7682
71 62 1888.5741
62 63 2239.1402
182 63 246.7308
303 63 330.5785
62 64 889.6797
65 64 6821.2824
168 64 1785.3955
62 65 592.7682
64 65 6821.2824
164 65 189.6094
166 65 387.1467
6 66 6662.2252
6 67 561.4823
68 67 398.0892
71 67 30.0391
74 67 174.4592
67 68 398.0892
69 68 412.8819
75 68 520.0208
68 69 412.8819
70 69 264.5503
75 69 631.7119
69 70 264.5503
152 70 1183.0119
153 70 2666.6667
60 71 1131.7338
62 71 1888.5741
67 71 30.0391
5 72 3748.1259
6 72 3152.5851
73 72 806.4516
1 73 1760.8734
5 73 2008.0321
72 73 806.4516
74 73 117.5779
149 73 38.85
67 74 174.4592
73 74 117.5779
75 74 225.3267
68 75 520.0208
69 75 631.7119
74 75 225.3267
1 76 292.9974
77 76 1094.6907
78 76 2646.9031
76 77 1094.6907
140 77 837.5209
142 77 189.2506
76 78 2646.9031
79 78 582.4112
83 78 212.5399
84 78 222.2716
78 79 582.4112
80 79 1195.0287
85 79 177.9993
79 80 1195.0287
81 80 841.7508
86 80 144.6759
80 81 841.7508
1 82 5580.3571
4 82 1859.7731
83 82 1573.5641
91 82 10454.7831
78 83 212.5399
82 83 1573.5641
84 83 2346.3163
78 84 222.2716
83 84 2346.3163
85 84 3357.9584
79 85 177.9993
84 85 3357.9584
86 85 2150.0753
80 86 144.6759
85 86 2150.0753
87 86 11225.8644
97 86 4662.0047
86 87 11225.8644
88 87 1030.0783
93 87 2561.4754
87 88 1030.0783
89 88 6305.1702
123 88 1968.5039
88 89 6305.1702
110 89 17394.3294
113 89 3539.823
122 89 1084.4811
4 90 338.0663
91 90 8012.8205
98 90 80.1925
4 91 557.7245
82 91 10454.7831
90 91 8012.8205
4 92 505.5612
87 93 2561.4754
94 93 5868.5446
96 93 3404.8349
93 94 5868.5446
95 94 3430.5317
110 94 1358.8803
94 95 3430.5317
99 95 558.9715
100 95 4397.5374
103 95 3943.2177
1 96 38.2702
93 96 3404.8349
99 96 99.4036
86 97 4662.0047
90 98 80.1925
2 99 13.4282
95 99 558.9715
96 99 99.4036
95 100 4397.5374
101 100 3038.5901
238 100 20.9556
248 100 150.1276
100 101 3038.5901
102 101 2201.6733
249 101 809.0615
101 102 2201.6733
249 102 851.0638
250 102 1875.4689
95 103 3943.2177
104 103 7788.162
111 103 405.3506
103 104 7788.162
105 104 3974.5628
263 104 95.511
104 105 3974.5628
106 105 6635.7001
258 105 579.3743
105 106 6635.7001
107 106 8431.7032
109 106 3291.6392
106 107 8431.7032
108 107 2564.7602
262 107 4492.363
107 108 2564.7602
106 109 3291.6392
89 110 17394.3294
94 110 1358.8803
111 110 434.5937
112 110 2134.9274
131 110 1716.7382
103 111 405.3506
110 111 434.5937
133 111 1434.9261
110 112 2134.9274
89 113 3539.823
114 113 7788.162
124 113 661.8134
113 114 7788.162
115 114 11258.7255
125 114 1277.792
114 115 11258.7255
116 115 7541.4781
126 115 1489.647
115 116 7541.4781
117 116 7751.938
119 116 690.6077
116 117 7751.938
118 117 5777.0075
134 117 3177.6295
135 117 6369.4268
117 118 5777.0075
119 118 3871.4673
120 118 2266.5458
116 119 690.6077
118 119 3871.4673
120 119 5173.3057
126 119 8244.0231
118 120 2266.5458
119 120 5173.3057
130 120 5030.1811
283 120 784.3137
122 121 2160.7606
123 121 8431.7032
140 121 2153.7799
146 121 204.96
89 122 1084.4811
121 122 2160.7606
123 122 4297.3786
124 122 10474.4946
146 122 348.1894
88 123 1968.5039
121 123 8431.7032
122 123 4297.3786
113 124 661.8134
122 124 10474.4946
125 124 14247.0437
421 124 31.4367
114 125 1277.792
124 125 14247.0437
126 125 10623.6057
127 125 1577.7848
115 126 1489.647
119 126 8244.0231
125 126 10623.6057
125 127 1577.7848
128 127 6250.0
129 127 862.069
127 128 6250.0
127 129 862.069
280 129 786.1635
283 129 1331.5579
120 130 5030.1811
278 130 8006.4051
281 130 1070.091
110 131 1716.7382
132 131 4428.698
134 131 936.3296
131 132 4428.698
133 132 4952.947
138 132 309.9814
111 133 1434.9261
132 133 4952.947
263 133 1004.7222
266 133 6009.6154
117 134 3177.6295
131 134 936.3296
137 134 1690.9029
117 135 6369.4268
136 135 19138.756
139 135 1365.0014
135 136 19138.756
137 136 6849.3151
138 136 1332.445
134 137 1690.9029
136 137 6849.3151
138 137 1749.1691
132 138 309.9814
136 138 1332.445
137 138 1749.1691
267 138 2840.1022
272 138 234.2469
135 139 1365.0014
273 139 639.7953
275 139 4933.3991
77 140 837.5209
121 140 2153.7799
141 140 155.4726
140 141 155.4726
77 142 189.2506
143 142 4353.5046
284 142 108.4599
142 143 4353.5046
144 143 1043.4057
146 143 149.925
147 143 482.6255
148 143 244.081
151 143 111.8193
143 144 1043.4057
145 144 4055.15
288 144 105.5186
144 145 4055.15
289 145 137.6273
292 145 6729.4751
121 146 204.96
122 146 348.1894
143 146 149.925
143 147 482.6255
143 148 244.081
73 149 38.85
150 149 261.4379
284 149 560.2241
149 150 261.4379
157 150 1154.2013
284 150 1336.0053
143 151 111.8193
157 151 533.6179
286 151 2298.3222
287 151 468.8233
70 152 1183.0119
70 153 2666.6667
154 153 8591.0653
164 153 118.2732
153 154 8591.0653
155 154 5858.2308
165 154 197.2776
154 155 5858.2308
156 155 11773.0162
301 155 1298.1955
155 156 11773.0162
157 156 211.4612
158 156 12848.516
150 157 1154.2013
151 157 533.6179
156 157 211.4612
156 158 12848.516
159 158 6830.6011
285 158 410.509
158 159 6830.6011
160 159 15654.3519
298 159 1381.0247
159 160 15654.3519
161 160 18733.6081
285 160 1146.0005
160 161 18733.6081
162 161 11880.7176
285 161 791.7656
290 161 229.5684
161 162 11880.7176
290 162 200.4008
294 162 4828.5852
299 163 4040.404
300 163 232.7205
301 163 3079.7659
65 164 189.6094
153 164 118.2732
165 164 82.7815
154 165 197.2776
164 165 82.7815
167 165 36.1795
302 165 70.922
65 166 387.1467
167 166 668.4492
171 166 167.5322
165 167 36.1795
166 167 668.4492
444 167 968.0542
64 168 1785.3955
169 168 7315.289
173 168 589.6226
168 169 7315.289
170 169 6447.4533
172 169 1601.281
169 170 6447.4533
171 170 638.1621
174 170 13493.4557
306 170 293.5995
166 171 167.5322
170 171 638.1621
317 171 233.7541
169 172 1601.281
168 173 589.6226
170 174 13493.4557
175 174 22212.3501
307 174 505.3057
174 175 22212.3501
176 175 14112.3342
181 175 1223.3912
316 175 79.7448
175 176 14112.3342
177 176 10921.7999
308 176 326.7974
316 176 114.2074
452 176 18.9645
176 177 10921.7999
178 177 3508.7719
180 177 2297.7941
177 178 3508.7719
179 178 4024.1449
180 178 4576.659
178 179 4024.1449
314 179 1010.6114
315 179 3257.329
316 179 165.7001
449 179 489.4763
177 180 2297.7941
178 180 4576.659
311 180 2064.8358
312 180 337.2681
314 180 680.2721
175 181 1223.3912
63 182 246.7308
183 182 930.2326
443 182 231.7497
182 183 930.2326
306 183 3642.9872
468 183 54.1126
50 184 125.0156
185 184 121.8324
186 184 365.0968
187 184 820.3445
184 185 121.8324
184 186 365.0968
184 187 820.3445
318 187 140.5877
319 187 195.1981
320 187 1163.8734
51 188 187.1958
189 188 7451.5648
458 188 25.2334
188 189 7451.5648
190 189 7369.1968
191 189 78.3699
189 190 7369.1968
192 190 3333.3333
193 190 2335.3573
501 190 167.9543
189 191 78.3699
190 192 3333.3333
193 192 13659.3362
195 192 813.6697
190 193 2335.3573
192 193 13659.3362
194 193 4889.9756
193 194 4889.9756
496 194 476.6444
497 194 226.142
192 195 813.6697
318 195 217.3441
494 195 478.6979
10 196 28.5388
197 196 398.0892
198 196 282.6456
196 197 398.0892
196 198 282.6456
42 199 168.691
200 199 685.8711
201 199 1662.7868
199 200 685.8711
215 200 104.297
326 200 1351.8994
199 201 1662.7868
202 201 2899.3911
326 201 268.8895
201 202 2899.3911
203 202 2137.6657
324 202 128.5512
202 203 2137.6657
323 203 4001.6006
324 203 234.4116
506 203 42.0875
33 204 149.098
205 204 2111.9324
328 204 38.3877
204 205 2111.9324
206 205 2305.7413
332 205 362.8447
553 205 452.6935
205 206 2305.7413
331 206 2157.0319
333 206 502.7652
37 207 2844.9502
208 207 14703.72
212 207 75.7576
207 208 14703.72
209 208 2658.1606
214 208 21294.7189
554 208 45.3721
208 209 2658.1606
210 209 2935.9953
211 209 941.6196
209 210 2935.9953
337 210 159.3118
339 210 5780.3468
209 211 941.6196
207 212 75.7576
328 212 49.0436
329 212 65.8762
330 212 92.8505
37 213 3904.7247
214 213 1390.8206
215 213 2613.6958
208 214 21294.7189
213 214 1390.8206
215 214 3217.5032
217 214 1885.3695
327 214 71.2251
592 214 120.3369
39 215 820.3445
200 215 104.297
213 215 2613.6958
214 215 3217.5032
216 215 111.8068
215 216 111.8068
214 217 1885.3695
338 217 503.0181
341 217 406.6694
342 217 3291.6392
32 218 100.776
219 218 1740.0383
335 218 86.0585
218 219 1740.0383
27 220 4106.7762
221 220 1385.4253
227 220 80.0
220 221 1385.4253
222 221 3181.6736
228 221 184.604
221 222 3181.6736
223 222 897.6661
345 222 68.4932
222 223 897.6661
224 223 4173.6227
347 223 252.7167
223 224 4173.6227
225 224 17464.1984
227 224 779.4232
224 225 17464.1984
226 225 7968.1275
348 225 6045.9492
541 225 68.1199
225 226 7968.1275
350 226 7770.0078
534 226 120.4674
220 227 80.0
224 227 779.4232
336 227 1350.6213
540 227 88.8099
27 228 213.9953
221 228 184.604
344 228 5227.3915
345 228 775.7952
26 229 101.8537
24 230 868.8097
242 230 88.4956
246 230 573.0659
24 231 97.2763
14 232 549.7526
19 232 121.6397
233 232 3171.5826
23 233 452.8986
232 233 3171.5826
234 233 2204.0996
235 233 2539.3601
233 234 2204.0996
235 234 5747.1264
239 234 3049.7103
240 234 3816.7939
233 235 2539.3601
234 235 5747.1264
236 235 5685.0483
237 235 2248.2014
242 235 222.7668
235 236 5685.0483
243 236 6662.2252
377 236 303.0303
235 237 2248.2014
245 237 939.8496
358 237 751.8797
14 238 479.6163
100 238 20.9556
239 238 2066.1157
234 239 3049.7103
238 239 2066.1157
363 239 61.6143
234 240 3816.7939
242 241 155.4002
230 242 88.4956
235 242 222.7668
241 242 155.4002
236 243 6662.2252
244 243 1304.6314
380 243 227.2727
243 244 1304.6314
246 244 327.1181
381 244 1609.5284
237 245 939.8496
230 246 573.0659
244 246 327.1181
382 246 8583.691
515 246 47.9616
22 247 677.9661
100 248 150.1276
249 248 508.9059
373 248 1010.9179
101 249 809.0615
102 249 851.0638
248 249 508.9059
372 249 102.1555
373 249 354.3586
374 249 103.1885
102 250 1875.4689
251 250 473.4848
252 250 2255.3
253 250 1427.7556
250 251 473.4848
250 252 2255.3
390 252 4436.5572
395 252 868.8097
250 253 1427.7556
254 253 3685.9565
396 253 1130.3267
253 254 3685.9565
256 255 7776.0498
260 255 319.4888
262 255 2210.922
396 255 175.2234
255 256 7776.0498
257 256 2905.2876
259 256 316.9572
256 257 2905.2876
399 257 3601.0083
403 257 644.7453
105 258 579.3743
259 258 608.6427
261 258 8032.1285
265 258 389.2565
256 259 316.9572
258 259 608.6427
260 259 621.8905
403 259 1623.3766
255 260 319.4888
259 260 621.8905
261 260 1322.0518
258 261 8032.1285
260 261 1322.0518
262 261 138.6386
107 262 4492.363
255 262 2210.922
261 262 138.6386
104 263 95.511
133 263 1004.7222
264 263 2101.7234
265 263 504.7956
263 264 2101.7234
265 264 568.1818
266 264 478.4689
400 264 48.6381
258 265 389.2565
263 265 504.7956
264 265 568.1818
133 266 6009.6154
264 266 478.4689
267 266 5414.1852
138 267 2840.1022
266 267 5414.1852
268 267 8410.4289
271 267 385.505
272 267 3749.5313
267 268 8410.4289
269 268 13544.6296
415 268 762.1951
268 269 13544.6296
270 269 5102.0408
415 269 1708.2337
269 270 5102.0408
404 270 2854.696
408 270 2850.6271
414 270 1191.6111
267 271 385.505
138 272 234.2469
267 272 3749.5313
273 272 1069.5187
139 273 639.7953
272 273 1069.5187
274 273 3621.8761
273 274 3621.8761
275 274 2105.2632
415 274 618.4292
139 275 4933.3991
274 275 2105.2632
276 275 12439.3581
275 276 12439.3581
277 276 2409.6386
278 276 3013.8638
279 276 7479.4316
276 277 2409.6386
416 277 172.9805
418 277 9910.8028
130 278 8006.4051
276 278 3013.8638
282 278 1054.8523
276 279 7479.4316
282 279 1509.2062
419 279 1706.1935
129 280 786.1635
281 280 3177.6295
283 280 1994.8135
130 281 1070.091
280 281 3177.6295
282 281 5102.0408
278 282 1054.8523
279 282 1509.2062
281 282 5102.0408
419 282 5370.5693
420 282 190.5851
120 283 784.3137
129 283 1331.5579
280 283 1994.8135
142 284 108.4599
149 284 560.2241
150 284 1336.0053
158 285 410.509
160 285 1146.0005
161 285 791.7656
287 285 1221.8964
289 285 256.2788
151 286 2298.3222
287 286 1386.0014
288 286 1675.884
151 287 468.8233
285 287 1221.8964
286 287 1386.0014
288 287 205.1703
144 288 105.5186
286 288 1675.884
287 288 205.1703
145 289 137.6273
285 289 256.2788
291 289 784.3137
161 290 229.5684
162 290 200.4008
291 290 1091.3456
289 291 784.3137
290 291 1091.3456
292 291 370.0962
431 291 422.2973
145 292 6729.4751
291 292 370.0962
431 292 2391.7723
431 293 1776.1989
432 293 12878.3001
437 293 466.2005
162 294 4828.5852
295 294 113.4044
296 294 8665.5113
294 295 113.4044
294 296 8665.5113
297 296 2199.2523
438 296 669.7924
439 296 2457.6063
296 297 2199.2523
435 297 2821.6704
436 297 1329.2569
159 298 1381.0247
299 298 2188.1838
440 298 3291.6392
163 299 4040.404
298 299 2188.1838
602 299 160.5652
163 300 232.7205
601 300 142.7552
602 300 1409.4433
155 301 1298.1955
163 301 3079.7659
444 301 92.5926
165 302 70.922
63 303 330.5785
304 303 668.4492
321 303 36.9686
7 304 27.1297
58 304 323.1018
303 304 668.4492
443 305 505.5612
463 305 3356.8312
464 305 887.3114
468 305 521.6484
170 306 293.5995
183 306 3642.9872
307 306 8431.7032
310 306 472.1435
475 306 48.2393
174 307 505.3057
306 307 8431.7032
308 307 4498.4256
474 307 709.2199
176 308 326.7974
307 308 4498.4256
309 308 7530.1205
308 309 7530.1205
452 309 2824.061
455 309 128.123
469 309 2026.3425
474 309 5277.0449
306 310 472.1435
180 311 2064.8358
312 311 492.6108
313 311 263.1579
180 312 337.2681
311 312 492.6108
313 312 544.3658
311 313 263.1579
312 313 544.3658
451 313 1528.8182
179 314 1010.6114
180 314 680.2721
450 314 224.7191
179 315 3257.329
447 315 247.0966
448 315 932.8358
175 316 79.7448
176 316 114.2074
179 316 165.7001
317 316 1318.9132
171 317 233.7541
316 317 1318.9132
447 317 844.5946
187 318 140.5877
195 318 217.3441
319 318 165.6452
460 318 27.3373
187 319 195.1981
318 319 165.6452
467 319 284.576
187 320 1163.8734
321 320 120.4384
322 320 1177.9951
303 321 36.9686
320 321 120.4384
443 321 424.2681
320 322 1177.9951
461 322 1422.8799
467 322 414.2502
203 323 4001.6006
325 323 138.6578
506 323 58.7199
508 323 1038.6373
202 324 128.5512
203 324 234.4116
587 324 175.2234
323 325 138.6578
510 325 118.5677
589 325 219.6837
200 326 1351.8994
201 326 268.8895
592 326 475.0594
214 327 71.2251
586 327 1909.1256
592 327 1197.4614
37 328 79.4913
204 328 38.3877
212 328 49.0436
212 329 65.8762
212 330 92.8505
206 331 2157.0319
333 331 9551.0984
539 331 652.7415
545 331 1905.851
546 331 17117.4255
33 332 89.7666
205 332 362.8447
333 332 8333.3333
206 333 502.7652
331 333 9551.0984
332 333 8333.3333
334 333 2032.9335
333 334 2032.9335
538 334 186.3238
539 334 421.23
218 335 86.0585
336 335 179.0831
538 335 974.6589
227 336 1350.6213
335 336 179.0831
538 336 383.2886
210 337 159.3118
554 337 187.9346
555 337 61.3874
217 338 503.0181
210 339 5780.3468
340 339 1855.2876
556 339 42.4628
339 340 1855.2876
558 340 331.785
562 340 4088.3074
217 341 406.6694
343 341 223.8639
578 341 881.8342
586 341 5865.1026
217 342 3291.6392
343 342 1901.8638
570 342 492.3683
341 343 223.8639
342 343 1901.8638
576 343 2445.5857
577 343 5235.6021
228 344 5227.3915
525 344 24.1838
527 344 42.6985
528 344 439.3673
222 345 68.4932
228 345 775.7952
346 345 1789.8693
345 346 1789.8693
531 346 561.4823
532 346 4293.6883
223 347 252.7167
348 347 214.8228
533 347 191.9017
225 348 6045.9492
347 348 214.8228
349 348 128.866
348 349 128.866
226 350 7770.0078
351 350 13022.529
357 350 216.2162
350 351 13022.529
352 351 21290.1852
356 351 1043.5146
351 352 21290.1852
353 352 22644.9275
535 352 322.7889
352 353 22644.9275
354 353 4244.4822
355 353 6042.2961
353 354 4244.4822
537 354 926.7841
542 354 3987.2408
600 354 285.5511
353 355 6042.2961
536 355 269.5418
537 355 1319.9578
351 356 1043.5146
350 357 216.2162
237 358 751.8797
359 358 2648.3051
360 358 5617.9775
363 358 180.4077
358 359 2648.3051
360 359 2087.2469
364 359 479.3864
368 359 613.8735
358 360 5617.9775
359 360 2087.2469
361 360 3742.515
376 360 213.9495
360 361 3742.515
362 361 2133.1058
375 361 240.0384
361 362 2133.1058
239 363 61.6143
358 363 180.4077
364 363 743.4944
365 363 257.1355
373 363 512.8205
359 364 479.3864
363 364 743.4944
366 364 82.85
363 365 257.1355
366 365 4555.8087
371 365 462.963
364 366 82.85
365 366 4555.8087
367 366 12414.6493
372 366 776.3975
366 367 12414.6493
368 367 336.4738
369 367 2372.4792
370 367 2954.2097
374 367 342.9355
359 368 613.8735
367 368 336.4738
369 368 674.7638
367 369 2372.4792
368 369 674.7638
370 369 6954.1029
389 369 200.9646
367 370 2954.2097
369 370 6954.1029
374 370 433.4634
365 371 462.963
372 371 4803.074
373 371 488.2812
249 372 102.1555
366 372 776.3975
371 372 4803.074
248 373 1010.9179
249 373 354.3586
363 373 512.8205
371 373 488.2812
249 374 103.1885
367 374 342.9355
370 374 433.4634
361 375 240.0384
360 376 213.9495
236 377 303.0303
378 377 963.3911
379 377 364.8304
377 378 963.3911
377 379 364.8304
243 380 227.2727
244 381 1609.5284
246 382 8583.691
383 382 1634.7883
384 382 1441.9611
382 383 1634.7883
385 383 6313.1313
386 383 1750.7003
382 384 1441.9611
387 384 5017.5615
388 384 387.8976
383 385 6313.1313
383 386 1750.7003
384 387 5017.5615
384 388 387.8976
369 389 200.9646
252 390 4436.5572
391 390 3374.9578
394 390 109.7936
390 391 3374.9578
392 391 6983.2402
393 391 6184.2919
391 392 6983.2402
391 393 6184.2919
390 394 109.7936
252 395 868.8097
253 396 1130.3267
255 396 175.2234
397 396 1640.4199
398 396 1634.7883
396 397 1640.4199
396 398 1634.7883
257 399 3601.0083
264 400 48.6381
401 400 86.881
402 400 41.7711
400 401 86.881
402 401 791.1392
404 401 502.2602
400 402 41.7711
401 402 791.1392
403 402 519.4805
257 403 644.7453
259 403 1623.3766
402 403 519.4805
270 404 2854.696
401 404 502.2602
405 404 362.8447
404 405 362.8447
406 405 2287.806
407 405 772.7975
405 406 2287.806
405 407 772.7975
270 408 2850.6271
409 408 390.4725
415 408 1594.8963
416 408 282.4061
408 409 390.4725
410 409 634.9206
411 409 3672.4201
409 410 634.9206
409 411 3672.4201
412 411 226.398
413 411 840.3361
416 411 110.791
417 411 123.6858
411 412 226.398
411 413 840.3361
270 414 1191.6111
268 415 762.1951
269 415 1708.2337
274 415 618.4292
408 415 1594.8963
277 416 172.9805
408 416 282.4061
411 416 110.791
417 416 940.7338
411 417 123.6858
416 417 940.7338
418 417 203.0457
277 418 9910.8028
417 418 203.0457
422 418 3795.0664
279 419 1706.1935
282 419 5370.5693
420 419 232.9373
282 420 190.5851
419 420 232.9373
421 420 6301.1972
124 421 31.4367
420 421 6301.1972
427 421 567.5369
428 421 5159.9587
418 422 3795.0664
423 422 5678.5917
426 422 162.2323
422 423 5678.5917
424 423 5117.7073
425 423 1480.3849
423 424 5117.7073
423 425 1480.3849
422 426 162.2323
421 427 567.5369
421 428 5159.9587
429 428 4992.5112
430 428 1962.7085
428 429 4992.5112
428 430 1962.7085
291 431 422.2973
292 431 2391.7723
293 431 1776.1989
438 431 152.1838
293 432 12878.3001
433 432 199.561
434 432 4830.9179
436 432 6706.9081
432 433 199.561
432 434 4830.9179
435 434 2012.4774
437 434 1926.0401
297 435 2821.6704
434 435 2012.4774
436 435 4960.3175
297 436 1329.2569
432 436 6706.9081
435 436 4960.3175
293 437 466.2005
434 437 1926.0401
438 437 3494.0601
296 438 669.7924
431 438 152.1838
437 438 3494.0601
296 439 2457.6063
440 439 14413.3756
442 439 3713.3309
298 440 3291.6392
439 440 14413.3756
441 440 4442.47
440 441 4442.47
439 442 3713.3309
182 443 231.7497
305 443 505.5612
321 443 424.2681
167 444 968.0542
301 444 92.5926
445 444 12335.0191
602 444 330.5785
444 445 12335.0191
446 445 2025.5216
447 445 2244.6689
445 446 2025.5216
315 447 247.0966
317 447 844.5946
445 447 2244.6689
315 448 932.8358
179 449 489.4763
314 450 224.7191
313 451 1528.8182
176 452 18.9645
309 452 2824.061
453 452 3536.0679
452 453 3536.0679
454 453 5170.6308
455 453 892.8571
453 454 5170.6308
309 455 128.123
453 455 892.8571
470 455 1466.0607
44 456 42.9185
457 456 3342.246
459 456 239.5783
456 457 3342.246
458 457 3770.7391
459 457 417.1882
505 457 48.5437
188 458 25.2334
457 458 3770.7391
503 458 139.7038
456 459 239.5783
457 459 417.1882
506 459 42.2297
318 460 27.3373
322 461 1422.8799
462 461 2745.7441
466 461 71.8907
461 462 2745.7441
463 462 7692.3077
465 462 141.3627
305 463 3356.8312
462 463 7692.3077
465 463 396.3535
305 464 887.3114
466 464 1046.7916
478 464 761.035
484 464 269.8327
462 465 141.3627
463 465 396.3535
466 465 132.4854
461 466 71.8907
464 466 1046.7916
465 466 132.4854
467 466 3206.1558
319 467 284.576
322 467 414.2502
466 467 3206.1558
492 467 314.3666
183 468 54.1126
305 468 521.6484
477 468 709.2199
309 469 2026.3425
470 469 216.4971
471 469 475.9638
455 470 1466.0607
469 470 216.4971
473 470 292.3122
469 471 475.9638
472 471 596.6587
476 471 70.9723
471 472 596.6587
473 472 2329.9161
477 472 90.8265
470 473 292.3122
472 473 2329.9161
478 473 90.9091
307 474 709.2199
309 474 5277.0449
475 474 641.8485
306 475 48.2393
474 475 641.8485
476 475 108.6602
471 476 70.9723
475 476 108.6602
477 476 1588.5624
468 477 709.2199
472 477 90.8265
476 477 1588.5624
464 478 761.035
473 478 90.9091
479 478 4972.6504
478 479 4972.6504
480 479 341.6467
481 479 5257.6236
479 480 341.6467
479 481 5257.6236
482 481 731.5289
486 481 99.0099
481 482 731.5289
483 482 5704.5066
487 482 4182.3505
482 483 5704.5066
489 483 730.4602
490 483 508.1301
464 484 269.8327
485 484 308.7373
492 484 308.0715
484 485 308.7373
486 485 620.3474
487 485 1984.127
488 485 116.2926
493 485 734.2144
481 486 99.0099
485 486 620.3474
487 486 495.2947
482 487 4182.3505
485 487 1984.127
486 487 495.2947
485 488 116.2926
489 488 2000.0
491 488 159.4134
483 489 730.4602
488 489 2000.0
490 489 736.377
483 490 508.1301
489 490 736.377
491 490 732.0644
488 491 159.4134
490 491 732.0644
495 491 3563.7919
467 492 314.3666
484 492 308.0715
493 492 232.9916
485 493 734.2144
492 493 232.9916
494 493 154.9427
195 494 478.6979
493 494 154.9427
495 494 1033.8054
491 495 3563.7919
494 495 1033.8054
496 495 88.6525
194 496 476.6444
495 496 88.6525
497 496 782.4726
194 497 226.142
496 497 782.4726
498 497 477.327
497 498 477.327
499 498 177.1793
500 498 418.7605
498 499 177.1793
498 500 418.7605
190 501 167.9543
502 501 298.4184
503 501 39.8883
501 502 298.4184
458 503 139.7038
501 503 39.8883
504 503 2621.232
503 504 2621.232
457 505 48.5437
203 506 42.0875
323 506 58.7199
459 506 42.2297
507 506 23.3863
506 507 23.3863
323 508 1038.6373
509 508 1873.3608
510 508 183.5199
508 509 1873.3608
325 510 118.5677
508 510 183.5199
511 510 679.8097
591 510 590.3188
510 511 679.8097
513 512 78.6164
25 513 454.3389
26 513 2079.4344
512 513 78.6164
24 514 99.9001
515 514 155.3519
520 514 234.2469
246 515 47.9616
514 515 155.3519
516 515 254.1296
519 515 283.2861
515 516 254.1296
517 516 281.8489
518 516 260.4845
516 517 281.8489
516 518 260.4845
515 519 283.2861
514 520 234.2469
521 520 150.7841
522 520 3206.1558
520 521 150.7841
520 522 3206.1558
523 522 1989.6538
525 522 362.5816
598 522 1009.4892
522 523 1989.6538
524 523 98.5222
598 523 8474.5763
523 524 98.5222
528 524 406.6694
530 524 526.3158
344 525 24.1838
522 525 362.5816
526 525 359.0664
599 525 124.0079
525 526 359.0664
593 526 73.3676
594 526 4721.4353
344 527 42.6985
528 527 74.7384
599 527 2253.2672
344 528 439.3673
524 528 406.6694
527 528 74.7384
530 529 4766.4442
524 530 526.3158
529 530 4766.4442
532 530 183.8911
346 531 561.4823
346 532 4293.6883
530 532 183.8911
533 532 8110.3001
347 533 191.9017
532 533 8110.3001
534 533 4484.3049
226 534 120.4674
533 534 4484.3049
535 534 293.5995
352 535 322.7889
534 535 293.5995
536 535 4585.0527
355 536 269.5418
535 536 4585.0527
537 536 407.8303
354 537 926.7841
355 537 1319.9578
536 537 407.8303
334 538 186.3238
335 538 974.6589
336 538 383.2886
331 539 652.7415
334 539 421.23
540 539 1016.1569
227 540 88.8099
539 540 1016.1569
541 540 676.59
225 541 68.1199
540 541 676.59
543 541 223.914
544 541 341.8803
354 542 3987.2408
541 543 223.914
541 544 341.8803
331 545 1905.851
546 545 4574.5654
548 545 311.9152
331 546 17117.4255
545 546 4574.5654
547 546 137.0614
551 546 667.5567
552 546 1329.7872
553 546 4904.3649
546 547 137.0614
545 548 311.9152
549 548 638.1621
550 548 3739.7158
548 549 638.1621
548 550 3739.7158
546 551 667.5567
546 552 1329.7872
205 553 452.6935
546 553 4904.3649
557 553 244.0215
208 554 45.3721
337 554 187.9346
555 554 207.555
557 554 392.4647
337 555 61.3874
554 555 207.555
556 555 69.0131
339 556 42.4628
555 556 69.0131
557 556 1233.3498
553 557 244.0215
554 557 392.4647
556 557 1233.3498
340 558 331.785
559 558 257.1355
562 558 550.9642
558 559 257.1355
560 559 274.9519
561 559 247.4023
559 560 274.9519
561 560 658.3278
569 560 287.1088
559 561 247.4023
560 561 658.3278
562 561 4878.0488
340 562 4088.3074
558 562 550.9642
561 562 4878.0488
563 562 1694.0539
562 563 1694.0539
564 563 3272.2513
569 563 191.7913
563 564 3272.2513
565 564 6082.7251
567 564 762.1951
569 564 80.1282
564 565 6082.7251
566 565 1234.8728
568 565 438.9816
565 566 1234.8728
564 567 762.1951
565 568 438.9816
560 569 287.1088
563 569 191.7913
564 569 80.1282
342 570 492.3683
571 570 1189.6265
575 570 108.2603
570 571 1189.6265
572 571 154.2258
576 571 1699.2353
582 571 847.4576
571 572 154.2258
573 572 274.499
574 572 255.037
572 573 274.499
572 574 255.037
570 575 108.2603
343 576 2445.5857
571 576 1699.2353
577 576 2049.6003
343 577 5235.6021
576 577 2049.6003
578 577 5753.7399
341 578 881.8342
577 578 5753.7399
579 578 11155.734
588 578 15213.7532
578 579 11155.734
580 579 1232.2859
582 579 89.8473
579 580 1232.2859
581 580 4852.0136
585 580 517.5983
580 581 4852.0136
571 582 847.4576
579 582 89.8473
583 582 3177.6295
584 582 1527.8839
582 583 3177.6295
582 584 1527.8839
580 585 517.5983
327 586 1909.1256
341 586 5865.1026
587 586 80.9717
324 587 175.2234
586 587 80.9717
588 587 252.3978
578 588 15213.7532
587 588 252.3978
589 588 862.8128
325 589 219.6837
588 589 862.8128
590 589 968.0542
589 590 968.0542
510 591 590.3188
214 592 120.3369
326 592 475.0594
327 592 1197.4614
526 593 73.3676
526 594 4721.4353
595 594 96.9932
597 594 613.4969
594 595 96.9932
597 596 124.4865
27 597 78.8022
594 597 613.4969
596 597 124.4865
522 598 1009.4892
523 598 8474.5763
599 598 188.4659
525 599 124.0079
527 599 2253.2672
598 599 188.4659
354 600 285.5511
300 601 142.7552
299 602 160.5652
300 602 1409.4433
444 602 330.5785
