2 1 6435.0064
3 1 7293.946
4 1 5241.0901
5 1 7575.7576
6 1 5685.0483
7 1 5437.7379
8 1 8176.6149
9 1 6738.5445
10 1 5611.6723
11 1 6016.8472
12 1 6293.2662
13 1 2836.8794
61 1 3993.6102
83 1 4528.9855
1 2 6435.0064
100 2 264.6903
102 2 196.5023
1 3 7293.946
95 3 1496.334
96 3 625.7822
99 3 4612.5461
100 3 4498.4256
103 3 151.1259
1 4 5241.0901
88 4 2121.7908
90 4 279.0957
91 4 1017.3975
93 4 26068.8217
98 4 14755.7916
1 5 7575.7576
77 5 618.8119
85 5 12319.8226
1 6 5685.0483
75 6 1845.3589
87 6 4866.18
1 7 5437.7379
64 7 3422.3135
68 7 10879.0252
71 7 9328.3582
87 7 13161.3583
1 8 8176.6149
53 8 7122.5071
59 8 1522.9973
1 9 6738.5445
53 9 2413.1274
54 9 946.9697
1 10 5611.6723
26 10 456.4126
28 10 1084.1284
42 10 2593.361
46 10 11953.1437
60 10 600.2401
1 11 6016.8472
12 11 6281.407
22 11 4372.5404
24 11 2101.7234
25 11 1446.1316
1 12 6293.2662
11 12 6281.407
15 12 549.1488
19 12 1080.1469
22 12 4116.9205
1 13 2836.8794
14 13 2868.6173
174 13 207.168
13 14 2868.6173
15 14 1431.8442
18 14 149.8127
12 15 549.1488
14 15 1431.8442
16 15 574.7126
15 16 574.7126
17 16 1292.1566
105 16 887.3114
110 16 450.045
177 16 3492.8397
16 17 1292.1566
14 18 149.8127
12 19 1080.1469
20 19 2354.049
23 19 5530.9735
19 20 2354.049
21 20 311.042
23 20 1985.7029
20 21 311.042
110 21 3007.5188
111 21 1444.8779
11 22 4372.5404
12 22 4116.9205
23 22 2331.5458
24 22 3858.0247
19 23 5530.9735
20 23 1985.7029
22 23 2331.5458
11 24 2101.7234
22 24 3858.0247
25 24 7283.3212
11 25 1446.1316
24 25 7283.3212
26 25 957.8544
10 26 456.4126
25 26 957.8544
27 26 1616.031
26 27 1616.031
114 27 7352.9412
118 27 1295.8404
121 27 5257.6236
10 28 1084.1284
29 28 1403.7058
39 28 2447.3813
28 29 1403.7058
30 29 3532.3207
34 29 272.1829
29 30 3532.3207
31 30 6958.9422
38 30 4127.1151
30 31 6958.9422
32 31 11579.4349
37 31 825.0825
40 31 157.8532
31 32 11579.4349
33 32 2260.9089
37 32 1902.9496
179 32 157.2822
32 33 2260.9089
124 33 1873.7118
126 33 1100.8366
29 34 272.1829
35 34 521.3764
36 34 976.5625
34 35 521.3764
34 36 976.5625
31 37 825.0825
32 37 1902.9496
178 37 482.6255
30 38 4127.1151
28 39 2447.3813
40 39 395.4132
41 39 1266.464
46 39 4608.2949
31 40 157.8532
39 40 395.4132
127 40 1542.02
39 41 1266.464
10 42 2593.361
43 42 14836.7953
47 42 113.8304
42 43 14836.7953
44 43 257.334
46 43 5420.0542
43 44 257.334
45 44 1345.1708
48 44 1240.2332
52 44 2043.7359
44 45 1345.1708
131 45 3205.1282
180 45 68.5401
10 46 11953.1437
39 46 4608.2949
43 46 5420.0542
42 47 113.8304
60 47 2884.338
104 47 289.0173
44 48 1240.2332
49 48 7886.4353
60 48 375.3754
48 49 7886.4353
50 49 3477.0515
62 49 1214.1816
49 50 3477.0515
52 50 1753.1557
181 50 216.544
52 51 11031.4396
135 51 6570.3022
136 51 3700.9623
44 52 2043.7359
50 52 1753.1557
51 52 11031.4396
8 53 7122.5071
9 53 2413.1274
54 53 638.9776
55 53 485.9086
56 53 3543.5861
57 53 3938.5585
58 53 3317.85
9 54 946.9697
53 54 638.9776
55 54 556.7929
53 55 485.9086
54 55 556.7929
60 55 348.5535
53 56 3543.5861
53 57 3938.5585
58 57 8718.3958
59 57 7241.1296
53 58 3317.85
57 58 8718.3958
62 58 7429.4205
8 59 1522.9973
57 59 7241.1296
61 59 8000.0
10 60 600.2401
47 60 2884.338
48 60 375.3754
55 60 348.5535
1 61 3993.6102
59 61 8000.0
63 61 222.0249
49 62 1214.1816
58 62 7429.4205
63 62 448.2295
61 63 222.0249
62 63 448.2295
184 63 29.7619
7 64 3422.3135
65 64 2850.6271
67 64 746.2687
71 64 4118.6161
64 65 2850.6271
66 65 150.3759
71 65 973.7098
65 66 150.3759
64 67 746.2687
7 68 10879.0252
69 68 4384.0421
182 68 71.9942
68 69 4384.0421
70 69 575.374
183 69 72.3066
69 70 575.374
7 71 9328.3582
64 71 4118.6161
65 71 973.7098
72 71 4644.6818
71 72 4644.6818
73 72 87.0322
74 72 583.4306
72 73 87.0322
142 73 126.0557
143 73 2428.3633
72 74 583.4306
6 75 1845.3589
76 75 1076.0788
87 75 2889.3383
75 76 1076.0788
77 76 914.9131
87 76 9017.1326
5 77 618.8119
76 77 914.9131
78 77 447.2272
77 78 447.2272
79 78 4543.3894
185 78 131.3025
78 79 4543.3894
80 79 1365.0014
141 79 667.5567
79 80 1365.0014
81 80 341.4135
84 80 55.991
80 81 341.4135
82 81 769.2308
84 81 287.1913
81 82 769.2308
149 82 1989.6538
155 82 1118.6934
1 83 4528.9855
84 83 589.2752
85 83 5107.2523
86 83 4992.5112
88 83 3808.0731
185 83 2337.5409
80 84 55.991
81 84 287.1913
83 84 589.2752
5 85 12319.8226
83 85 5107.2523
86 85 8474.5763
83 86 4992.5112
85 86 8474.5763
185 86 1218.1752
6 87 4866.18
7 87 13161.3583
75 87 2889.3383
76 87 9017.1326
4 88 2121.7908
83 88 3808.0731
89 88 243.0134
88 89 243.0134
157 89 244.081
158 89 1468.8602
4 90 279.0957
4 91 1017.3975
92 91 250.2503
159 91 356.3792
91 92 250.2503
4 93 26068.8217
94 93 1665.5563
98 93 24937.6559
93 94 1665.5563
95 94 4297.3786
99 94 3313.4526
3 95 1496.334
94 95 4297.3786
96 95 1582.7794
3 96 625.7822
95 96 1582.7794
97 96 727.802
168 96 357.3981
96 97 727.802
164 97 71.9942
165 97 4474.2729
4 98 14755.7916
93 98 24937.6559
99 98 4591.3682
3 99 4612.5461
94 99 3313.4526
98 99 4591.3682
2 100 264.6903
3 100 4498.4256
101 100 286.6972
100 101 286.6972
171 101 138.0643
172 101 180.7991
173 101 3471.017
2 102 196.5023
3 103 151.1259
47 104 289.0173
16 105 887.3114
106 105 410.3406
107 105 787.4016
108 105 713.7759
109 105 219.106
105 106 410.3406
105 107 787.4016
105 108 713.7759
105 109 219.106
16 110 450.045
21 110 3007.5188
111 110 2176.2786
21 111 1444.8779
110 111 2176.2786
113 111 470.5882
175 111 3500.175
175 112 2022.6537
111 113 470.5882
27 114 7352.9412
115 114 280.6624
116 114 2169.1974
114 115 280.6624
114 116 2169.1974
117 116 3382.9499
119 116 4113.5335
116 117 3382.9499
27 118 1295.8404
119 118 18882.1752
121 118 10617.9656
116 119 4113.5335
118 119 18882.1752
120 119 4755.1117
121 119 8326.3947
122 119 7575.7576
123 119 8695.6522
119 120 4755.1117
27 121 5257.6236
118 121 10617.9656
119 121 8326.3947
119 122 7575.7576
119 123 8695.6522
33 124 1873.7118
125 124 619.195
127 124 663.13
124 125 619.195
33 126 1100.8366
40 127 1542.02
124 127 663.13
128 127 177.841
129 127 617.284
130 127 385.3565
127 128 177.841
127 129 617.284
127 130 385.3565
45 131 3205.1282
132 131 807.1025
133 131 48.3092
134 131 168.1237
131 132 807.1025
131 133 48.3092
131 134 168.1237
51 135 6570.3022
51 136 3700.9623
137 136 3490.4014
140 136 86.5052
136 137 3490.4014
138 137 1646.9038
139 137 2413.1274
137 138 1646.9038
137 139 2413.1274
136 140 86.5052
79 141 667.5567
73 142 126.0557
73 143 2428.3633
144 143 984.252
146 143 152.3229
147 143 57.9374
143 144 984.252
145 144 1094.0919
148 144 1341.9216
144 145 1094.0919
143 146 152.3229
143 147 57.9374
144 148 1341.9216
82 149 1989.6538
150 149 2559.5086
152 149 146.4772
155 149 200.4008
149 150 2559.5086
151 150 728.3321
153 150 274.2732
154 150 1507.3862
150 151 728.3321
149 152 146.4772
150 153 274.2732
150 154 1507.3862
82 155 1118.6934
149 155 200.4008
156 155 1230.7692
155 156 1230.7692
89 157 244.081
89 158 1468.8602
91 159 356.3792
160 159 4757.3739
163 159 321.9575
159 160 4757.3739
161 160 768.0492
162 160 348.7967
160 161 768.0492
160 162 348.7967
159 163 321.9575
97 164 71.9942
97 165 4474.2729
166 165 394.1663
167 165 307.8818
165 166 394.1663
165 167 307.8818
96 168 357.3981
169 168 572.7377
170 168 542.2993
168 169 572.7377
168 170 542.2993
101 171 138.0643
101 172 180.7991
101 173 3471.017
13 174 207.168
111 175 3500.175
112 175 2022.6537
176 175 2083.3333
175 176 2083.3333
16 177 3492.8397
37 178 482.6255
32 179 157.2822
45 180 68.5401
50 181 216.544
68 182 71.9942
69 183 72.3066
63 184 29.7619
78 185 131.3025
83 185 2337.5409
86 185 1218.1752
