2 1 7429.4205
3 1 6493.5065
4 1 6596.3061
5 1 7336.7572
6 1 6844.627
7 1 5552.4708
8 1 486.8549
9 1 225.4283
12 1 2263.9801
14 1 2658.1606
18 1 494.0711
19 1 3196.9309
30 1 2833.6639
35 1 692.5208
36 1 3551.1364
41 1 2083.3333
51 1 4050.2228
52 1 2283.6264
53 1 968.9922
58 1 1670.2856
59 1 442.6737
63 1 358.6801
86 1 31.0559
89 1 30.7031
1 2 7429.4205
10 2 172.5626
11 2 5614.8231
1 3 6493.5065
13 3 1205.8362
14 3 5341.8803
1 4 6596.3061
25 4 2962.0853
30 4 2850.6271
1 5 7336.7572
32 5 89.7666
33 5 1438.0213
1 6 6844.627
35 6 3064.6644
38 6 188.537
1 7 5552.4708
42 7 344.4712
46 7 450.4505
50 7 807.1025
51 7 4759.6383
1 8 486.8549
1 9 225.4283
2 10 172.5626
2 11 5614.8231
1 12 2263.9801
3 13 1205.8362
1 14 2658.1606
3 14 5341.8803
15 14 751.3148
14 15 751.3148
16 15 285.0627
17 15 322.0612
15 16 285.0627
15 17 322.0612
1 18 494.0711
1 19 3196.9309
20 19 843.8819
21 19 11764.7059
24 19 985.2217
19 20 843.8819
19 21 11764.7059
22 21 106.3264
23 21 1793.722
21 22 106.3264
21 23 1793.722
19 24 985.2217
25 24 1351.534
27 24 263.6436
4 25 2962.0853
24 25 1351.534
26 25 2478.9291
25 26 2478.9291
24 27 263.6436
28 27 155.7147
29 27 335.5705
27 28 155.7147
27 29 335.5705
1 30 2833.6639
4 30 2850.6271
31 30 122.3391
30 31 122.3391
5 32 89.7666
5 33 1438.0213
34 33 438.0201
35 33 2017.7563
33 34 438.0201
1 35 692.5208
6 35 3064.6644
33 35 2017.7563
1 36 3551.1364
37 36 100.8573
39 36 114.4951
40 36 142.3082
36 37 100.8573
6 38 188.537
36 39 114.4951
36 40 142.3082
1 41 2083.3333
7 42 344.4712
43 42 1229.4074
44 42 674.3088
45 42 788.6435
42 43 1229.4074
42 44 674.3088
42 45 788.6435
7 46 450.4505
47 46 9950.2488
75 46 136.5934
46 47 9950.2488
48 47 7961.7834
83 47 1901.5022
84 47 1357.0362
47 48 7961.7834
49 48 3242.5422
85 48 1953.8882
48 49 3242.5422
7 50 807.1025
1 51 4050.2228
7 51 4759.6383
52 51 6485.0843
1 52 2283.6264
51 52 6485.0843
53 52 8561.6438
1 53 968.9922
52 53 8561.6438
54 53 1431.0246
53 54 1431.0246
55 54 2180.0741
59 54 2557.5448
54 55 2180.0741
56 55 686.3418
58 55 505.0505
71 55 2387.2046
55 56 686.3418
64 56 259.0674
65 56 6385.696
67 57 2881.0141
1 58 1670.2856
55 58 505.0505
59 58 350.3854
60 58 107.968
1 59 442.6737
54 59 2557.5448
58 59 350.3854
58 60 107.968
61 60 2977.9631
62 60 1468.2132
60 61 2977.9631
60 62 1468.2132
1 63 358.6801
56 64 259.0674
56 65 6385.696
66 65 10615.7113
70 65 628.1407
65 66 10615.7113
67 66 3984.0637
69 66 3281.9166
57 67 2881.0141
66 67 3984.0637
68 67 6369.4268
67 68 6369.4268
66 69 3281.9166
65 70 628.1407
55 71 2387.2046
72 71 9380.863
78 71 320.0
71 72 9380.863
73 72 6289.3082
77 72 488.0429
79 72 548.2456
72 73 6289.3082
74 73 10026.0678
81 73 831.9468
73 74 10026.0678
75 74 8417.5084
82 74 556.483
46 75 136.5934
74 75 8417.5084
76 75 2646.9031
80 75 2286.7597
75 76 2646.9031
72 77 488.0429
71 78 320.0
72 79 548.2456
75 80 2286.7597
73 81 831.9468
74 82 556.483
47 83 1901.5022
47 84 1357.0362
48 85 1953.8882
1 86 31.0559
87 86 29.994
88 86 55.7103
86 87 29.994
86 88 55.7103
1 89 30.7031
