2 1 7057.163
3 1 5803.8305
4 1 7320.6442
5 1 6825.9386
6 1 5387.931
7 1 6925.2078
8 1 7304.6019
9 1 5714.2857
10 1 6035.003
14 1 5730.659
15 1 325.5208
19 1 3318.9512
25 1 558.6592
28 1 621.8905
32 1 3416.4674
33 1 4773.2697
37 1 7374.6313
38 1 4911.5914
44 1 632.9114
45 1 302.7551
47 1 7564.2965
53 1 1330.672
60 1 130.8216
61 1 88.0282
64 1 1096.9724
77 1 2224.6941
81 1 327.2251
87 1 6253.9087
99 1 32.0
102 1 334.1129
1 2 7057.163
11 2 1811.9224
268 2 18.7512
1 3 5803.8305
87 3 4187.6047
97 3 1601.794
98 3 2119.093
99 3 114.4296
1 4 7320.6442
76 4 5583.4729
77 4 2784.7396
1 5 6825.9386
70 5 7942.8118
71 5 796.1783
76 5 5285.4123
1 6 5387.931
58 6 594.1771
64 6 743.4944
341 6 52.7426
1 7 6925.2078
53 7 1424.5014
57 7 1852.538
1 8 7304.6019
51 8 3985.6517
52 8 5263.1579
1 9 5714.2857
41 9 181.2579
210 9 22.3314
1 10 6035.003
16 10 191.2412
17 10 123.3502
18 10 232.5581
2 11 1811.9224
12 11 224.7191
14 11 688.2312
11 12 224.7191
13 12 1021.1375
17 12 161.4205
12 13 1021.1375
246 13 592.4171
252 13 545.2563
1 14 5730.659
11 14 688.2312
15 14 841.7508
1 15 325.5208
14 15 841.7508
16 15 368.1885
10 16 191.2412
15 16 368.1885
17 16 374.6722
10 17 123.3502
12 17 161.4205
16 17 374.6722
10 18 232.5581
21 18 1335.2918
246 18 94.4287
1 19 3318.9512
20 19 11890.6064
23 19 2642.0079
19 20 11890.6064
21 20 2781.6412
23 20 1603.0779
18 21 1335.2918
20 21 2781.6412
22 21 42.0698
21 22 42.0698
19 23 2642.0079
20 23 1603.0779
24 23 434.2162
23 24 434.2162
1 25 558.6592
26 25 253.936
267 25 369.4126
25 26 253.936
27 26 1009.0817
247 26 604.9607
26 27 1009.0817
244 27 970.8738
245 27 78.4314
266 27 100.7963
1 28 621.8905
29 28 271.8869
31 28 338.8682
28 29 271.8869
30 29 1326.2599
243 29 80.3213
29 30 1326.2599
234 30 4260.7584
242 30 251.6356
406 30 65.2742
28 31 338.8682
1 32 3416.4674
33 32 9615.3846
34 32 3617.945
1 33 4773.2697
32 33 9615.3846
34 33 1896.4536
32 34 3617.945
33 34 1896.4536
35 34 2712.968
34 35 2712.968
36 35 978.4736
232 35 67.3854
35 36 978.4736
219 36 123.5941
388 36 81.4332
1 37 7374.6313
38 37 6238.3032
39 37 2668.8017
1 38 4911.5914
37 38 6238.3032
39 38 2320.1856
37 39 2668.8017
38 39 2320.1856
40 39 235.7934
42 39 27.9408
39 40 235.7934
221 40 4547.5216
227 40 5906.6745
384 40 133.1735
9 41 181.2579
42 41 154.8467
43 41 113.4173
39 42 27.9408
41 42 154.8467
229 42 812.3477
41 43 113.4173
1 44 632.9114
1 45 302.7551
46 45 248.139
48 45 476.4173
45 46 248.139
213 46 19.0694
214 46 530.2227
1 47 7564.2965
48 47 226.8603
50 47 82.9187
45 48 476.4173
47 48 226.8603
49 48 188.1822
373 48 37.9219
48 49 188.1822
47 50 82.9187
8 51 3985.6517
8 52 5263.1579
1 53 1330.672
7 53 1424.5014
54 53 763.3588
53 54 763.3588
55 54 2985.966
198 54 105.0531
54 55 2985.966
56 55 330.9067
202 55 168.8619
55 56 330.9067
7 57 1852.538
6 58 594.1771
59 58 753.5795
62 58 301.2048
58 59 753.5795
1 60 130.8216
1 61 88.0282
58 62 301.2048
63 62 249.4388
341 62 297.0003
62 63 249.4388
1 64 1096.9724
6 64 743.4944
65 64 928.5051
75 64 1131.6057
64 65 928.5051
67 66 2310.0023
68 66 874.8906
69 66 657.8947
75 66 1317.0025
66 67 2310.0023
195 67 252.8445
340 67 121.2268
66 68 874.8906
69 68 8718.3958
181 68 2249.7188
66 69 657.8947
68 69 8718.3958
177 69 188.3239
179 69 514.4033
5 70 7942.8118
5 71 796.1783
72 71 315.2585
75 71 36.3636
78 71 218.8663
71 72 315.2585
73 72 313.7747
79 72 608.2725
72 73 313.7747
74 73 283.3664
79 73 504.0323
73 74 283.3664
165 74 1709.694
166 74 3258.3904
64 75 1131.6057
66 75 1317.0025
71 75 36.3636
4 76 5583.4729
5 76 5285.4123
77 76 1024.5902
1 77 2224.6941
4 77 2784.7396
76 77 1024.5902
78 77 109.6251
80 77 49.0436
71 78 218.8663
77 78 109.6251
79 78 137.5894
72 79 608.2725
73 79 504.0323
78 79 137.5894
77 80 49.0436
161 80 243.843
315 80 31.3676
1 81 327.2251
82 81 1217.1373
83 81 2211.4109
81 82 1217.1373
149 82 1272.5884
151 82 260.8923
81 83 2211.4109
84 83 549.7526
88 83 262.8121
89 83 672.495
83 84 549.7526
85 84 1410.6362
90 84 334.2246
84 85 1410.6362
86 85 1376.4625
91 85 145.3066
85 86 1376.4625
1 87 6253.9087
3 87 4187.6047
88 87 1686.9096
98 87 14084.507
83 88 262.8121
87 88 1686.9096
89 88 2823.2637
83 89 672.495
88 89 2823.2637
90 89 4436.5572
84 90 334.2246
89 90 4436.5572
91 90 2985.0746
85 91 145.3066
90 91 2985.0746
92 91 15126.3046
107 91 4319.6544
91 92 15126.3046
93 92 1322.9263
103 92 3728.5608
92 93 1322.9263
94 93 7930.2141
132 93 1880.4062
93 94 7930.2141
119 94 26089.2252
122 94 5707.7626
131 94 1280.5737
96 95 435.9198
97 95 1210.947
101 95 443.066
95 96 435.9198
101 96 189.179
108 96 110.205
3 97 1601.794
95 97 1210.947
98 97 10912.2654
3 98 2119.093
87 98 14084.507
97 98 10912.2654
1 99 32.0
3 99 114.4296
100 99 482.6255
99 100 482.6255
101 100 545.5537
102 100 113.2375
95 101 443.066
96 101 189.179
100 101 545.5537
1 102 334.1129
100 102 113.2375
106 102 47.7099
92 103 3728.5608
104 103 7680.4916
106 103 2871.0881
103 104 7680.4916
105 104 4672.8972
119 104 1837.8974
104 105 4672.8972
106 105 79.6813
109 105 5151.9835
112 105 6574.622
102 106 47.7099
103 106 2871.0881
105 106 79.6813
91 107 4319.6544
96 108 110.205
105 109 5151.9835
110 109 4286.3266
269 109 152.8585
109 110 4286.3266
111 110 3081.6641
271 110 876.4242
110 111 3081.6641
271 111 1629.7262
275 111 4053.5063
105 112 6574.622
113 112 11795.2347
120 112 523.8345
112 113 11795.2347
114 113 6281.407
290 113 107.6426
113 114 6281.407
115 114 11316.0575
286 114 904.1591
114 115 11316.0575
116 115 12518.7782
118 115 5162.6226
115 116 12518.7782
117 116 2323.4201
289 116 7849.2936
116 117 2323.4201
115 118 5162.6226
94 119 26089.2252
104 119 1837.8974
120 119 601.3229
121 119 2791.7365
140 119 2269.1173
112 120 523.8345
119 120 601.3229
142 120 1290.1561
119 121 2791.7365
94 122 5707.7626
123 122 11642.7989
133 122 796.8127
122 123 11642.7989
124 123 15494.2671
134 123 1341.0219
123 124 15494.2671
125 124 11936.0229
135 124 1733.4027
124 125 11936.0229
126 125 10901.5589
128 125 738.0074
125 126 10901.5589
127 126 8952.5515
143 126 3269.0422
144 126 9469.697
126 127 8952.5515
128 127 5042.8643
129 127 3122.0731
125 128 738.0074
127 128 5042.8643
129 128 7304.6019
135 128 10992.6349
127 129 3122.0731
128 129 7304.6019
139 129 7692.3077
313 129 1049.5382
131 130 3394.4331
132 130 10991.4267
149 130 4273.5043
157 130 440.9171
94 131 1280.5737
130 131 3394.4331
132 131 5235.6021
133 131 12336.5408
157 131 360.4903
93 132 1880.4062
130 132 10991.4267
131 132 5235.6021
122 133 796.8127
131 133 12336.5408
134 133 16377.3338
314 133 71.8391
123 134 1341.0219
133 134 16377.3338
135 134 14011.4894
136 134 1697.2166
124 135 1733.4027
128 135 10992.6349
134 135 14011.4894
134 136 1697.2166
137 136 5854.8009
138 136 998.004
136 137 5854.8009
136 138 998.004
311 138 1356.668
313 138 2038.736
129 139 7692.3077
309 139 11313.497
312 139 868.8097
119 140 2269.1173
141 140 6250.0
143 140 1127.9044
140 141 6250.0
142 141 9407.3377
147 141 578.7037
120 142 1290.1561
141 142 9407.3377
290 142 1062.4734
293 142 9310.987
126 143 3269.0422
140 143 1127.9044
146 143 1114.7029
126 144 9469.697
145 144 24307.2436
148 144 1672.2408
144 145 24307.2436
146 145 6891.7988
147 145 2145.4623
143 146 1114.7029
145 146 6891.7988
147 146 3755.1633
141 147 578.7037
145 147 2145.4623
146 147 3755.1633
295 147 3853.5645
302 147 580.3831
144 148 1672.2408
303 148 899.2806
305 148 6963.7883
82 149 1272.5884
130 149 4273.5043
150 149 178.1261
149 150 178.1261
82 151 260.8923
152 151 7358.3517
161 151 36.0101
151 152 7358.3517
153 152 15384.6154
158 152 1040.5827
152 153 15384.6154
154 153 3858.0247
316 153 216.7317
153 154 3858.0247
155 154 1703.2873
157 154 130.1236
159 154 905.7971
160 154 394.4773
164 154 219.7319
154 155 1703.2873
156 155 5899.705
320 155 132.3802
155 156 5899.705
321 156 396.9829
324 156 10431.8798
130 157 440.9171
131 157 360.4903
154 157 130.1236
152 158 1040.5827
154 159 905.7971
154 160 394.4773
80 161 243.843
151 161 36.0101
162 161 2404.4241
161 162 2404.4241
163 162 735.2941
316 162 1417.2336
162 163 735.2941
170 163 2123.5931
316 163 4144.2188
154 164 219.7319
170 164 1526.9507
318 164 4416.9611
319 164 1268.5526
74 165 1709.694
74 166 3258.3904
167 166 11287.9558
177 166 67.0241
166 167 11287.9558
168 167 7727.9753
178 167 348.9184
167 168 7727.9753
169 168 17085.2554
338 168 1977.8481
168 169 17085.2554
170 169 292.4832
171 169 19018.6383
163 170 2123.5931
164 170 1526.9507
169 170 292.4832
169 171 19018.6383
172 171 9017.1326
317 171 572.0824
171 172 9017.1326
173 172 20441.5372
334 172 982.3183
172 173 20441.5372
174 173 22476.9611
317 173 963.3911
173 174 22476.9611
175 174 14100.3948
317 174 943.3962
322 174 415.4549
174 175 14100.3948
322 175 484.2615
328 175 6389.7764
334 176 5382.1313
336 176 216.263
338 176 4019.2926
69 177 188.3239
166 177 67.0241
178 177 237.6991
167 178 348.9184
177 178 237.6991
180 178 79.5545
339 178 173.7921
69 179 514.4033
180 179 892.0607
184 179 363.1082
178 180 79.5545
179 180 892.0607
357 180 1364.4426
68 181 2249.7188
182 181 9633.9114
186 181 1106.6844
181 182 9633.9114
183 182 7806.4012
185 182 2750.275
182 183 7806.4012
184 183 830.5648
187 183 14017.3816
344 183 224.6686
179 184 363.1082
183 184 830.5648
358 184 388.9537
182 185 2750.275
181 186 1106.6844
183 187 14017.3816
188 187 24968.789
345 187 627.7464
187 188 24968.789
189 188 16622.3404
194 188 1492.7601
359 188 148.4561
188 189 16622.3404
190 189 13147.5151
192 189 96.9932
346 189 444.6421
351 189 186.2544
189 190 13147.5151
191 190 4233.7003
193 190 2369.6682
190 191 4233.7003
192 191 4391.7435
193 191 4315.9258
189 192 96.9932
191 192 4391.7435
353 192 1267.2665
355 192 965.251
356 192 402.7386
190 193 2369.6682
191 193 4315.9258
352 193 242.1308
353 193 1094.4511
188 194 1492.7601
67 195 252.8445
196 195 1051.4142
342 195 149.9925
195 196 1051.4142
343 196 63.2111
344 196 3695.4915
340 197 129.9039
54 198 105.0531
199 198 50.6073
200 198 374.6722
201 198 871.0801
198 199 50.6073
198 200 374.6722
198 201 871.0801
360 201 127.3561
361 201 183.6547
362 201 1284.3565
55 202 168.8619
203 202 7385.5244
372 202 26.3852
202 203 7385.5244
204 203 8312.552
205 203 63.5728
203 204 8312.552
206 204 4260.7584
207 204 2496.8789
371 204 236.016
203 205 63.5728
204 206 4260.7584
207 206 15332.72
209 206 909.9181
204 207 2496.8789
206 207 15332.72
208 207 5149.3306
207 208 5149.3306
369 208 668.0027
370 208 413.2231
206 209 909.9181
367 209 94.697
368 209 783.6991
9 210 22.3314
211 210 509.4244
212 210 296.1208
210 211 509.4244
210 212 296.1208
46 213 19.0694
46 214 530.2227
215 214 566.8934
216 214 2125.8503
214 215 566.8934
229 215 150.9206
381 215 1408.0541
214 216 2125.8503
217 216 4025.7649
381 216 235.6268
216 217 4025.7649
218 217 2962.963
376 217 169.262
217 218 2962.963
374 218 4875.6704
376 218 205.7613
378 218 99.9001
36 219 123.5941
220 219 2149.6131
384 219 37.5375
219 220 2149.6131
387 220 558.6592
388 220 362.5816
389 220 1325.0298
40 221 4547.5216
222 221 16920.4738
226 221 106.849
221 222 16920.4738
223 222 3646.973
228 222 21340.1622
395 222 43.3839
222 223 3646.973
224 223 3536.0679
225 223 1702.9973
223 224 3536.0679
396 224 179.1152
398 224 7575.7576
223 225 1702.9973
221 226 106.849
384 226 74.4048
385 226 129.0989
386 226 110.1686
40 227 5906.6745
228 227 1757.7782
229 227 3990.423
222 228 21340.1622
227 228 1757.7782
229 228 3428.1796
231 228 2192.5016
383 228 232.9373
402 228 163.9882
42 229 812.3477
215 229 150.9206
227 229 3990.423
228 229 3428.1796
230 229 186.0465
229 230 186.0465
228 231 2192.5016
397 231 482.6255
401 231 567.8592
403 231 4638.2189
35 232 67.3854
233 232 2116.8501
391 232 91.9963
232 233 2116.8501
30 234 4260.7584
235 234 1804.7284
241 234 86.7303
234 235 1804.7284
236 235 3586.8006
242 235 211.5954
235 236 3586.8006
237 236 1183.8523
411 236 73.8552
236 237 1183.8523
238 237 4359.1979
413 237 355.2398
237 238 4359.1979
239 238 18142.2351
241 238 784.3137
238 239 18142.2351
240 239 8710.8014
392 239 241.371
415 239 9041.5913
239 240 8710.8014
417 240 520.2914
418 240 10206.1645
234 241 86.7303
238 241 784.3137
393 241 647.2492
394 241 1032.7378
30 242 251.6356
235 242 211.5954
407 242 4277.16
411 242 804.5052
29 243 80.3213
27 244 970.8738
257 244 61.5006
265 244 676.59
27 245 78.4314
13 246 592.4171
18 246 94.4287
247 246 4118.6161
26 247 604.9607
246 247 4118.6161
248 247 2680.2466
249 247 3030.303
247 248 2680.2466
249 248 6544.5026
253 248 3434.0659
254 248 4476.2757
247 249 3030.303
248 249 6544.5026
250 249 6108.7355
251 249 3272.2513
257 249 144.8646
249 250 6108.7355
259 250 8110.3001
262 250 867.3027
249 251 3272.2513
263 251 1269.1966
264 251 1425.1104
13 252 545.2563
253 252 2545.8248
255 252 90.8265
248 253 3434.0659
252 253 2545.8248
258 253 45.8716
248 254 4476.2757
252 255 90.8265
257 256 110.4606
244 257 61.5006
249 257 144.8646
256 257 110.4606
253 258 45.8716
250 259 8110.3001
260 259 2002.4029
261 259 1151.4105
259 260 2002.4029
259 261 1151.4105
250 262 867.3027
251 263 1269.1966
251 264 1425.1104
244 265 676.59
27 266 100.7963
25 267 369.4126
2 268 18.7512
109 269 152.8585
270 269 1947.799
271 269 431.2204
269 270 1947.799
110 271 876.4242
111 271 1629.7262
269 271 431.2204
272 271 595.5926
273 271 664.8936
274 271 705.7163
271 272 595.5926
271 273 664.8936
271 274 705.7163
111 275 4053.5063
276 275 303.4901
277 275 3909.3041
278 275 3988.8313
275 276 303.4901
275 277 3909.3041
275 278 3988.8313
279 278 7158.1961
280 278 5780.3468
278 279 7158.1961
278 280 5780.3468
282 281 15499.0701
285 281 1032.8445
287 281 437.6368
289 281 4426.7375
281 282 15499.0701
283 282 4559.9635
284 282 2219.2632
282 283 4559.9635
282 284 2219.2632
281 285 1032.8445
114 286 904.1591
287 286 224.8201
288 286 15506.28
292 286 377.9289
281 287 437.6368
286 287 224.8201
288 287 1897.8933
286 288 15506.28
287 288 1897.8933
289 288 181.653
116 289 7849.2936
281 289 4426.7375
288 289 181.653
113 290 107.6426
142 290 1062.4734
291 290 2408.4778
292 290 449.0346
290 291 2408.4778
292 291 872.6003
293 291 508.1301
294 291 166.9728
286 292 377.9289
290 292 449.0346
291 292 872.6003
142 293 9310.987
291 293 508.1301
295 293 5274.2616
291 294 166.9728
147 295 3853.5645
293 295 5274.2616
296 295 11613.0531
301 295 498.008
302 295 3958.8282
295 296 11613.0531
297 296 16270.7452
300 296 1310.1009
296 297 16270.7452
298 297 6711.4094
299 297 4970.1789
297 298 6711.4094
297 299 4970.1789
296 300 1310.1009
295 301 498.008
147 302 580.3831
295 302 3958.8282
303 302 1196.3153
148 303 899.2806
302 303 1196.3153
304 303 2160.2938
303 304 2160.2938
305 304 3216.4683
308 304 1051.6353
148 305 6963.7883
304 305 3216.4683
306 305 14249.0738
305 306 14249.0738
307 306 2052.5452
309 306 4368.72
310 306 6369.4268
306 307 2052.5452
304 308 1051.6353
139 309 11313.497
306 309 4368.72
312 309 612.7451
306 310 6369.4268
138 311 1356.668
312 311 4046.9446
313 311 2125.3985
139 312 868.8097
309 312 612.7451
311 312 4046.9446
129 313 1049.5382
138 313 2038.736
311 313 2125.3985
133 314 71.8391
80 315 31.3676
153 316 216.7317
162 316 1417.2336
163 316 4144.2188
171 317 572.0824
173 317 963.3911
174 317 943.3962
319 317 2128.5653
321 317 783.6991
164 318 4416.9611
319 318 4100.041
320 318 4319.6544
164 319 1268.5526
317 319 2128.5653
318 319 4100.041
320 319 720.4611
155 320 132.3802
318 320 4319.6544
319 320 720.4611
156 321 396.9829
317 321 783.6991
323 321 678.8866
174 322 415.4549
175 322 484.2615
323 322 1209.6286
321 323 678.8866
322 323 1209.6286
324 323 750.7508
156 324 10431.8798
323 324 750.7508
325 324 10188.487
324 325 10188.487
326 325 1216.2491
327 325 1054.2963
325 326 1216.2491
325 327 1054.2963
175 328 6389.7764
329 328 286.2869
330 328 11726.0788
328 329 286.2869
328 330 11726.0788
331 330 1875.8207
332 330 2495.01
333 330 2823.2637
330 331 1875.8207
330 332 2495.01
330 333 2823.2637
172 334 982.3183
176 334 5382.1313
335 334 308.3565
334 335 308.3565
176 336 216.263
338 337 105.1746
168 338 1977.8481
176 338 4019.2926
337 338 105.1746
178 339 173.7921
67 340 121.2268
197 340 129.9039
341 340 594.1771
6 341 52.7426
62 341 297.0003
340 341 594.1771
195 342 149.9925
196 343 63.2111
183 344 224.6686
196 344 3695.4915
345 344 9182.7365
348 344 242.8953
349 344 269.6872
187 345 627.7464
344 345 9182.7365
346 345 4551.6614
350 345 2510.0402
189 346 444.6421
345 346 4551.6614
347 346 5249.3438
346 347 5249.3438
344 348 242.8953
344 349 269.6872
345 350 2510.0402
189 351 186.2544
193 352 242.1308
192 353 1267.2665
193 353 1094.4511
354 353 128.9823
353 354 128.9823
192 355 965.251
192 356 402.7386
180 357 1364.4426
184 358 388.9537
188 359 148.4561
201 360 127.3561
201 361 183.6547
201 362 1284.3565
363 362 160.6942
364 362 1573.8118
362 363 160.6942
362 364 1573.8118
365 364 4595.5882
366 364 3718.8546
364 365 4595.5882
364 366 3718.8546
209 367 94.697
209 368 783.6991
208 369 668.0027
208 370 413.2231
204 371 236.016
202 372 26.3852
48 373 37.9219
218 374 4875.6704
375 374 1846.3811
377 374 208.4636
380 374 101.8849
374 375 1846.3811
217 376 169.262
218 376 205.7613
379 376 557.7245
374 377 208.4636
218 378 99.9001
376 379 557.7245
374 380 101.8849
215 381 1408.0541
216 381 235.6268
382 381 241.8965
381 382 241.8965
228 383 232.9373
40 384 133.1735
219 384 37.5375
226 384 74.4048
226 385 129.0989
226 386 110.1686
220 387 558.6592
36 388 81.4332
220 388 362.5816
389 388 10992.6349
220 389 1325.0298
388 389 10992.6349
390 389 2002.002
389 390 2002.002
232 391 91.9963
239 392 241.371
241 393 647.2492
241 394 1032.7378
222 395 43.3839
224 396 179.1152
231 397 482.6255
224 398 7575.7576
399 398 2217.7866
400 398 565.2911
398 399 2217.7866
398 400 565.2911
231 401 567.8592
228 402 163.9882
231 403 4638.2189
404 403 2571.3551
405 403 2367.4242
403 404 2571.3551
403 405 2367.4242
30 406 65.2742
242 407 4277.16
408 407 299.1325
409 407 332.1156
410 407 896.0573
407 408 299.1325
407 409 332.1156
407 410 896.0573
236 411 73.8552
242 411 804.5052
412 411 2485.0895
411 412 2485.0895
237 413 355.2398
414 413 451.06
415 413 329.8153
413 414 451.06
239 415 9041.5913
413 415 329.8153
416 415 161.6554
415 416 161.6554
240 417 520.2914
240 418 10206.1645
419 418 20794.3439
426 418 616.9031
418 419 20794.3439
420 419 35310.7345
425 419 1808.9725
419 420 35310.7345
421 420 38714.6729
424 420 2052.1239
420 421 38714.6729
422 421 5847.9532
423 421 8976.6607
421 422 5847.9532
421 423 8976.6607
420 424 2052.1239
419 425 1808.9725
418 426 616.9031
