2 1 6724.9496
3 1 5858.2308
4 1 6075.3341
5 1 6510.4167
6 1 6211.1801
7 1 4640.3712
8 1 469.7041
9 1 206.9536
13 1 2307.8698
15 1 2695.4178
18 1 449.4382
19 1 2566.0765
29 1 2130.3792
32 1 715.3076
33 1 3137.7471
37 1 2064.8358
46 1 3688.6758
47 1 2435.4603
48 1 1180.2195
53 1 2876.0426
54 1 474.6084
56 1 1532.0974
76 1 86.5052
78 1 841.7508
80 1 57.6701
1 2 6724.9496
12 2 5854.8009
102 2 154.7509
1 3 5858.2308
14 3 856.1644
15 3 5688.2821
1 4 6075.3341
24 4 2085.0709
29 4 2080.2996
1 5 6510.4167
31 5 1142.596
85 5 24.7036
1 6 6211.1801
32 6 3200.0
34 6 105.6636
1 7 4640.3712
38 7 215.7963
41 7 362.3188
45 7 848.1764
46 7 4278.9902
1 8 469.7041
88 8 211.9992
89 8 9157.5092
96 8 6671.1141
1 9 206.9536
10 9 2376.9907
87 9 809.0615
9 10 2376.9907
95 10 187.8287
96 10 9302.3256
101 11 1556.9049
102 11 4076.6408
103 11 3266.9062
2 12 5854.8009
1 13 2307.8698
3 14 856.1644
1 15 2695.4178
3 15 5688.2821
16 15 694.927
15 16 694.927
99 16 310.6555
107 16 114.3772
100 17 6821.2824
101 17 1611.3439
106 17 839.6306
1 18 449.4382
1 19 2566.0765
20 19 635.7279
21 19 11856.7702
23 19 668.0027
19 20 635.7279
83 20 104.6135
84 20 85.6898
19 21 11856.7702
22 21 1728.9073
110 21 47.3037
21 22 1728.9073
19 23 668.0027
24 23 1011.8385
26 23 156.128
4 24 2085.0709
23 24 1011.8385
25 24 1557.6324
24 25 1557.6324
23 26 156.128
27 26 105.3963
28 26 324.4646
26 27 105.3963
26 28 324.4646
1 29 2130.3792
4 29 2080.2996
30 29 82.1693
29 30 82.1693
111 30 54.9451
112 30 169.3193
5 31 1142.596
32 31 1018.3299
86 31 32.3625
1 32 715.3076
6 32 3200.0
31 32 1018.3299
1 33 3137.7471
35 33 43.7063
36 33 32.0102
113 33 32.5309
6 34 105.6636
33 35 43.7063
33 36 32.0102
1 37 2064.8358
7 38 215.7963
39 38 1212.5621
40 38 500.7511
119 38 87.3362
38 39 1212.5621
114 39 1477.9781
118 39 200.7629
38 40 500.7511
7 41 362.3188
42 41 8826.1253
71 41 117.6056
41 42 8826.1253
43 42 7855.4595
75 42 1115.449
126 42 237.2479
42 43 7855.4595
44 43 2523.3409
75 43 858.3691
43 44 2523.3409
120 44 281.3731
121 44 383.7299
122 44 2307.3373
7 45 848.1764
1 46 3688.6758
7 46 4278.9902
47 46 6361.3232
1 47 2435.4603
46 47 6361.3232
48 47 9199.632
1 48 1180.2195
47 48 9199.632
49 48 1071.352
48 49 1071.352
50 49 3212.3354
54 49 2500.0
49 50 3212.3354
51 50 558.9715
53 50 528.5412
61 50 2119.093
50 51 558.9715
57 51 7604.5627
143 51 245.098
59 52 3518.6488
135 52 3149.6063
140 52 157.928
1 53 2876.0426
50 53 528.5412
54 53 557.1031
55 53 173.1302
1 54 474.6084
49 54 2500.0
53 54 557.1031
53 55 173.1302
144 55 2773.1559
152 55 565.931
1 56 1532.0974
51 57 7604.5627
58 57 10781.6712
144 57 94.162
57 58 10781.6712
59 58 4553.7341
60 58 2977.9631
52 59 3518.6488
58 59 4553.7341
142 59 341.0641
58 60 2977.9631
50 61 2119.093
62 61 6997.9006
69 61 309.4059
61 62 6997.9006
63 62 5007.5113
68 62 454.7522
70 62 567.8592
62 63 5007.5113
64 63 11467.8899
73 63 810.3728
63 64 11467.8899
65 64 8764.2419
74 64 657.0302
64 65 8764.2419
66 65 6345.1777
71 65 835.4219
72 65 5081.3008
134 65 1102.779
65 66 6345.1777
67 66 16087.5161
129 66 117.3709
66 67 16087.5161
71 67 1170.686
125 67 8503.4014
130 67 165.92
62 68 454.7522
61 69 309.4059
62 70 567.8592
41 71 117.6056
65 71 835.4219
67 71 1170.686
65 72 5081.3008
63 73 810.3728
64 74 657.0302
42 75 1115.449
43 75 858.3691
127 75 450.2476
1 76 86.5052
77 76 51.1247
79 76 85.1064
76 77 51.1247
1 78 841.7508
76 79 85.1064
1 80 57.6701
81 80 285.144
82 80 130.7873
80 81 285.144
80 82 130.7873
20 83 104.6135
20 84 85.6898
5 85 24.7036
31 86 32.3625
9 87 809.0615
8 88 211.9992
89 88 223.914
91 88 201.7756
8 89 9157.5092
88 89 223.914
90 89 4882.8125
89 90 4882.8125
91 90 7451.5648
93 90 505.3057
88 91 201.7756
90 91 7451.5648
92 91 576.0369
94 91 357.3981
91 92 576.0369
90 93 505.3057
91 94 357.3981
10 95 187.8287
8 96 6671.1141
10 96 9302.3256
97 96 418.9359
98 96 634.5178
96 97 418.9359
96 98 634.5178
16 99 310.6555
100 99 2740.4768
102 99 176.616
17 100 6821.2824
99 100 2740.4768
101 100 565.6109
11 101 1556.9049
17 101 1611.3439
100 101 565.6109
2 102 154.7509
11 102 4076.6408
99 102 176.616
11 103 3266.9062
104 103 714.7963
105 103 448.4305
103 104 714.7963
103 105 448.4305
17 106 839.6306
16 107 114.3772
108 107 1408.4507
109 107 1002.2049
107 108 1408.4507
107 109 1002.2049
21 110 47.3037
30 111 54.9451
30 112 169.3193
33 113 32.5309
39 114 1477.9781
115 114 280.2691
116 114 175.162
117 114 190.295
114 115 280.2691
114 116 175.162
114 117 190.295
39 118 200.7629
38 119 87.3362
44 120 281.3731
44 121 383.7299
44 122 2307.3373
123 122 211.015
124 122 512.0328
122 123 211.015
122 124 512.0328
67 125 8503.4014
126 125 12316.7878
132 125 2566.7351
42 126 237.2479
125 126 12316.7878
127 126 2154.708
75 127 450.2476
126 127 2154.708
128 127 1949.6978
127 128 1949.6978
66 129 117.3709
67 130 165.92
132 131 522.7392
125 132 2566.7351
131 132 522.7392
133 132 765.6968
132 133 765.6968
65 134 1102.779
52 135 3149.6063
136 135 3897.1161
139 135 276.5487
135 136 3897.1161
137 136 245.5193
138 136 1146.3946
136 137 245.5193
136 138 1146.3946
135 139 276.5487
52 140 157.928
141 140 342.1143
144 140 157.7287
140 141 342.1143
59 142 341.0641
51 143 245.098
55 144 2773.1559
57 144 94.162
140 144 157.7287
145 144 3136.7629
151 144 152.6951
144 145 3136.7629
146 145 4926.1084
148 145 171.9986
150 145 398.7241
145 146 4926.1084
147 146 885.7396
149 146 245.2784
146 147 885.7396
145 148 171.9986
146 149 245.2784
145 150 398.7241
144 151 152.6951
55 152 565.931
153 152 101.3171
154 152 693.9625
152 153 101.3171
152 154 693.9625
